1 1 1 5 0.602
1 1 1 6 0.637
1 1 1 9 0.948
1 1 1 97 1.249
1 1 1 98 1.084
1 1 1 99 0.772
1 1 1 100 0.809
1 1 1 101 1.085
1 1 1 164 1.110
1 1 1 165 0.835
1 1 1 168 0.704
1 1 1 169 0.708
1 1 1 178 0.850
1 1 1 181 0.952
1 2 1 6 0.619
1 2 1 8 1.000
1 2 1 99 1.027
1 2 1 168 0.859
1 2 1 169 0.765
1 2 1 178 0.543
1 2 1 179 0.546
1 2 1 180 0.544
1 2 1 181 0.715
1 2 1 186 0.931
1 2 1 187 0.951
1 3 1 7 0.646
1 3 1 10 1.081
1 3 1 53 1.196
1 3 1 75 1.039
1 3 1 76 1.202
1 3 1 161 0.806
1 3 1 162 0.806
1 3 1 165 0.628
1 3 1 166 0.928
1 3 1 168 0.924
1 3 1 169 0.899
1 3 1 174 1.077
1 3 1 177 0.714
1 3 1 178 0.630
1 3 1 179 0.461
1 3 1 189 0.850
1 3 1 193 1.282
1 4 1 8 0.639
1 4 1 11 1.081
1 4 1 179 0.582
1 4 1 180 0.588
1 4 1 187 1.043
1 5 1 9 0.596
1 5 1 99 0.907
1 5 1 179 0.843
1 5 1 180 0.759
1 5 1 181 0.963
1 6 1 10 0.623
1 6 1 75 1.177
1 6 1 77 1.014
1 6 1 95 1.049
1 6 1 98 0.936
1 6 1 99 0.649
1 6 1 101 1.171
1 6 1 159 1.141
1 6 1 160 1.177
1 6 1 161 0.836
1 6 1 162 1.024
1 6 1 164 0.915
1 6 1 165 0.760
1 6 1 168 0.916
1 6 1 169 1.068
1 6 1 177 1.153
1 7 1 11 0.621
1 7 1 53 0.745
1 7 1 75 0.978
1 7 1 76 0.978
1 7 1 77 0.773
1 7 1 161 0.814
1 7 1 162 1.070
1 7 1 179 1.031
1 8 1 12 0.615
1 8 1 15 1.045
1 9 1 13 0.602
1 9 1 14 0.863
1 9 1 95 0.882
1 9 1 98 0.751
1 9 1 99 0.689
1 10 1 14 0.607
1 10 1 15 0.835
1 10 1 21 1.002
1 10 1 51 0.854
1 10 1 53 0.931
1 10 1 77 0.802
1 10 1 79 0.975
1 10 1 95 0.696
1 10 1 96 0.886
1 10 1 98 0.808
1 10 1 99 0.760
1 10 1 159 0.997
1 10 1 161 1.021
1 10 1 164 1.174
1 10 1 168 1.351
1 11 1 15 0.603
1 11 1 19 0.877
1 11 1 21 0.656
1 11 1 22 0.923
1 11 1 23 1.039
1 11 1 24 1.222
1 11 1 51 0.680
1 11 1 52 0.691
1 11 1 53 0.838
1 11 1 77 0.884
1 11 1 78 0.989
1 12 1 16 0.624
1 12 1 21 0.852
1 12 1 98 1.007
1 13 1 17 0.646
1 13 1 19 0.899
1 13 1 90 1.311
1 13 1 91 0.955
1 13 1 92 1.007
1 13 1 94 0.909
1 13 1 95 0.672
1 13 1 97 1.064
1 13 1 98 0.759
1 13 1 99 0.939
1 13 1 159 1.368
1 14 1 18 0.650
1 14 1 19 0.550
1 14 1 20 0.812
1 14 1 21 0.786
1 14 1 50 0.813
1 14 1 51 0.643
1 14 1 77 1.061
1 14 1 78 1.011
1 14 1 79 0.786
1 14 1 80 1.007
1 14 1 81 1.027
1 14 1 85 1.333
1 14 1 87 1.389
1 14 1 88 1.158
1 14 1 91 0.896
1 14 1 92 0.950
1 14 1 95 0.800
1 14 1 139 1.545
1 14 1 155 1.338
1 14 1 157 1.119
1 14 1 159 1.258
1 15 1 19 0.476
1 15 1 21 0.636
1 16 1 98 1.190
1 17 1 49 0.904
1 17 1 79 1.064
1 17 1 81 0.995
1 17 1 85 1.090
1 17 1 87 1.159
1 17 1 88 1.047
1 17 1 91 0.817
1 17 1 94 1.075
1 18 1 49 0.688
1 18 1 81 0.928
1 19 1 49 0.462
1 19 1 50 0.444
1 19 1 51 0.576
1 19 1 77 1.278
1 19 1 78 1.083
1 19 1 79 0.796
1 19 1 80 0.814
1 19 1 81 0.761
1 19 1 91 1.208
1 20 1 37 0.987
1 20 1 48 0.852
1 20 1 49 0.610
1 20 1 50 0.453
1 20 1 51 0.616
1 20 1 52 0.847
1 20 1 77 1.339
1 21 1 51 0.505
1 21 1 52 0.572
1 21 1 53 0.904
1 21 1 77 1.102
1 22 1 35 0.981
1 22 1 36 1.031
1 22 1 37 0.773
1 22 1 38 1.035
1 22 1 41 1.229
1 22 1 48 1.184
1 22 1 49 0.991
1 22 1 50 0.641
1 22 1 51 0.598
1 22 1 52 0.504
1 22 1 53 0.796
1 22 1 77 1.083
1 22 1 78 0.962
1 23 1 35 0.981
1 23 1 37 0.968
1 23 1 51 0.860
1 23 1 52 0.586
1 23 1 53 0.685
1 24 1 35 0.786
1 24 1 52 0.647
1 24 1 53 0.569
1 24 1 54 0.546
1 24 1 55 0.693
1 24 1 75 1.022
1 25 1 29 0.875
1 25 1 32 0.898
1 25 1 34 0.893
1 25 1 35 0.605
1 25 1 36 0.786
1 25 1 37 0.887
1 25 1 40 1.283
1 25 1 52 0.930
1 25 1 53 0.901
1 25 1 54 0.745
1 25 1 55 0.840
1 25 1 57 1.250
1 25 1 234 1.214
1 25 1 237 1.184
1 25 1 238 0.994
1 25 1 241 1.073
1 26 1 35 0.925
1 26 1 57 1.241
1 26 1 238 0.935
1 26 1 241 1.060
1 26 1 242 1.115
1 27 1 34 0.931
1 27 1 35 0.850
1 27 1 36 1.036
1 27 1 55 0.932
1 27 1 57 1.015
1 27 1 237 1.015
1 27 1 238 0.712
1 27 1 239 0.947
1 27 1 241 0.705
1 27 1 242 0.750
1 27 1 245 0.911
1 28 1 34 0.912
1 28 1 55 0.792
1 28 1 57 0.655
1 28 1 238 0.941
1 28 1 241 0.698
1 28 1 242 0.709
1 28 1 244 0.888
1 28 1 245 0.637
1 28 1 246 0.942
1 28 1 248 1.048
1 29 1 34 0.619
1 29 1 36 1.099
1 29 1 54 0.850
1 29 1 55 0.751
1 29 1 56 0.554
1 29 1 57 0.574
1 29 1 58 0.791
1 29 1 74 1.088
1 29 1 76 1.102
1 29 1 237 1.174
1 29 1 241 0.666
1 29 1 244 0.780
1 29 1 245 0.637
1 30 1 34 0.743
1 30 1 56 0.501
1 30 1 57 0.485
1 30 1 58 0.528
1 30 1 74 0.971
1 30 1 76 1.015
1 30 1 244 0.847
1 30 1 245 0.734
1 30 1 248 0.834
1 31 1 35 0.810
1 31 1 55 0.772
1 31 1 56 0.518
1 31 1 58 0.829
1 31 1 74 0.961
1 31 1 76 0.742
1 31 1 78 0.917
1 31 1 115 1.188
1 31 1 117 0.965
1 31 1 120 1.098
1 31 1 158 0.876
1 31 1 241 1.097
1 32 1 37 0.942
1 32 1 38 0.772
1 32 1 39 0.898
1 32 1 52 0.859
1 32 1 53 0.788
1 32 1 54 0.488
1 32 1 56 0.671
1 32 1 76 0.637
1 32 1 78 0.595
1 32 1 158 0.733
1 33 1 38 0.554
1 33 1 39 0.578
1 33 1 42 0.997
1 33 1 52 1.088
1 33 1 58 1.348
1 33 1 76 0.973
1 33 1 78 0.763
1 33 1 80 0.908
1 33 1 115 1.079
1 33 1 117 0.911
1 33 1 120 0.919
1 33 1 122 0.903
1 33 1 138 1.107
1 33 1 140 0.986
1 33 1 142 1.059
1 33 1 144 1.243
1 33 1 145 0.991
1 33 1 156 0.824
1 33 1 158 0.826
1 33 1 237 1.309
1 34 1 39 0.567
1 34 1 40 0.859
1 34 1 55 1.069
1 34 1 58 1.270
1 34 1 115 1.351
1 34 1 117 0.971
1 34 1 119 1.038
1 34 1 120 0.796
1 34 1 237 0.957
1 34 1 238 1.011
1 34 1 240 0.998
1 34 1 241 0.762
1 34 1 244 0.994
1 34 1 245 1.081
1 34 1 248 1.380
1 34 1 268 1.230
1 34 1 272 0.990
1 35 1 39 0.608
1 35 1 40 0.798
1 35 1 50 1.084
1 35 1 51 1.086
1 35 1 52 0.952
1 35 1 53 1.017
1 35 1 54 0.782
1 35 1 55 1.007
1 36 1 40 0.499
1 36 1 41 0.633
1 36 1 48 1.208
1 36 1 80 1.113
1 36 1 233 1.034
1 36 1 234 0.801
1 36 1 237 0.829
1 36 1 241 1.023
1 36 1 279 1.033
1 37 1 41 0.514
1 37 1 42 0.772
1 37 1 48 0.877
1 37 1 50 0.703
1 37 1 51 0.884
1 37 1 52 0.922
1 37 1 80 0.809
1 37 1 82 1.106
1 38 1 42 0.578
1 38 1 48 0.934
1 38 1 50 0.796
1 38 1 52 1.004
1 38 1 78 0.847
1 38 1 79 0.828
1 38 1 80 0.627
1 38 1 82 0.971
1 38 1 120 1.173
1 38 1 122 1.080
1 38 1 140 1.126
1 38 1 142 1.015
1 38 1 145 0.951
1 38 1 154 0.915
1 38 1 155 1.004
1 38 1 156 0.800
1 38 1 157 1.050
1 38 1 237 1.268
1 39 1 43 0.769
1 39 1 115 1.355
1 39 1 117 1.092
1 39 1 119 1.203
1 39 1 120 0.836
1 39 1 122 0.807
1 39 1 142 0.967
1 39 1 145 0.649
1 39 1 146 0.780
1 39 1 148 1.106
1 39 1 150 1.055
1 39 1 237 1.015
1 39 1 240 1.216
1 39 1 269 1.306
1 39 1 271 1.308
1 39 1 272 0.941
1 39 1 275 1.016
1 39 1 276 0.831
1 40 1 82 1.196
1 40 1 145 0.773
1 40 1 146 0.820
1 40 1 233 0.916
1 40 1 234 0.873
1 40 1 237 0.917
1 40 1 238 1.185
1 40 1 272 0.955
1 40 1 275 0.824
1 40 1 276 0.623
1 40 1 279 0.696
1 40 1 280 0.811
1 40 1 283 1.031
1 41 1 46 0.879
1 41 1 47 0.904
1 41 1 48 0.723
1 41 1 80 0.911
1 41 1 82 0.878
1 41 1 152 1.078
1 41 1 154 0.961
1 41 1 234 1.108
1 41 1 279 0.895
1 41 1 283 0.980
1 42 1 48 0.790
1 42 1 80 0.822
1 42 1 82 0.697
1 42 1 142 0.783
1 42 1 145 0.723
1 42 1 148 1.011
1 42 1 150 0.669
1 42 1 151 0.840
1 42 1 152 0.781
1 42 1 154 0.646
1 42 1 156 0.950
1 42 1 280 0.981
1 43 1 82 0.941
1 43 1 143 1.037
1 43 1 145 0.732
1 43 1 148 0.798
1 43 1 149 0.815
1 43 1 150 0.552
1 43 1 151 0.662
1 43 1 152 0.782
1 43 1 154 0.925
1 43 1 275 1.118
1 43 1 276 0.765
1 43 1 277 0.922
1 43 1 279 0.814
1 43 1 280 0.630
1 43 1 283 0.883
1 43 1 287 1.378
1 44 1 82 0.984
1 44 1 148 1.007
1 44 1 149 0.966
1 44 1 150 0.692
1 44 1 151 0.567
1 44 1 152 0.736
1 44 1 280 0.622
1 44 1 283 0.708
1 44 1 284 0.789
1 44 1 287 1.060
1 45 1 82 0.886
1 45 1 83 0.892
1 45 1 151 0.565
1 45 1 152 0.620
1 45 1 280 0.977
1 45 1 283 0.927
1 45 1 284 0.931
1 45 1 287 1.036
1 46 1 82 0.817
1 46 1 152 0.851
1 46 1 283 0.914
1 46 1 284 1.015
1 46 1 287 0.965
1 47 1 81 0.793
1 47 1 82 0.523
1 47 1 83 0.620
1 47 1 152 0.811
1 48 1 52 1.344
1 48 1 80 0.765
1 48 1 81 0.600
1 48 1 82 0.503
1 48 1 152 1.006
1 48 1 154 0.868
1 49 1 79 0.767
1 49 1 80 0.564
1 49 1 81 0.434
1 49 1 82 0.606
1 49 1 83 0.848
1 50 1 77 1.082
1 50 1 78 0.809
1 50 1 79 0.581
1 50 1 80 0.533
1 50 1 81 0.655
1 51 1 77 0.740
1 51 1 78 0.556
1 51 1 79 0.434
1 51 1 81 0.866
1 52 1 76 0.851
1 52 1 77 0.581
1 52 1 78 0.536
1 52 1 79 0.670
1 52 1 80 0.919
1 52 1 156 1.167
1 52 1 161 1.180
1 53 1 74 1.043
1 53 1 75 0.682
1 53 1 76 0.596
1 53 1 77 0.455
1 53 1 161 0.918
1 53 1 179 1.471
1 54 1 74 0.860
1 54 1 75 0.573
1 54 1 76 0.490
1 54 1 78 0.644
1 54 1 158 0.923
1 54 1 161 0.983
1 55 1 73 0.729
1 55 1 74 0.600
1 55 1 75 0.466
1 55 1 193 1.226
1 55 1 241 1.362
1 56 1 71 0.981
1 56 1 72 0.824
1 56 1 73 0.564
1 56 1 74 0.544
1 56 1 75 0.578
1 56 1 76 0.675
1 56 1 162 1.175
1 57 1 72 0.584
1 57 1 73 0.451
1 57 1 74 0.681
1 57 1 200 0.984
1 57 1 204 1.103
1 57 1 245 0.818
1 57 1 248 0.895
1 57 1 249 0.986
1 58 1 62 0.722
1 58 1 70 1.020
1 58 1 71 0.792
1 58 1 72 0.489
1 58 1 74 0.861
1 58 1 76 1.221
1 58 1 115 1.682
1 58 1 135 1.758
1 58 1 158 1.550
1 58 1 163 1.618
1 58 1 201 1.007
1 58 1 248 0.701
1 59 1 63 0.951
1 59 1 72 0.509
1 59 1 197 0.982
1 59 1 200 0.766
1 59 1 201 0.706
1 59 1 204 0.603
1 59 1 205 0.818
1 59 1 208 1.100
1 59 1 245 0.868
1 59 1 248 0.620
1 59 1 249 0.591
1 59 1 252 0.562
1 60 1 70 1.038
1 60 1 205 0.804
1 60 1 247 1.081
1 60 1 248 0.720
1 60 1 251 0.707
1 60 1 252 0.448
1 60 1 261 1.342
1 61 1 67 1.012
1 61 1 70 0.654
1 61 1 71 0.566
1 61 1 72 0.446
1 61 1 74 1.019
1 61 1 197 1.005
1 62 1 70 0.715
1 62 1 72 0.366
1 62 1 197 0.671
1 62 1 200 0.736
1 62 1 201 0.492
1 62 1 204 0.807
1 62 1 205 0.856
1 63 1 67 0.573
1 63 1 70 0.677
1 63 1 71 0.608
1 63 1 72 0.687
1 63 1 175 1.248
1 63 1 197 0.721
1 63 1 201 0.626
1 63 1 205 1.004
1 64 1 194 0.809
1 64 1 195 0.839
1 64 1 197 0.569
1 64 1 198 0.390
1 64 1 200 0.781
1 64 1 201 0.525
1 64 1 202 0.693
1 64 1 205 0.998
1 64 1 206 1.161
1 65 1 70 0.909
1 65 1 71 0.775
1 65 1 173 1.094
1 65 1 175 0.846
1 65 1 190 0.856
1 65 1 193 0.829
1 65 1 194 0.516
1 65 1 197 0.537
1 66 1 70 0.890
1 66 1 173 0.989
1 66 1 194 0.851
1 66 1 197 0.902
1 66 1 198 0.828
1 67 1 71 0.733
1 67 1 173 0.821
1 67 1 174 0.856
1 67 1 175 0.921
1 67 1 197 1.010
1 68 1 162 1.046
1 68 1 163 1.042
1 68 1 166 1.028
1 68 1 172 0.720
1 68 1 173 0.449
1 68 1 174 0.544
1 68 1 175 0.696
1 69 1 74 1.047
1 69 1 134 1.066
1 69 1 162 0.844
1 69 1 163 0.779
1 69 1 166 0.950
1 69 1 172 0.828
1 69 1 173 0.657
1 69 1 174 0.608
1 70 1 74 0.892
1 70 1 163 0.994
1 70 1 174 0.854
1 70 1 175 1.075
1 70 1 197 1.015
1 71 1 162 0.983
1 71 1 166 1.394
1 71 1 173 1.146
1 71 1 174 0.909
1 71 1 175 1.040
1 71 1 189 1.189
1 71 1 193 0.969
1 71 1 194 0.958
1 71 1 197 0.693
1 72 1 196 0.955
1 72 1 197 0.654
1 72 1 200 0.758
1 72 1 201 0.697
1 72 1 204 0.931
1 72 1 245 1.241
1 73 1 162 1.074
1 73 1 175 1.273
1 73 1 189 1.212
1 73 1 193 0.864
1 73 1 196 0.868
1 73 1 197 0.687
1 73 1 200 0.854
1 73 1 204 1.162
1 74 1 159 1.119
1 74 1 160 0.845
1 74 1 161 0.806
1 74 1 162 0.730
1 74 1 163 1.015
1 74 1 174 1.010
1 74 1 189 1.053
1 74 1 193 0.894
1 74 1 197 0.937
1 75 1 159 0.850
1 75 1 160 0.678
1 75 1 161 0.580
1 75 1 162 0.692
1 75 1 179 1.226
1 75 1 189 1.163
1 75 1 192 1.266
1 75 1 193 1.127
1 76 1 115 1.541
1 76 1 135 1.298
1 76 1 138 1.033
1 76 1 156 1.200
1 76 1 157 0.971
1 76 1 158 0.631
1 76 1 159 0.540
1 76 1 160 0.513
1 76 1 161 0.558
1 77 1 95 1.171
1 77 1 157 0.802
1 77 1 158 0.587
1 77 1 159 0.495
1 77 1 161 0.650
1 77 1 164 1.062
1 78 1 139 1.022
1 78 1 140 1.102
1 78 1 156 0.723
1 78 1 157 0.586
1 78 1 158 0.485
1 78 1 159 0.642
1 79 1 88 1.062
1 79 1 91 1.109
1 79 1 92 0.980
1 79 1 142 1.265
1 79 1 154 0.997
1 79 1 155 0.793
1 79 1 156 0.558
1 79 1 157 0.499
1 79 1 159 0.844
1 80 1 140 0.927
1 80 1 141 0.965
1 80 1 142 0.997
1 80 1 145 1.320
1 80 1 154 0.657
1 80 1 155 0.570
1 80 1 156 0.448
1 81 1 85 0.732
1 81 1 87 1.147
1 81 1 88 0.883
1 81 1 91 1.130
1 81 1 152 1.005
1 81 1 153 0.886
1 81 1 154 0.548
1 81 1 155 0.529
1 81 1 157 0.878
1 82 1 150 0.994
1 82 1 151 0.971
1 82 1 152 0.649
1 82 1 153 0.640
1 82 1 154 0.419
1 82 1 279 1.670
1 82 1 283 1.544
1 83 1 152 0.543
1 83 1 153 0.544
1 83 1 154 0.489
1 84 1 88 0.702
1 84 1 139 1.104
1 84 1 140 1.001
1 84 1 141 0.758
1 84 1 153 0.605
1 84 1 154 0.481
1 84 1 155 0.468
1 85 1 89 0.904
1 85 1 91 0.923
1 85 1 141 1.076
1 85 1 155 0.762
1 86 1 90 0.901
1 86 1 141 1.174
1 87 1 91 0.639
1 87 1 94 1.076
1 88 1 92 0.624
1 88 1 110 1.266
1 88 1 139 0.960
1 88 1 140 1.112
1 88 1 141 1.062
1 88 1 155 0.758
1 88 1 156 0.956
1 88 1 157 0.912
1 88 1 159 1.392
1 89 1 93 0.624
1 89 1 110 0.932
1 89 1 127 1.012
1 89 1 129 1.006
1 89 1 139 0.894
1 89 1 141 1.181
1 89 1 157 0.952
1 90 1 94 0.614
1 90 1 97 1.055
1 90 1 103 1.173
1 91 1 95 0.621
1 91 1 157 1.051
1 91 1 159 1.328
1 92 1 96 0.661
1 92 1 99 1.091
1 92 1 101 1.187
1 92 1 103 1.154
1 92 1 108 1.158
1 92 1 109 1.255
1 92 1 110 1.151
1 92 1 129 1.011
1 92 1 130 1.275
1 92 1 131 1.287
1 92 1 136 1.186
1 92 1 137 0.966
1 92 1 139 0.974
1 92 1 157 0.811
1 92 1 158 1.046
1 92 1 159 0.987
1 92 1 164 1.306
1 93 1 97 0.645
1 93 1 101 0.920
1 93 1 103 0.786
1 93 1 108 0.917
1 93 1 109 1.096
1 93 1 110 1.099
1 93 1 129 1.018
1 93 1 139 1.223
1 94 1 98 0.610
1 94 1 103 0.922
1 95 1 99 0.648
1 95 1 101 0.910
1 95 1 137 1.180
1 95 1 159 1.062
1 95 1 164 1.167
1 96 1 100 0.663
1 96 1 101 0.566
1 96 1 103 0.792
1 96 1 106 1.093
1 96 1 108 1.050
1 96 1 110 1.397
1 96 1 129 1.149
1 96 1 130 1.230
1 96 1 131 1.049
1 96 1 136 1.076
1 96 1 137 1.072
1 96 1 159 1.028
1 96 1 164 0.900
1 96 1 168 0.988
1 97 1 101 0.477
1 97 1 102 0.631
1 97 1 103 0.692
1 97 1 104 1.027
1 99 1 159 1.231
1 99 1 161 1.130
1 99 1 164 0.928
1 99 1 168 0.786
1 100 1 105 1.143
1 100 1 106 1.160
1 100 1 167 1.033
1 100 1 168 0.734
1 101 1 106 0.783
1 101 1 108 1.059
1 101 1 131 1.028
1 101 1 132 1.173
1 101 1 136 1.287
1 101 1 159 1.438
1 101 1 163 1.322
1 101 1 164 0.974
1 101 1 167 0.886
1 101 1 168 0.723
1 102 1 106 0.671
1 102 1 108 1.042
1 102 1 131 1.140
1 103 1 108 0.716
1 103 1 131 0.942
1 105 1 132 0.950
1 106 1 130 0.987
1 106 1 131 0.665
1 106 1 132 0.605
1 106 1 167 1.003
1 106 1 168 1.133
1 106 1 170 1.277
1 107 1 130 0.772
1 107 1 131 0.569
1 107 1 132 0.496
1 107 1 133 0.754
1 107 1 134 0.986
1 108 1 128 1.037
1 108 1 129 0.695
1 108 1 130 0.569
1 108 1 131 0.482
1 108 1 132 0.665
1 108 1 136 0.982
1 109 1 127 0.903
1 109 1 128 0.805
1 109 1 129 0.565
1 109 1 130 0.510
1 109 1 132 0.851
1 109 1 133 0.860
1 110 1 127 0.559
1 110 1 128 0.589
1 110 1 129 0.478
1 110 1 130 0.654
1 110 1 137 0.955
1 110 1 139 0.914
1 110 1 141 1.388
1 111 1 126 0.842
1 111 1 127 0.516
1 111 1 128 0.517
1 111 1 130 0.731
1 111 1 135 0.927
1 112 1 125 0.823
1 112 1 126 0.604
1 112 1 127 0.443
1 112 1 128 0.640
1 112 1 130 1.071
1 113 1 124 0.927
1 113 1 126 0.539
1 113 1 127 0.484
1 113 1 128 0.589
1 113 1 135 1.123
1 113 1 138 0.854
1 113 1 139 0.860
1 113 1 140 0.892
1 114 1 123 0.742
1 114 1 124 0.592
1 114 1 125 0.472
1 114 1 126 0.500
1 114 1 127 0.683
1 114 1 128 0.848
1 114 1 139 0.865
1 114 1 140 0.730
1 114 1 143 1.054
1 115 1 120 1.173
1 115 1 122 0.837
1 115 1 123 0.555
1 115 1 124 0.550
1 115 1 125 0.656
1 115 1 126 0.658
1 115 1 127 0.834
1 115 1 128 0.902
1 115 1 135 1.351
1 115 1 138 0.804
1 115 1 139 0.810
1 115 1 140 0.627
1 115 1 141 0.872
1 115 1 142 0.879
1 115 1 144 1.088
1 115 1 145 1.161
1 115 1 156 1.039
1 115 1 158 1.090
1 116 1 121 0.708
1 116 1 122 0.593
1 116 1 123 0.422
1 116 1 144 0.953
1 116 1 269 1.253
1 117 1 121 0.531
1 117 1 122 0.532
1 117 1 123 0.623
1 117 1 265 1.013
1 118 1 261 1.200
1 118 1 265 0.735
1 118 1 266 0.853
1 118 1 269 0.709
1 119 1 240 0.999
1 119 1 244 0.779
1 119 1 247 1.043
1 119 1 248 1.111
1 119 1 264 0.869
1 119 1 265 0.529
1 119 1 266 0.690
1 119 1 268 0.557
1 119 1 269 0.459
1 119 1 272 0.736
1 119 1 273 0.926
1 120 1 142 1.218
1 120 1 144 0.964
1 120 1 145 0.690
1 120 1 146 0.552
1 120 1 237 1.083
1 120 1 240 0.946
1 120 1 241 0.969
1 120 1 244 0.916
1 120 1 268 0.724
1 120 1 269 0.560
1 120 1 272 0.547
1 120 1 273 0.729
1 121 1 144 0.744
1 121 1 145 0.616
1 121 1 146 0.536
1 121 1 147 0.551
1 121 1 148 0.879
1 121 1 265 0.970
1 121 1 269 0.631
1 122 1 140 1.009
1 122 1 142 0.738
1 122 1 144 0.518
1 122 1 145 0.399
1 122 1 146 0.569
1 122 1 148 0.836
1 122 1 156 1.187
1 123 1 141 0.812
1 123 1 142 0.588
1 123 1 143 0.609
1 123 1 144 0.551
1 123 1 145 0.663
1 123 1 147 0.891
1 123 1 149 0.971
1 123 1 150 1.037
1 123 1 269 1.274
1 124 1 138 1.080
1 124 1 139 0.873
1 124 1 140 0.521
1 124 1 141 0.481
1 124 1 142 0.411
1 124 1 143 0.496
1 125 1 138 1.045
1 125 1 139 0.802
1 125 1 140 0.571
1 125 1 141 0.510
1 125 1 142 0.677
1 125 1 143 0.728
1 125 1 153 1.009
1 126 1 138 0.731
1 126 1 139 0.498
1 126 1 140 0.462
1 126 1 141 0.590
1 127 1 135 0.997
1 127 1 137 0.838
1 127 1 138 0.600
1 127 1 139 0.508
1 127 1 141 0.919
1 128 1 135 0.629
1 128 1 136 0.768
1 128 1 137 0.599
1 128 1 138 0.468
1 128 1 139 0.628
1 129 1 134 0.832
1 129 1 135 0.562
1 129 1 136 0.595
1 129 1 137 0.504
1 129 1 138 0.609
1 129 1 139 0.755
1 129 1 157 0.993
1 130 1 134 0.514
1 130 1 135 0.412
1 130 1 136 0.574
1 130 1 137 0.716
1 130 1 163 1.050
1 131 1 136 0.633
1 131 1 137 0.881
1 131 1 163 0.935
1 131 1 164 0.852
1 131 1 167 0.874
1 132 1 167 0.900
1 134 1 163 0.803
1 134 1 164 0.953
1 134 1 166 1.093
1 134 1 167 0.998
1 134 1 171 1.369
1 135 1 158 1.095
1 135 1 160 0.824
1 135 1 163 0.812
1 135 1 167 1.172
1 136 1 158 0.859
1 136 1 159 0.621
1 136 1 160 0.520
1 136 1 161 0.774
1 136 1 163 0.589
1 136 1 164 0.614
1 136 1 167 0.982
1 137 1 156 1.025
1 137 1 157 0.693
1 137 1 158 0.541
1 137 1 159 0.443
1 137 1 160 0.570
1 137 1 161 0.873
1 137 1 163 0.907
1 137 1 164 0.870
1 138 1 156 0.798
1 138 1 157 0.584
1 138 1 158 0.502
1 139 1 155 0.705
1 139 1 156 0.572
1 139 1 157 0.478
1 139 1 158 0.648
1 139 1 159 0.892
1 140 1 144 1.070
1 140 1 154 0.793
1 140 1 155 0.581
1 140 1 156 0.491
1 140 1 158 0.821
1 141 1 153 0.612
1 141 1 154 0.561
1 141 1 155 0.474
1 141 1 156 0.630
1 141 1 157 0.899
1 142 1 148 1.042
1 142 1 150 0.699
1 142 1 152 0.863
1 142 1 153 0.560
1 142 1 154 0.556
1 142 1 156 0.745
1 143 1 148 0.849
1 143 1 149 0.581
1 143 1 150 0.581
1 143 1 153 0.636
1 143 1 154 0.823
1 144 1 148 0.530
1 144 1 149 0.431
1 144 1 150 0.544
1 144 1 269 1.287
1 144 1 273 1.059
1 145 1 150 0.676
1 145 1 154 1.052
1 145 1 272 0.876
1 145 1 273 0.803
1 145 1 276 0.752
1 145 1 277 1.002
1 145 1 280 1.092
1 146 1 269 0.755
1 146 1 272 0.543
1 146 1 273 0.422
1 146 1 276 0.530
1 146 1 277 0.766
1 147 1 269 0.841
1 147 1 273 0.572
1 147 1 277 0.879
1 148 1 272 1.042
1 148 1 273 0.760
1 148 1 276 0.750
1 148 1 277 0.764
1 148 1 280 0.925
1 149 1 280 1.109
1 150 1 154 0.810
1 150 1 280 1.018
1 151 1 280 1.042
1 151 1 284 1.229
1 159 1 164 0.784
1 160 1 164 0.634
1 160 1 165 0.872
1 161 1 165 0.600
1 161 1 168 1.035
1 161 1 177 1.079
1 161 1 179 1.143
1 161 1 189 1.196
1 162 1 166 0.616
1 162 1 171 1.055
1 162 1 174 0.643
1 162 1 177 0.799
1 162 1 179 1.018
1 162 1 189 0.933
1 163 1 167 0.675
1 163 1 168 0.893
1 163 1 174 0.767
1 164 1 168 0.631
1 165 1 169 0.596
1 165 1 171 0.841
1 165 1 177 0.687
1 165 1 178 0.874
1 165 1 189 1.058
1 166 1 170 0.570
1 166 1 171 0.506
1 166 1 172 0.648
1 166 1 173 0.717
1 166 1 174 0.646
1 166 1 177 0.635
1 167 1 171 0.663
1 167 1 172 0.820
1 169 1 173 1.037
1 169 1 176 0.901
1 169 1 177 0.681
1 169 1 178 0.774
1 169 1 186 1.285
1 171 1 176 0.650
1 171 1 177 0.678
1 171 1 178 0.955
1 171 1 188 1.161
1 172 1 176 0.784
1 173 1 177 0.729
1 173 1 194 1.164
1 174 1 188 0.920
1 174 1 189 0.690
1 174 1 193 0.992
1 175 1 188 0.661
1 175 1 189 0.483
1 175 1 190 0.441
1 175 1 193 0.795
1 175 1 194 0.698
1 175 1 197 1.068
1 175 1 198 1.241
1 176 1 186 1.032
1 176 1 187 0.948
1 176 1 188 0.590
1 176 1 190 0.658
1 177 1 186 0.968
1 177 1 187 0.871
1 177 1 188 0.560
1 177 1 189 0.540
1 177 1 190 0.785
1 178 1 185 1.000
1 178 1 186 0.629
1 178 1 187 0.592
1 178 1 188 0.442
1 179 1 187 0.552
1 179 1 188 0.505
1 179 1 189 0.543
1 179 1 192 0.802
1 179 1 193 1.022
1 180 1 185 0.850
1 180 1 186 0.600
1 180 1 187 0.533
1 180 1 188 0.714
1 180 1 192 1.025
1 181 1 185 0.557
1 181 1 186 0.446
1 181 1 187 0.621
1 182 1 187 0.857
1 186 1 191 0.968
1 187 1 191 0.633
1 187 1 192 0.769
1 188 1 192 0.683
1 188 1 193 0.886
1 189 1 193 0.586
1 189 1 194 0.719
1 189 1 196 1.092
1 189 1 197 1.093
1 190 1 194 0.467
1 190 1 195 0.769
1 191 1 195 0.777
1 191 1 196 0.969
1 192 1 196 0.792
1 193 1 197 0.598
1 193 1 200 1.031
1 194 1 198 0.638
1 195 1 199 0.626
1 195 1 200 0.860
1 196 1 200 0.589
1 196 1 201 0.826
1 197 1 201 0.593
1 197 1 204 1.036
1 197 1 205 1.196
1 198 1 202 0.622
1 198 1 203 0.859
1 198 1 206 1.171
1 199 1 203 0.603
1 199 1 207 0.988
1 200 1 204 0.589
1 200 1 245 1.343
1 200 1 249 1.031
1 201 1 205 0.605
1 201 1 206 0.814
1 201 1 252 0.906
1 202 1 206 0.553
1 202 1 207 0.654
1 202 1 208 0.861
1 203 1 207 0.460
1 203 1 208 0.541
1 203 1 209 0.916
1 203 1 212 1.332
1 203 1 213 1.228
1 203 1 216 1.616
1 203 1 245 1.403
1 203 1 249 0.922
1 203 1 253 0.868
1 204 1 208 0.565
1 204 1 213 1.090
1 204 1 245 1.141
1 204 1 248 0.911
1 204 1 249 0.599
1 204 1 252 0.590
1 204 1 253 0.572
1 205 1 249 0.837
1 205 1 252 0.583
1 205 1 253 0.467
1 206 1 253 0.672
1 207 1 212 1.146
1 207 1 253 0.836
1 208 1 212 0.826
1 208 1 213 0.767
1 208 1 246 1.046
1 208 1 249 0.775
1 208 1 250 0.835
1 208 1 252 0.945
1 208 1 253 0.699
1 208 1 255 0.996
1 209 1 213 0.619
1 209 1 215 1.016
1 209 1 216 1.061
1 209 1 250 0.892
1 210 1 214 0.611
1 210 1 249 0.885
1 210 1 250 0.670
1 210 1 253 0.764
1 210 1 255 0.662
1 210 1 256 0.919
1 210 1 260 1.327
1 211 1 215 0.631
1 212 1 216 0.611
1 212 1 246 0.981
1 213 1 217 0.617
1 213 1 243 0.953
1 213 1 245 0.996
1 213 1 246 0.618
1 213 1 247 0.803
1 213 1 249 0.758
1 213 1 250 0.673
1 213 1 253 0.995
1 213 1 255 0.986
1 213 1 264 1.237
1 214 1 218 0.630
1 214 1 219 0.861
1 214 1 246 0.796
1 214 1 250 0.781
1 214 1 255 0.976
1 214 1 256 1.001
1 214 1 260 1.135
1 214 1 264 1.047
1 215 1 219 0.605
1 215 1 222 1.061
1 216 1 220 0.608
1 216 1 221 0.845
1 216 1 242 0.835
1 216 1 243 0.752
1 216 1 245 1.019
1 216 1 246 0.704
1 216 1 249 1.088
1 216 1 250 1.062
1 217 1 221 0.601
1 217 1 239 0.911
1 217 1 240 0.941
1 217 1 242 0.747
1 217 1 243 0.496
1 217 1 246 0.586
1 217 1 247 0.696
1 217 1 250 0.937
1 217 1 263 1.202
1 217 1 264 0.892
1 217 1 267 1.004
1 217 1 268 0.979
1 217 1 271 1.205
1 218 1 222 0.613
1 218 1 223 0.855
1 218 1 264 0.995
1 218 1 267 0.994
1 219 1 223 0.605
1 219 1 224 0.847
1 219 1 239 0.877
1 220 1 224 0.594
1 220 1 236 0.908
1 220 1 238 0.880
1 220 1 239 0.504
1 220 1 242 0.639
1 220 1 243 0.549
1 220 1 246 0.905
1 220 1 271 1.004
1 221 1 225 0.654
1 221 1 228 1.082
1 221 1 239 0.685
1 221 1 243 0.617
1 221 1 263 1.233
1 221 1 264 0.990
1 221 1 266 1.152
1 221 1 267 0.772
1 221 1 268 0.787
1 221 1 270 0.971
1 221 1 271 0.753
1 221 1 274 1.187
1 222 1 226 0.626
1 222 1 229 1.090
1 223 1 227 0.619
1 223 1 228 0.853
1 223 1 235 0.966
1 223 1 236 0.747
1 223 1 239 0.687
1 224 1 228 0.620
1 224 1 232 0.945
1 224 1 233 0.890
1 224 1 235 0.778
1 224 1 236 0.450
1 224 1 237 0.698
1 224 1 239 0.518
1 224 1 240 0.623
1 224 1 243 0.892
1 224 1 271 0.704
1 224 1 274 0.942
1 224 1 275 0.862
1 225 1 229 0.634
1 225 1 267 1.076
1 225 1 270 0.960
1 225 1 271 0.729
1 225 1 274 0.852
1 226 1 230 0.700
1 226 1 232 0.949
1 227 1 231 0.682
1 227 1 232 0.587
1 227 1 235 0.705
1 227 1 236 0.535
1 227 1 238 1.032
1 227 1 239 0.914
1 227 1 278 1.050
1 228 1 232 0.558
1 228 1 233 0.618
1 228 1 236 0.594
1 228 1 237 0.893
1 228 1 240 1.061
1 228 1 270 1.135
1 228 1 271 0.876
1 228 1 274 0.722
1 228 1 275 0.698
1 228 1 278 0.729
1 228 1 281 1.183
1 230 1 235 1.034
1 230 1 282 1.167
1 231 1 236 0.889
1 231 1 278 0.606
1 231 1 281 0.887
1 231 1 282 0.797
1 231 1 285 1.168
1 232 1 236 0.630
1 232 1 275 0.814
1 232 1 282 0.848
1 233 1 237 0.599
1 233 1 274 0.794
1 233 1 275 0.484
1 233 1 278 0.546
1 233 1 279 0.515
1 233 1 282 0.822
1 234 1 238 0.677
1 234 1 241 1.078
1 234 1 275 0.736
1 234 1 279 0.737
1 234 1 282 1.033
1 235 1 239 0.703
1 235 1 242 1.117
1 235 1 282 1.319
1 236 1 240 0.642
1 236 1 271 0.822
1 236 1 275 0.651
1 236 1 278 0.962
1 237 1 241 0.619
1 237 1 244 1.032
1 237 1 268 1.034
1 237 1 271 0.773
1 237 1 272 0.707
1 237 1 275 0.586
1 237 1 276 0.862
1 237 1 279 0.953
1 238 1 242 0.630
1 239 1 243 0.608
1 239 1 268 0.989
1 239 1 271 0.876
1 240 1 244 0.621
1 240 1 267 0.940
1 240 1 268 0.652
1 240 1 271 0.590
1 240 1 272 0.639
1 240 1 275 0.815
1 240 1 276 1.096
1 241 1 245 0.612
1 241 1 272 0.860
1 242 1 246 0.604
1 242 1 247 0.847
1 243 1 247 0.612
1 243 1 250 1.050
1 243 1 264 0.872
1 243 1 267 0.891
1 243 1 268 0.680
1 243 1 271 0.907
1 244 1 248 0.645
1 244 1 264 0.837
1 244 1 268 0.623
1 244 1 271 0.970
1 244 1 272 0.955
1 245 1 249 0.642
1 246 1 250 0.629
1 246 1 256 1.182
1 246 1 264 0.992
1 247 1 251 0.618
1 247 1 256 0.913
1 247 1 257 1.202
1 247 1 260 1.012
1 247 1 261 0.815
1 247 1 264 0.679
1 247 1 265 0.820
1 247 1 268 0.883
1 248 1 252 0.609
1 248 1 256 1.025
1 248 1 261 0.960
1 248 1 268 1.127
1 249 1 253 0.608
1 249 1 255 0.901
1 250 1 254 0.655
1 250 1 255 0.561
1 250 1 256 0.642
1 250 1 260 1.020
1 250 1 264 0.993
1 251 1 255 0.632
1 251 1 256 0.607
1 251 1 257 0.867
1 251 1 258 0.953
1 251 1 261 0.741
1 251 1 264 0.998
1 251 1 265 1.098
1 254 1 260 1.128
1 255 1 260 0.944
1 255 1 264 1.238
1 256 1 260 0.571
1 256 1 261 0.613
1 256 1 264 0.945
1 256 1 265 1.177
1 257 1 261 0.612
1 258 1 262 0.645
1 258 1 265 1.069
1 259 1 263 0.650
1 259 1 266 1.086
1 260 1 264 0.623
1 260 1 265 0.860
1 261 1 265 0.625
1 261 1 268 1.075
1 262 1 266 0.621
1 263 1 267 0.623
1 263 1 270 1.061
1 264 1 268 0.620
1 264 1 269 0.844
1 265 1 269 0.600
1 266 1 270 0.617
1 267 1 271 0.642
1 267 1 272 0.872
1 268 1 272 0.606
1 269 1 273 0.606
1 270 1 274 0.620
1 271 1 275 0.610
1 272 1 276 0.621
1 273 1 277 0.617
1 274 1 278 0.613
1 274 1 279 0.835
1 275 1 279 0.596
1 276 1 280 0.605
1 277 1 281 0.615
1 278 1 282 0.612
1 279 1 283 0.629
1 280 1 284 0.648
1 280 1 287 1.118
1 281 1 285 0.645
1 282 1 286 0.636
1 283 1 287 0.666
