0.29034468797462837
-0.40260545266865
-0.7720752874492407
1.1670660701934967
-0.7240724961203199
-0.4154024503470598
0.33714531282896104
-1.3233105389264626
-0.4146071047965583
-0.461827222533338
-0.7142308113758143
-0.2401699811503217
-0.4203317602355941
-0.9062200094371314
0.7147156292794987
-0.9416360800680326
-0.3371483986443214
1.3488756783140377
-0.9316964156676942
-0.08346068011683196
0.3810905270259497
-0.0815209671641878
-0.004438239483262364
0.9247600190380499
0.4074221728238443
-0.5598755397645396
0.246863619744211
0.846717442485706
0.2369755810031334
-0.2741238270068414
0.5726922177405854
0.658186721434366
0.5660833094387026
-0.11460713734814652
1.2210003406008498
0.13480560492754423
0.8080744822775996
1.2245504990745388
-0.23166903891080468
0.07539120436166098
0.7815423562167837
-0.7584146713636887
-0.58565708666925
0.019743357593020178
-0.9097994454487365
-0.09271682413117975
0.18329339111323856
-0.033184001927820624
-0.8748600968690654
0.7300699195014126
-0.2677485793669149
