-0.06896201859728181
-1.328067877880649
0.7494129905271104
0.18422368766796957
-0.9942592978991239
-0.13298497326860367
0.985161196533073
-0.4249242601090184
-0.37956633528774697
0.25438549363816165
-0.5776251868836443
-1.0299605502600564
0.6406609749623048
0.33941301893061987
-0.9471098937842776
-0.3473709095645036
0.20562876530341537
-1.0768261002335149
-0.03276248146944323
0.9344382238396836
-0.48884914766104776
0.8080683846712046
0.6713098897383428
-0.018110788711551286
0.0551188524623217
1.1029804327166446
0.4833861670889898
-0.7265212246558377
1.4749975860700633
-0.012386528778581615
-0.6775477497396682
0.49016394444252115
0.15115305049036168
-0.18438295290714973
0.2768999769737108
0.9833511975942866
-0.26889903922045255
-0.6062279422513764
1.393257241252267
-0.5229148561667288
-0.4872939916964887
0.4181757186872934
-0.6278726020576877
-0.603181803841157
-0.5643317915050852
0.10324206897635266
-0.019547431067526756
-0.19913461869721782
0.4263731754673509
-0.45470404638601936
0.6705243625473676
