0.1443057057177292
-0.46643637652362613
-0.6682283434975109
1.0220901317956432
-0.030769707223596333
-0.4932350603993622
0.6249019132625023
-0.6083324195929496
0.21168584634290716
0.20188794926108677
0.2669628066136687
0.003335489173878529
0.11954673452494705
-0.10761105585751916
0.9239254233596431
-0.6709333844403278
0.33895884482105804
0.49493830693959073
-0.4188751030213922
1.0398540553234148
-0.16469575759743085
-0.6539438341200773
0.12316887366756263
-0.48851128793185
-0.3689801129801125
-0.555795021228012
0.18078538361014296
