0.5223627212707815
1.72627534173576
-0.8240204720464638
-0.49762082633885574
1.581421389599468
-1.066164194261768
-0.9754075337892725
0.7535266239253169
-0.759305190453883
-1.2486351752154203
-0.20890980848340182
-0.3346888024136056
-0.5484942689227217
0.29729042956820845
0.20842661820779157
0.1213562936764632
0.6722734309979879
-0.8840160597571054
-0.48187637870094857
0.8419249247349582
-1.5406351890018832
-1.5080616013692403
0.525098779877133
-2.0261166647482685
-1.7823935934789839
0.4410643936799685
-1.1351258733798597
-1.3487655975248314
1.3422449459610093
-1.4165799560581007
-0.9191811177729889
1.3075923793982491
-2.4124079674903722
-0.6584374948495703
0.20448722930058316
-2.471494741565597
-0.9377110252243535
-0.00425672174476716
-1.4830327025216257
-1.602255823495797
-0.7320586421354759
-1.0820280944473493
-0.9920717888311494
-1.218488816563442
-0.5166521053105458
-1.350046500943653
-1.6249547403440479
-1.0964692106901328
-0.7105141390961295
-0.9214783149082659
-1.2532977825694849
-0.14005354853574745
-0.1955416309973566
-0.6490575552341109
0.3458711424997321
-0.8652330744580533
-1.213782449317303
-0.1662369549268694
-1.6102816478087325
-0.656749065529511
0.25038158075962985
-2.224074188295641
-0.061778167852884355
-0.6652519882917014
-2.209202572282177
-0.3019368290427128
-1.6318198570850824
-1.9042990955061887
-0.1334114848723316
-1.4502944155225796
-2.6692803400534206
-0.7915006182842709
-0.6004050586237628
-2.3361495695678776
-1.2481268431744816
-0.14547741275731366
-2.9475478020256776
-0.6244202177765639
0.5973172810857754
-2.275323226370212
-1.0944942667893867
0.9604373932459325
-1.496522548975035
-1.6734687758625046
1.2155481882536388
-0.8830475106492697
-0.9776829204786405
0.2591116591789565
-0.9328266209681896
-0.30531510969232695
0.5815943304551472
-0.16436013490673085
-0.7158615970411861
0.12567943085050334
0.023422604857464818
-1.5171742297933146
0.9609289661473568
-0.4808836322527194
-1.8205271163221877
1.115522109183798
0.4186604724069987
-1.4044096014552396
1.4645359245173677
0.45495507747579245
-0.30173579058107475
1.3627830507948793
1.2777808861216877
-0.8299688391727054
0.7132677850422329
1.0412462519628038
-0.21571450324997982
1.2596078070028893
0.43601260100880135
0.6589170625054055
0.7977378782271853
0.9652275380604476
1.5494482263550302
1.5805975151649232
0.2595349279275677
1.60417954300358
1.3361915952153016
-0.4135448183744258
1.029678461304577
0.3840972507429491
-0.26202113946591754
0.6060053022619206
-0.4456637484903814
-0.3977149093505855
0.1746362832346049
-1.213704335129793
-1.3275938018496698
0.6812997756115767
-1.0938694746185313
-2.2949136806214354
0.7061751852170476
-0.22303312832291258
-2.857732598707419
0.4077969014797138
-0.9691890439160296
-3.257883520058361
1.0187262079168296
-1.150844342994662
-3.172277313633065
0.007980396032029484
-0.31405462317471505
-3.730559303123787
-0.04301762797508884
0.5605005849024112
-3.265310117744635
0.02671047352641372
1.2568826700047293
-2.578505511256141
-0.3553312036432181
1.3236172547599763
-2.8948343879477436
-1.2832236840247384
1.5375607404398202
-1.9585123801632076
-1.033606691413576
1.1400319752293244
-1.6064005773653385
-0.21039687491950074
1.292035692769311
-0.5466042829930273
-0.014057009438256565
0.8031982242616635
-1.298960443163209
0.6850191220091534
-0.05672392762017878
-1.5500339479664678
0.3138244569788608
-0.011405993379328896
-1.005383906605447
1.008189056935803
-0.21790520659313484
0.004682844065792807
0.9048303984442521
-0.0487649577324468
-0.4955645049237738
1.9351767351442515
0.5515014677465805
-0.02295290793929405
1.4485102799039695
0.20051316071413533
0.6459965615531905
0.8224375797464214
0.9561604868122602
1.6065783484052996
0.7890452907355819
1.8480059108260478
1.1576995646524482
1.2042453959605581
1.332277313314044
1.7534760428617082
1.6535031766459125
1.7964977491628495
2.059715562000813
0.8289204215654047
1.706703121122472
1.3244157343849448
0.05732855881449673
1.3015956191763307
2.1097717482198717
-0.3996214447643611
0.3354977690943542
1.8788577355052443
0.10899430113106882
0.02913575368023155
1.6054111771754194
0.8473918299123374
-0.179526460795451
0.7933378528884732
1.5860052180023023
-1.1197825452027759
0.36082644932573393
1.5382539310757892
-0.9721343122303361
-0.766612635010935
1.418662278572651
-1.8380878778686722
-0.36826754829450126
1.2975716708280072
-1.276325057104045
0.10839736116499775
0.4793435764111617
-1.5445354286420936
0.9677466021002111
0.13230637601482095
-1.2432657286918236
1.6694007673675386
-0.49912166334647057
-0.38116798537403807
1.4183034704044752
-0.08445067242638145
-0.47889794270020875
2.2752428981642914
-0.2957620853000034
-1.0090466087250471
1.8017767139523801
0.4296014060142243
-0.96349866386398
0.9521188790389009
0.8474063190032379
-0.8039202111258124
1.6368183358402317
1.6401301987187922
0.15518851438819595
1.6311387219966762
1.8152399992705195
0.4284504923402912
2.2845791197887997
1.1350737733313612
-0.3500657243889301
2.535539547223826
1.6393302302280082
-0.2951720816851391
2.5135264262054844
0.6848716908226855
0.2258663075905742
3.0269067019001548
0.03721914633786324
0.5497608401198598
3.2923212672764284
0.9683420299653228
1.1350579307276043
2.7009463835447884
0.504350044848117
1.4262590295447262
2.8288196500709626
1.3872956355168589
0.7143689996236058
2.4625121801755427
2.229339379943281
