-0.6087915136778101
0.4961322499421161
-1.0439040443290357
-1.3648400246552752
0.4156537356685573
-0.20208838149206296
-1.2175793842096618
0.5543755857242244
0.7571994032426778
-0.853813143096621
-0.12970639400155037
1.4061246152729798
-0.19218083601708785
0.4155344582626608
1.892742678977772
-0.7318443734157107
1.187469024891385
1.4677915794068743
-0.5200819701380185
1.3324769747999905
0.44291967767814683
-0.28025714288610953
0.5322581216922818
-0.07803781795508224
0.0860083680905757
1.2841612049031157
-0.33105096592625816
0.6645255587179608
0.7826452004963945
0.3042249349956479
0.8329042212935437
0.22253701085950492
1.0643048136900073
0.35270072237075556
-0.05633324461176625
0.3246874702269515
0.09991644718554163
-0.3640326468369384
1.2879945334891367
-0.05552239701931062
0.44918533863400234
0.9265938207121364
-0.6423205204952264
-0.3219680925224751
0.4593428008969649
-0.8518638554665181
-1.1514177021560374
0.022181322652793056
-0.8187775028313906
-0.4529234875100881
-0.5841347993629503
-0.5353600971096558
-1.2830520005934478
-0.9175142613132848
0.027028867272591565
-0.7654097060667235
-0.41733263685815664
-0.04163068602535674
-1.0864718450682997
0.585739673455345
0.8043980385297704
-1.259396649213367
-0.009089201266296516
-0.055570273440700195
-1.731936475635827
-0.17148231830986044
0.48985942617060974
-1.4297643339869723
-0.9467387198858096
0.9522738616021358
-0.5645991276387994
-0.7109828351270716
0.10534178405252449
-0.2183684927839434
-1.2352393967827588
0.4367150825835334
0.3862812915182427
-0.5389885348608708
0.9314388653690142
1.270859696208666
-0.8285615848359823
0.28115994436159236
0.7654089160332496
-1.4340353496857488
1.296643549438929
0.44149855807431815
-1.2793637224893113
1.4095189834454702
0.2789028309174805
-0.21330275421692918
