-0.5796787449303996
-1.9721213423114965
2.0715103825293166
-0.827557522558986
-2.5055476852045766
1.1533799420659017
-1.4932343891319144
-2.6757615314088135
0.37788976059352625
-1.7718099790670854
-1.7744908202634277
0.7257228531123009
-1.0519601019813736
-1.0413953192497214
0.7474774789140491
-0.15340234087642562
-0.5486028217545501
0.9021884027621361
-0.039747135970162654
0.22640515102148678
0.8862164143832588
-0.11599030313040505
1.2529160148892173
1.2245716626960295
-1.2696536434598544
1.3549832408794404
1.6494306927779028
-1.8604697292042396
0.8557788791477176
0.8316746028237112
-1.5982744241245075
0.6984358630496554
-0.0236250996642498
-0.7349682457213025
0.5147043916725491
-0.6093637414891946
-0.7874652967866913
-0.5083504532291168
-0.8433932631516712
-1.4804293119821372
-0.36630071941915365
-0.3635619222368326
-1.3907327209091618
-0.1160365527537266
0.8039721506256535
-0.8553763308814669
-0.601096009541189
1.5169927097211928
0.03818584557996863
-0.11683301384031321
1.6319381688506733
-0.5859857933495931
0.5561574321348104
1.6258043104131943
0.15630624032652551
0.7518326033409404
1.926426352506266
-0.279613110620946
0.6508108744674235
2.760477438103548
0.21451359070334639
-0.2195586013272911
2.7656592586557593
0.054755288004138425
-1.2341715939424887
2.0797155029401706
-0.8195507039753113
-1.0526085905298181
2.3721612722864576
-0.9971742130057256
-0.10102642856152759
2.494012465730873
-1.5726967680134907
-0.632008133425195
3.0940548351092647
-2.4730233117241185
-0.7874626666777946
2.6783830204116477
-3.326812775716446
-0.45927451284129844
2.1512031517403996
-2.884586586223381
0.4411034687188021
2.2589822668791104
-2.8348365955184005
1.4698954325290554
2.3857133011011813
-2.109024120361511
1.0496972253681347
1.7074135754206996
-1.403004877158086
1.1098624967267714
2.304667899499133
-1.6543187666417845
0.23070078023546864
1.7063997783121756
-1.6178217970318165
-0.625022112777103
2.2160944216705496
-1.9079050476114807
0.0060486183840959854
2.5517636350078514
-2.421835034567783
-0.26817819322674197
1.733304091172096
-1.878723790995094
-0.8690913300516654
1.0709856492637158
-1.2004044063959276
-1.4963837713083932
1.5978884543563707
-0.30050322520648365
-1.646592700270422
1.2959530184434038
0.051609711967121275
-2.473597842352309
1.5924608068127706
0.08418726152681777
-2.289396829653148
0.5747992731529104
-0.7606151671374017
-2.067329029611134
0.28285723652496997
-0.041193399900523425
-1.85524895356743
-0.29105772086890086
-0.426585053938092
-1.2088241132678945
-1.0574922120929828
-0.8708340430070693
-2.4316447699231847
-0.5245735535889487
-0.5631901155282755
-2.909836040294133
0.23070684028259186
0.2528892361620509
-3.218583168869454
0.8337254133506504
1.000416818940139
-2.5663141468007757
1.1074551541549054
1.3737820045144107
-1.7492829101041265
0.6213784349660303
1.0270790021981446
-0.7070654899057718
1.1395673338689793
0.9688981958313221
0.010871662896801984
1.5055414634745077
1.2286109725762393
1.0491618347406197
1.852214328324809
0.7103915008242562
1.0222302438439697
0.9748247282178137
1.4104438187158304
0.31017875266854816
0.5376055151290218
0.7339777029450951
-0.45713895253072906
0.32963223340454884
0.4378393127665102
-1.324613921603252
0.5602484120350387
0.7073591964758664
-1.7027537086128592
1.5645142427200691
1.7740995521591703
-1.4239927961209478
1.569897478170919
1.868937286759218
-0.8378419189289074
0.6080164461439218
1.8627267553065434
-0.20852213046097728
-0.11401011169552344
2.0219566199061703
0.29598642749054627
-0.8586713929044435
2.5684450769260043
-0.23268091968342183
-0.6303688371399004
2.0697588518750107
-1.1583282433992461
-0.42068167355898894
2.3135973134114587
-1.6984451407454908
0.5074847723990722
2.648488526170467
-1.0944930120640242
1.2247556456555364
1.8182091145396464
-0.4150290028908916
1.6592149250663606
1.1026431728239374
-0.6941051312099544
2.0963137724762917
1.555750106101056
0.17504935016513548
2.29118180996399
1.9172381183406688
0.5153213370052466
1.3901016709294693
1.8933313592559868
1.1822106990231764
0.5592257151033371
2.3248321283311095
1.3214393175856356
-0.37074642746645353
2.2568930074089657
1.3086766286995297
-1.5101981016815518
1.3109102495007272
1.2019356738578215
-1.9384331546966647
2.059669145113791
1.2157315568741809
-2.461148164379874
2.8770892290585546
0.8967882385089515
-2.088144511459224
1.9283615094004252
0.4228288805599736
-1.8804153882590917
1.9277936195695509
-0.6092665896748285
-2.1631234770379653
2.422117200728937
-1.2437678409719208
-1.5399044882426793
1.803759229783722
-0.5175981702519863
-1.084352780601344
0.9414252602375354
-0.49973424377808007
-1.5504411015814772
0.9933821051478414
0.25393382625900673
-0.8333046959455571
1.0180622778575399
0.9703426434652281
-0.11394081697997732
0.09652375921952643
1.1728602692136294
0.23007436311870186
-0.3010399035729292
1.5223598100486306
-0.5773684584724025
0.346601898087031
0.8283985712186149
-0.8098073729860039
0.6571790493176212
0.3071999346893874
-1.7121354283046446
0.1038928371303379
0.0024079287019136662
-2.4690729630621386
-0.5483052456084521
-0.5846454233979539
-1.7954174902857278
-1.3483969834267722
0.04973402886478999
-1.2297956738085278
-1.5251570216075898
1.0267364528049485
-0.8646372029243319
-0.746962122249113
1.2396156870746333
-1.4311162588074975
0.14142721774038453
1.254709052880646
-1.7986538089747792
-0.25378823524205657
0.4657372062955087
-1.467150895071861
0.36326724941927097
-0.2281696217185264
-1.0724328997940589
1.0184644527320994
-0.9593552494772819
-0.7060129107271976
1.3786495017886489
-1.7285601543343874
-0.3151777534927639
2.204108903076674
-2.107936745686376
-0.8106393933401072
3.0080426391206627
-1.6823834073534514
-0.32384700142645373
2.7930123066753545
-0.8415772429073936
0.3040657081308298
2.559319909883795
-0.07906665249286175
0.8718590601194247
2.3131817066913727
0.36973248040722023
0.09788592059888418
3.0084394139899935
0.5943262231008779
-0.7298966288014886
2.8045730190554736
0.05931876881158831
-1.4598406281652836
2.6051102475834
-0.011012566992877783
-2.528648289819898
1.6446191497511446
0.09844370459979274
-2.777039715505133
0.8728768214270493
-0.5949402584539557
-2.824742294197484
0.7301979856277867
-1.54720760934908
-3.101948141962078
0.3850734038848878
-2.4696491199333748
-2.7759771043914965
-0.08672321307766116
-2.95901660814078
-1.9660589387968188
0.6424815270018349
-3.37830051049564
-1.3086616476387076
1.2725243283762762
-3.48411425001419
-0.515080475503685
1.7553994446295635
-2.65129415211677
-0.17248007514720046
1.8918738559612072
-2.5435388098703973
0.8379294466632295
1.1802429067859865
-3.235287531648448
0.4683298652712598
0.8049866227294711
-2.677240853264029
-0.13736094369116372
1.4689160670596542
-2.685355073104347
-1.0386767005611848
1.7936781621831506
-2.1519627554797522
-1.8462104143360318
1.36740813576014
-1.5055980217015774
-1.1822648974940015
0.527676508179736
-1.2240913776224336
-1.1113822239797415
0.14622314740061992
-0.9895341607471213
-0.3150981080038202
0.1565229162504465
0.16990166851470645
-0.16132460899425768
-0.6905180201377972
-0.3863856337125864
0.14072601282200145
-1.002469632117351
-1.1731290656648201
-0.3082058439479563
-1.4689266744864824
-1.6416008868104917
-1.180611070651637
-0.3957341975509333
-2.240583980752303
-1.5680151465631231
-0.03426740607438948
-2.867486523829702
-0.8596973011197069
0.6888571798789704
-2.114820585105967
-1.189811976239584
0.9643246322508828
-2.627840866751236
-2.0331437272161965
1.3786760890528478
-2.224013099539564
-2.7306964007325094
1.1746629869351572
-1.373997161132751
-2.2245433637148864
0.3175291698017275
-1.9569339666757273
-2.004967809343546
-0.7171379638618625
-1.4860229004294818
-1.9515571714500946
-1.5543312962035523
-1.7600395875414592
-2.1410297862646748
-1.88171477314033
-0.9403471556359967
-2.6571762714585305
-2.5141913354530634
-0.7208607949305668
-1.8345483439042314
-2.9536379197402183
-0.6230274592923627
-0.8988888690806538
-3.0237391741228814
-0.8508739035917393
0.11471152743276672
-3.159935893164345
-0.7147387785463049
1.107745477157271
-2.57813945888843
-1.5275723454689298
1.3020727665505567
-2.670730624710353
-1.7876896341076196
0.36692971620804443
-2.6251085373102288
-1.5427288559876302
-0.5888023139658389
-1.7415761102406788
-1.9547203161285491
-0.20833460905437065
-2.407683801064008
-2.628375709848889
-0.10774612404830983
-1.6235881852477976
-2.9564985785955673
-0.6643186956400436
-1.0308736269356698
-2.9729523511800204
-1.5517818337420972
-0.8079771796123809
-2.4075183197026884
-2.370039352869532
-0.22032185564313286
-1.6977070274701733
-2.937661110834994
0.3205026623923739
-0.8086615717868877
-2.1505481016870567
-0.16945280948416103
-0.721125337266436
-3.036229085822367
-1.0135369994824266
-0.4006221723338004
-2.6044012386291553
-0.9211108668152823
0.5576446269088278
-2.253528942798921
-1.8037500123180417
0.00575104150649435
-2.2050323655995325
-1.3459850864332763
-0.8791443541339703
-1.7422870623720346
-1.9230503523707891
-0.836542096195418
-0.9418683354141972
-2.007211911028579
-0.9718082406274929
0.15998933279443445
-2.4176041084799285
-0.250721874850203
0.623015965564469
-2.5659224715630726
0.6334580810383411
0.12894411088053936
-2.110329949609044
1.4883389953273607
0.0413939372616945
-1.583436533241275
2.379561818252637
0.04465752959678879
-1.3329705068125353
2.7164283307684807
0.9482336418134429
-1.3906793992393884
2.8814119787184422
1.952074204246337
-1.8356504690501585
1.939720580894084
1.878378301879346
-1.7250268891749447
1.859834143571553
0.8642529804179652
-1.1662131854472035
1.4218141526952885
-0.01931909592159286
-0.9060776592756672
0.6546690615075356
0.6925009497628654
-0.8067106240672115
1.9669992557991343
0.7720806999427289
-0.6351491884637158
2.3378361730120405
1.5681378124914467
-0.37014089032780506
2.842688521452368
0.81822751311395
0.41914030870817587
2.9017774765357136
0.047698615851656426
0.5262944764193885
3.4781310668831527
-0.6969909931732842
0.12772036877640136
2.468536135358392
-0.6928005374236919
0.5976207405350619
1.8969690552998981
-1.0165737849186847
1.3022275669184369
1.268051846600141
-0.9623139344955549
1.82810158041308
2.148384254703103
-1.177443406314674
0.9810492682665704
2.627142566288248
-0.7956198129603438
1.0162017398957703
2.3883226621564386
-1.7715119335310798
0.24011015801337016
2.307582380253353
-2.429422486829176
-0.4885876189464222
1.5140813765285641
-2.4726181371885487
-0.3443676516128406
2.0948324087593027
-1.6866354775928913
-0.8898149019771983
2.3624473842363476
-0.8425933945260148
-0.4695880105579358
3.450817531610113
-0.94105436509552
-0.5919227071352937
3.4605243070486673
-1.9670283849708414
0.25209367995379695
3.9066256013288334
-1.6023590740324314
0.24931834322640908
3.3409025001442343
-2.495964782961167
0.29455415933218126
2.915971398050225
-1.7160927348058634
1.1030867305472594
3.3678572303225103
-1.5452053514162698
1.9898254241471622
3.14375392048466
-0.9059936911056835
1.3155998320491087
3.2951297672829383
-0.02425379329516395
1.0672580556389155
2.8169238817044024
0.8589657737472928
0.3033261637808864
2.727449989432126
1.5543839364101777
-0.417811982195826
3.138763887423712
2.1684649804830025
-0.14884333470949915
2.3408323515792606
2.714562268959929
-1.1508038628157675
2.1125033074210453
2.480005281013745
-0.8453287850019152
1.3506317380583976
3.1788081647864574
-0.9265743744640884
2.333462108808096
3.4225135017896635
-1.8042585480972013
1.8154307177074125
3.1229115463343375
-2.260949385567477
0.9312939856753419
2.9878372624401788
-1.3243204533541113
0.47456589919839265
3.2509873397384594
-0.4097916873782607
0.7277686680654942
3.7031224370535303
0.0911903544403294
1.4256164965464477
3.108016781908618
-0.3736393580039811
1.370503481296162
2.1421223723493776
0.4644269300254306
1.6770926131441162
1.7154030153279203
0.10141846211660449
2.0689939836695936
0.8754571991636244
-0.4137604174296474
2.3848840930692985
0.03307270122789934
0.3619514810830117
1.9184651068919933
-0.14238323249600676
1.172312996681763
1.8448670143274628
0.6269195488798472
1.4948714135912076
1.967330296401256
-0.32696991116940144
2.1069072887351505
2.6642132958043523
-0.024598048998770407
2.5749276814284223
1.8767609276309087
0.3764276830891839
3.1450327714607282
1.1044264045138845
0.19247877699953195
