0.6318941626687673
-0.09605971257014914
-0.48075732168800867
-0.3656599181885779
-0.0416234578035541
-0.21492414943371674
-0.705956332676791
0.5564209799749186
0.27271488113652065
-1.3690866136378081
0.020346727287145004
-0.2243414860061034
-0.8423905413349977
0.7700747423249171
-0.6520670425871142
-0.05350001248079847
0.4595864195946591
-1.183798249008064
-0.9993165402746893
-0.12872577704879393
-1.164473078368929
-0.02420579930859157
-0.7016862790649774
-1.0979208023071514
0.4953866879906852
-1.015543097508582
-0.3137582061422435
1.3579655539800994
-0.7183282658862457
-0.5968055415538739
1.5772541378640879
0.16905434555240173
-0.2732997453370777
1.034281622976741
0.9122421086363771
-0.6317563887194139
0.03305496091238061
0.8173141249996089
-0.23018607154229354
0.04640380135450026
0.014268178024549178
0.554873581662361
0.01648678065277
-0.9482555791490054
0.5926870783288233
-0.5321366557196263
-1.0266329502020008
-0.2514329973240814
-0.8138017831096276
-0.4320602041228442
0.461976941050306
-1.0472108845719492
0.20688475204663212
1.2300422816907581
-0.3366471744154177
-0.4672890725998742
1.3568768423907462
-0.12282246926601284
0.4820699881225406
1.509879289931946
0.0646398573499983
1.051893675975331
0.7070512974731232
0.9096550982284319
0.556602984571608
0.32622253591667394
1.0457120610064303
-0.4405546311546705
0.30319635043681115
