-0.8558665848550453
0.01230702329446239
-1.3052454315135336
-1.2102763727268915
0.8541939141588704
-0.7570847808400639
-0.6289501587116265
0.8909867483046717
0.11507039999995129
-0.15204527003065318
1.551011191639386
0.6396858538802852
0.8131722159430257
1.2332128029495342
0.6730232084280365
0.34891726169089715
1.2215790994510733
-0.18909872974234276
-0.16799466560751733
0.5809399050451348
-0.8500190985075159
-0.8395885097566494
-0.04371384641793593
-0.2816692642429035
-1.496458565160535
0.5877055935622331
0.18934583436887148
-0.9173312720961361
0.9718531164743369
0.9606599014331008
-0.00788567845267524
0.5996499688052103
0.794894820656226
0.9273435364998918
0.22437870264442739
0.7466905829012239
1.1853282256550413
0.7520118326788385
-0.11986558444530526
1.7631004884080057
0.768073568804413
0.6708324025452099
1.6086284305557788
-0.12466122121967185
0.12802711059685448
0.787772663998508
-0.6426947717684977
0.3548567008658591
0.3733297252310106
0.2197528139305677
-0.06850525041454167
0.9477720904637654
-0.424834529315538
-0.6037292935220017
1.292983810363482
-1.3067462966301493
-0.2214149853830228
0.6066922843638439
-1.671804292454069
0.4371742829696875
-0.3841817432271442
-1.5239899543609312
0.2625285675114535
-0.20608296129820605
-0.5647772426491817
0.21416828256007645
-0.8096252319150152
0.05602715119474443
0.6262270373314187
-1.1289603757339046
-0.8218984450284701
0.17021731427902154
-1.460420885963312
-0.6254360348353201
-0.7698457999849821
-0.6515130245291934
-1.1781342363774276
-0.6295538918208919
0.32040255292838954
-1.2118685499223179
-0.40017371373457533
-0.05826198603713901
-0.3831240119583558
-0.7871964761755968
