4.248003039802135
0.7694183111767544
-0.317126033763001
3.4721154802190806
0.7678621343602409
-0.9291797623144827
2.4598846381422406
1.0622941944597108
-0.5564564638860078
1.7667179589009134
1.8175793412045367
-0.31500986796907626
0.8896322989892106
1.9374745081046436
-0.8888912965822641
1.0186054791222297
1.4835886471249224
-1.8698799850653685
1.4143873627714578
1.068550565282682
-2.746544821244796
1.9384803041147392
0.8350887298902921
-3.573596709641383
2.595559156002216
0.014248248792938869
-3.5398861745714516
2.6076336874351234
-0.5474294062777207
-2.6637065911483484
2.143232817056218
-1.393415318132278
-2.291667180118263
1.623478097870034
-2.0048174418328513
-2.8051253437046344
1.2861062017247227
-1.111279213954337
-2.5527538171248247
1.5599961022281665
-0.9414359794735359
-1.7250088421073209
1.218599724196447
-0.13082026815652403
-2.3508587115434634
2.1211121164407127
-0.21426567913676517
-1.8246354382916685
3.1311281200038312
-0.13116002007489977
-1.2819910112284771
3.741141995601863
-0.05434378271130981
-0.5698197402224247
3.3594893914926724
0.2990528638708877
0.3478609453781154
2.5421331203304067
-0.3399686862135852
0.2646828609145327
2.945389578748429
0.29577708553390625
-0.48691115445133554
2.4034260984274565
0.7060730801065978
-1.3589388247126137
2.141937143655066
1.4237216841023719
-2.009295811004582
2.9949705175271424
1.4677036574470539
-1.6855983979508562
2.32705024045192
1.8574705658849344
-1.1226164202117201
1.7166963108502098
1.1137467434746957
-1.0037771136011728
1.685996205133272
0.15215393488780893
-1.0205896858925378
1.6362601238823766
0.48817625318059793
-1.842695595773938
2.006043065696783
0.29274053647137394
-2.630693784259289
1.7554643918157715
-0.561578070166481
-3.2334548824286307
1.15654767036194
0.20740945722841486
-3.248372958849791
0.8841313030295067
-0.6899180995598538
-3.6332774160661025
0.8262268583598457
-1.802597648844827
-3.3723985992056273
0.7502431227147194
-1.9271734610380236
-2.3399138239801927
1.536939159453706
-2.029455132784197
-1.8687412952958509
2.391800187179604
-2.3841266927971585
-1.43780399878885
2.0760625499144187
-1.459999616666713
-1.1313377784602217
0.9567222839955523
-1.4335678691744198
-1.037120558508449
1.0696807157275243
-0.6359593261807541
-0.5461022297014888
0.8510452259273387
-0.08928402812990603
-1.3388359722265657
0.6149335546078438
0.8265960089293511
-1.066076453804216
0.11642963760972973
0.9857715921780574
-0.2425020873687377
0.2502449700241496
1.4899279435945305
0.7397916333570761
-0.49835260847307705
0.7382255383463107
0.692744042947231
-0.7189391885238461
1.5684605818305433
0.2541632350741902
0.1358982124719643
1.9867489710755948
-0.27047549600328646
0.9943667085574962
1.3858716795597417
0.020373352888237998
0.8453931474278868
2.3290696237120185
0.4186326963745741
-0.15908466516669698
2.427794100444208
0.7625386292801888
-0.9565790924496099
2.779368054500982
0.41065199431923033
-0.6314915864784445
3.683516167146392
0.08828727471057231
-1.5708288057000817
3.6272786455290467
0.4725362217118102
-1.6363562505553635
2.859861777257728
1.0962867076373104
-1.5339973018503061
1.916290435162162
0.39786250313071175
-1.3660284550657045
1.2541070120596505
0.9216341826027146
-1.5087595157167033
0.4366350565497563
1.545249473292371
-2.2527403295036295
1.3061298825492402
1.5055875323468848
-2.508774544163051
2.0856448004093093
0.9263243034167483
-2.0562206460127666
2.8232337843818067
0.07515758182956983
-2.1291437227394723
2.7784054878310656
-0.8970757131903301
-1.7714647488086441
1.8819238530060334
-1.2459805010361975
-1.3589334616475954
2.3182056971286102
-0.5627714270445822
-1.3974751880707001
3.33025215222807
-0.5202175987449094
-1.248571323759796
2.799240477819747
-1.3752207399627925
-0.9107506675713172
1.9060566296305188
-1.849794402341783
-0.27522582550494373
1.1560052015007916
-2.0070463807069365
-0.9671729110865827
0.400101551078234
-2.112730990186701
-1.1549683453181452
-0.5069305040981539
-2.037771404194874
-0.3830589258808605
-0.36515966592833093
-2.436093961777692
0.41522278636805604
0.4677694777608078
-2.720347788599306
-0.5004517288526626
1.0778490067903472
-2.9286160254427003
-1.4589926994141011
1.1822774049661058
-2.3522278258840403
-2.144008272887124
0.4229719605160707
-1.9584101188575211
-2.6827432008459513
0.17253853459717397
-2.6984792551678662
-2.500504125603566
-0.7263708630885115
-3.1871032669312913
-1.7897176941558925
-1.470980945320184
-3.317800986635488
-0.7370698821516201
-1.306841234987377
-3.1098702171078374
-0.5379971257131215
-1.1773433173094126
-2.240187682063592
-0.21025681393956566
-1.9642543384046356
-2.6382686290156285
0.13884932276021247
-1.0833373236330417
-2.8230019927624563
0.5115840044483636
-1.0604152698385092
-1.9017849907950273
0.2537697590666236
-0.7927575052996311
-0.9024436895048136
-0.3644634151645673
-0.947472567744032
-0.29221636912089427
-0.6528342784326051
-1.3961489081513134
-1.157913552367192
-0.8517281709353103
-2.1316155555752614
-1.8448554390111376
-1.3724869146182372
-1.5612790478068015
-2.4679205323330256
-1.4089986601731896
-0.5992498205401868
-3.0529156161499387
-0.8494605510982699
0.10017312150994781
-3.213761086462339
-1.7373907331860143
0.3459190619615404
-2.782494312379201
-2.260307033283902
-0.47365545700445427
-2.171826998133123
-2.3725720986465966
-1.484437586583671
-2.501152461688316
-1.8675249986508273
-2.2542206163982956
-1.9123056348636465
-1.3173204841307775
-2.903288495112827
-1.4321815216680724
-0.6259921863755841
-2.2527793404843144
-0.8964491076678706
-1.1165975810777393
-1.5254710685121025
-0.3104909258449512
-1.2323944913795355
-0.78541086936865
-0.8319375537029083
-1.3917724828059659
0.15518578024190904
-1.3431683210299799
-0.7100606156503876
0.5572427463549986
-1.245202127464201
0.0017889913188451814
1.5113101614836408
-1.0166594294685416
-1.109531953887473
1.484342532414065
-0.5961101843198965
-2.0212495573392024
1.6423763173072523
-0.43489237120907115
-2.764283399585218
1.1417922823432802
-0.9235710757322273
-2.835271140718421
0.15460177318670876
-0.836797065558992
-2.32803874043296
-0.4396011210367443
0.06741801947206047
-1.9833724533372818
-1.1687767020088726
0.6629395947474142
-1.3349090880210077
-1.2721522816062525
1.2049339272473614
-2.1348344057816027
-1.304578278091409
1.6609694226045637
-2.0196252642030683
-0.283429888293036
1.3919633398577256
-1.7208455248935588
0.17373835202110316
0.5961880056387121
-1.3368085113214956
0.8843621644488552
-0.04801836601523531
-1.835301074971079
0.969438665768895
-0.9150226467860172
-2.536335114683606
0.6349625463955141
-0.21841573031182773
-3.4237626329174313
0.7536300031559541
-0.3502184039269828
-3.835430081425272
-0.11562003762085149
-0.7545450851878919
-2.9975446493811337
-0.8135046236624196
-0.7469808121308767
-2.0300415825098796
-1.2035206930579374
-0.5398607930789683
-1.7047552002289184
-2.082365882417368
-0.945678083252965
-1.7462014450630923
-1.263912848843371
-1.3390884626166235
-2.2130456657313995
-0.5881424155123132
-1.2898609348121786
-2.680466547396975
-1.1143719734326067
-1.6536677809440852
-3.1680544448305197
-0.8520820867034867
-2.4552347872861393
-2.917749338786297
-0.14880527918604683
-1.810391307756423
-3.644561138483501
-0.8256275807762645
-1.431601783683986
-3.5682522670818475
-1.58217436890105
-0.7838078792104373
-2.6966013612508632
-1.9995023681221102
-0.5044532779397067
-1.8799500402361016
-2.1996965916545594
0.07263143688481674
-2.036713734975688
-2.034668909838728
0.9908450992703007
-1.2991967710475625
-2.7624579768747584
0.669489662671945
-0.4252573891262224
-2.5992183554387274
1.1996763192682074
0.41526733696875284
-2.48349054705217
1.8359720936025412
1.401622018440026
-2.7321089633147677
2.028090418238613
2.0446291438790642
-2.7028595639345987
1.210693851389813
2.149649833049535
-1.732477978739688
1.5413304642195385
1.8191949612328755
-1.0389148295822217
2.1037855973103974
2.0699251202856055
-0.2285908205347062
1.5339712898279572
1.2640812768280976
0.17720697096469465
2.083488825901368
0.3425230872773679
0.08954059605896267
2.2897180206539565
-0.02725481055384754
-0.15950678360755982
1.1194281190992168
0.5386400497511946
-0.2600820974759829
0.36899566183616034
1.551214060287694
-0.27472958036718104
0.532196547374073
2.0800626959484667
-1.1474394261948995
0.4596287259822756
1.3337614313112662
-1.916331757274173
0.6648228067201148
0.9091041704079731
-1.9420400589745799
-0.15744406177095066
-0.16769960251986782
-1.851466918584553
-0.15141437818098666
-0.8009674916690955
-1.984430722340234
0.5347744407888045
-1.1949347648800817
-2.184668939295042
1.5518831159861879
-0.5213002625924595
-2.387028221539363
2.199582880828611
-0.41399696430029187
-1.6699384065614737
1.5926437429734537
-0.35817768611660084
-1.0118945438099594
0.6564616763728048
0.7554514111342217
-1.2512396323187749
0.4419303353228489
1.3379953560515871
-0.8370318779261506
1.304847203608954
0.8756893486151489
-0.6922228730764072
2.0279520121566272
0.3443136368717795
-1.5465459778843507
2.1940190210834185
-0.2576903023315654
-0.8096779241998389
2.5104637364904265
-0.8330371061574257
0.018029746605295896
2.006890658468227
-0.6174418801165215
0.9333852078629282
2.4304603898017483
-0.1775829377053669
1.652399992993131
3.104028651541742
0.7947372157239737
1.8444199055912525
2.951264016982234
1.0281704250403365
2.655166806005212
2.2998773382429647
1.6357341882649856
2.6094174036556987
1.478529931397008
1.1979892657777722
1.7472058022973542
1.0655596246321297
2.276842295750985
1.794528074582174
1.330134502921361
2.956021683943822
1.3838841709373855
0.7939756785045649
2.7387666622414444
2.0075568185352712
-0.13032505340245462
3.461907886775069
1.181624455742693
-0.10270296266153088
3.9373972163452913
0.9562415702728055
0.6599324363749376
4.268007623539633
0.023377085010159036
0.38058371898798554
3.5248685329300926
-0.7333739673276705
0.1996960157585533
2.788606809601722
-1.3675339343041553
-0.15828586089471086
2.1994397671903565
-0.654951929030019
-0.592250983757623
1.5472795362689789
-1.4002917501016372
-0.22304742166660485
1.5840825030360004
-2.315841838048567
-0.7391433264820728
2.5395415942212263
-2.3508197231571457
-0.3481331678686196
2.523449761708964
-3.0537326481196123
0.38462376085870115
1.6056457166939169
-3.419519823868026
0.6699052986031969
1.0500430317271854
-2.6983045699717603
1.0852003724148152
1.1357695630926081
-1.821268894579124
1.6472193454483017
0.6019259625146012
-1.1695988795746375
1.3516551236412921
0.21528781785111067
-2.0544940486746373
0.706304524890215
-0.4110412675632299
-2.736599081911258
0.2563689331876377
-1.3030458652456485
-2.9158322722808303
-0.26909425040526064
-0.5224972500221765
-3.3688393913205283
-0.845400619144981
0.1880532513540215
-2.7671991287515723
-0.655221363838576
0.8487385425765275
-3.0009681908979027
0.16435610499939984
1.7577310165940558
-2.536075556011915
0.1413643582984236
2.5587952477129625
-2.139729443236119
0.5147626609122878
3.012994241655321
-1.2982254129197037
0.9351417997987441
2.728177489946289
-0.9566999058336345
1.7933395143383761
2.9768638850498315
-0.3582885498209849
1.1621443184635305
2.887484055964724
0.0012417695374317556
2.064098344480655
3.551291102714184
0.727584457152389
2.2982019803623617
3.263531975813434
0.6620945684770103
1.3438861695662332
2.6084189693751445
1.1588739051423205
2.0050306275832535
1.7110859093457815
1.0461062380793784
2.4508874776399714
1.0091851710111273
0.4546430185710875
3.011687504314768
0.3334122624766229
-0.27171392176905246
3.1910071610079376
0.03077348050375441
0.6806282883737879
3.342845970092411
-0.9754132714188467
0.8690792930629097
3.3530054631333868
-1.128869775943741
1.6921344434197159
2.822321505472512
-1.1862927626323125
1.4858807880021163
1.9205352543371588
-0.9952203852043737
2.145798135585613
1.1750231357933798
-1.9303015168390332
2.1875660485058823
1.7652783945459063
-2.889078907194201
1.9464031528556145
1.7293651354104715
-3.1365943175826754
0.9747485630998839
1.6679731215665898
-2.917560788005748
0.44295708792584587
0.8586055334675666
-2.1395818925883834
1.2275167122301078
0.5159344432183065
-3.150478168070464
1.530198385409741
0.826025062921295
-3.8334585267761
0.788477236146925
0.581446559792736
-4.260871350193959
-0.021399877154579885
0.165713723424071
-3.8155455248670274
-0.8950799555591631
-0.10585110464773409
-2.9727446354434823
-1.3508127572243336
0.18368785633916784
-2.9839124642447645
-0.5194083949579743
0.8874910159168493
-3.3267303009190807
-0.015509631280268762
0.16197590048202853
-3.6666822930513354
-0.04947582398772528
1.0184557993519623
-2.9415996589924642
0.016567919634419895
1.6999479978591774
-2.4926732318596594
0.7303761104670558
2.371917953749358
-2.030150892426088
0.7263516648198387
3.3536057302762945
-1.5355990278029463
-0.21762060412851228
3.224690301672871
-0.6489082234137471
0.06608744604717907
2.952904497932547
-1.3566917762013857
0.515127059231336
2.4772996954940925
-2.1033686260793765
-0.2135008404750026
2.3541111229203517
-1.3588060324821425
-0.7474605772503199
1.9717454119521554
-1.0846837110045946
-0.3018705881993795
1.133878813165432
-0.38718023431723736
-0.11739355719079753
0.45551592671770064
0.23204964318803795
0.5310072790648123
0.5959999968068829
-0.1689890065404871
0.8122269705551086
1.5423442450557847
0.47052992270184457
1.0271532296394885
2.369634380475715
1.0509322982877907
1.608986181272587
1.9571845625929765
0.7311967132559197
2.4667202812280475
1.388393865276615
1.1027783976776109
3.164552979498249
0.883518006641452
1.2764810210395998
3.4763053208765635
1.8148635056775186
1.9711197128663678
3.0356405796485575
2.3888500024744186
2.004540518231661
2.0191245958920403
2.3127809677810443
1.5755607920840198
2.453636029733577
3.1377719118659657
0.617105280631197
2.7776637905269403
3.175088079966132
0.10758821602238142
2.3342120055863216
2.447750601423426
0.15003982325749493
1.5604571842446564
1.6853272416856784
0.7557455509479658
0.8485510471972759
1.5926766476124148
0.8203572851622972
-0.24012353552885804
1.2589469182891257
1.3542939061025803
0.6448006634011598
0.5965000703012869
1.8704102847930064
0.9611084535167396
1.497738372228263
2.029879179915785
1.3213786548400561
0.4932199724928431
2.3799374765160413
0.5174881752811028
0.815676195076703
1.821718684798744
0.46330257498446553
-0.07734633635923646
0.9753081319675331
0.39483404433196057
-0.26898626007112125
0.06139114437745745
0.11517618096151805
-0.8145663464415684
0.09345052745431727
0.33256085082856945
-1.5898398929533706
-0.5066692867560596
-0.2629619666044951
-1.4658247417466066
-0.7636783978642969
0.0960500764197075
-0.4707863776658687
-1.6782394639141205
0.0812841895565871
-0.46944556074437016
-1.4023445406009014
-0.6745176580238852
0.19190580704246496
