0.9411527263524563
-0.18326034646126765
-0.3001072348398229
0.7770234351770496
0.40433587330334164
-1.0972711997011861
0.28701819958273733
0.5706221508921803
-0.23449689414266126
1.1237834232011084
0.5522047122735971
0.3460062013940912
0.7820076974561778
1.4820570339143992
0.08285791375535781
-0.22852262250540453
1.4154351159173364
-0.032891520222427924
-1.207185109944505
1.0998405809445249
-0.19164282179599842
-1.2922398350451245
0.07206731780165733
-0.09491092741882151
-0.5823472828488319
0.563578564644477
0.28281636269017374
-0.5329584601899706
0.6300468750170848
-0.7321711421676201
-0.022236553977114444
-0.16317587083304022
-1.2048763701298302
0.49956281345237125
-0.9276042134940183
-0.8033233539378108
1.0740041602146375
-1.1277931141198365
-0.006032501425877412
1.4108219811524285
-0.3769890266642011
0.5595235358240617
0.673654829578733
-0.9668256763428759
0.905473466781727
0.10945468477735124
-0.9984843591484749
0.10312739451460105
-0.3110681770269264
-0.13910468067956988
-0.20915341231215492
-1.0399556130615166
-0.2170374014451768
-1.0114481751847202
-0.5028294716655102
-1.0778400678804425
-0.8057975682541277
-0.9407980323463812
-0.8657601855350157
0.19488409430002396
-1.088692106748475
-0.12060407043873439
0.839101004615238
-0.2609696056373371
0.2549965217254426
1.2324750861751521
0.27645200328041036
0.9134112316148996
0.714619818383148
0.35242529828471103
-0.0867377873780305
0.4843812655226094
-0.2975583815131082
-0.7073791776282966
0.97885697757692
