-2.288379459801242
1.5444767681948184
1.4132965771277997
-1.328070518212003
1.3345044438679232
0.956975808272666
-2.2483158235253624
0.8947487927053248
0.6427845456431738
-1.340501979421012
0.3140430280854502
0.645751707383875
-1.1332608874089705
0.31896124894183425
-0.3087413497564783
-0.3767235297455874
0.37503235799684836
-0.8926087236532808
-1.155590383105675
-0.3865502140130089
-0.9495894006538232
-1.2713008461042552
-0.7424031648458492
-0.1525850152312845
-1.6284948686027272
-1.223356348005624
-0.9274850816887229
-1.1640431076343682
-1.7220744615373158
-0.23764849426511317
-0.4942146552991708
-1.1677833562134547
0.2875275803372472
0.09824706797376252
-1.2222626578543465
1.093611042369546
-0.4755746035933438
-1.9885255155792436
0.8512312886931528
0.3958547578172514
-2.030358154474773
0.4453122908182009
0.491640205196334
-2.708511799100807
-0.22946355382408912
0.39444204873912875
-2.348323700937253
-1.136379901885809
0.2000687434140519
-1.4002964216282443
-1.4975602509164223
0.399886748491663
-0.5632672854602383
-2.009223939223205
0.10464199452275276
0.43817261964194765
-1.797586700743876
0.03673390085317784
1.152253966686713
-2.495824886301208
-0.5042649592738354
1.5531185992112433
-1.7148687650561143
-0.7732434381181059
0.6669045607082564
-2.1780683277244615
-0.5860387481210035
-0.26669815487802373
-1.9115947869906122
-1.5372823751467823
0.1332005602216555
-1.895817542217053
-1.1581097712044475
0.8900224075182764
-1.3009934077853962
-0.40228879268278284
1.2003738758256717
-0.8246249494753894
0.381407244049308
1.3659139043358386
-0.11745078526528488
0.41005620239730517
0.7632507709897149
-0.7850542513014355
0.9170161835413992
0.04197741035139971
-1.2479035698632706
0.8749244823435431
-0.8374453021051175
-1.1866743767118106
1.6107008310078705
-0.2955211345460133
-1.8241624169080204
2.1437849250724206
0.41921870132569516
-1.3822247770976364
1.6913083246974503
-0.2563742117797159
-0.8717037523753008
1.476014104180431
0.7110055328449343
-0.76495656468255
0.9676244183434957
0.6752789924072886
-0.01568583127949778
1.9645343847259313
0.1690464744864644
0.07934329160206824
1.6083913909503835
-0.8376636909974852
0.11081300317286906
1.481484299195259
-1.7618429363668047
0.3717929140333397
2.3384859437628625
-1.4809098916798418
-0.02080768811197507
1.7054574637455038
-1.3549237817346091
-0.7707055502323644
0.8441713058193593
-1.836402129908386
-0.45403218549762997
-0.18345368484520586
-2.070884766002041
-0.433811328200566
-0.6472001967895468
-1.1808243913715346
-0.9695384547162665
-0.3983413574055254
-0.43914765615100804
-0.4098214475100281
0.303836667225597
-0.20931691546503378
0.4408403692171061
0.07467650918463724
0.048190385537048505
1.2620137527000326
0.4175910099907677
0.7030453611113081
0.7287314671797751
0.9572304404165018
0.4121214144259978
1.488907806785021
0.5767916833921037
1.4260594773072361
1.513275414578379
0.9868756296884246
1.609900500298078
0.5896853251822121
1.6618986499944193
1.4644963830376205
-0.1334374820566812
2.0005877413117523
1.4014963836720176
-1.0929953203025247
1.370472630139343
0.9534023191083346
-1.6683950601286037
1.052825507480044
1.571560557713378
-0.8741395422479871
0.4506518317387605
1.452818685576859
-1.6836467037762866
0.11952330850099574
2.0897570697969052
-1.0689112393328712
-0.3856736803895944
2.1531484958563816
-0.13209388684767084
-0.872129762616929
1.2712953732372883
0.12321553946143415
-0.052467435397170456
0.6106198013786713
-0.029651348673161403
-0.7973613806497416
-0.14516384590916742
0.5488099509767173
-0.6199959540756841
0.7383838475807506
0.8136347881738618
-0.15027738456724637
1.665112554702733
0.6985975755786784
-0.7281610165600433
1.7616647719401932
1.5718985795062275
-1.5616886022078529
1.4551701574781504
2.083929057919393
-1.8638257065235186
0.5889944587085888
1.608880234830118
-2.3196216673286005
-0.15608704001034496
0.9289537875546936
-1.8827480213859993
-0.41287461666124087
1.728832711619423
-1.4601424478804632
-0.6412005331042232
0.897309253051672
-0.8377646745898601
-1.1783346448565588
1.4395228163304785
-1.128817762208408
-0.7970294810077554
2.2633627850246705
-1.4004581614653302
0.16468513899439324
2.3567761571146155
-0.9905412838972799
0.8616199034111103
1.6841201240089279
-0.3227169512925006
0.25520402333475456
2.2366230503221325
-0.95342602311367
-0.2266011738389611
1.4308324457167942
-0.134995962553345
-0.718694120329794
1.9294541127435894
0.8132376636068166
-0.5420331380012472
1.5068348786715093
1.1164088274708377
-0.25063272356461114
0.7688729087741394
0.6626479080909777
-0.36834954121188546
-0.40332076935835476
0.0908128061403748
-0.573205663766553
-1.0861295328840412
0.3587975913335403
-1.0873401706463732
-0.4571457650218729
0.7886555925237269
-0.9682446600079178
0.30793837707932237
1.4970523791373271
-1.030197497635372
1.000961410821483
1.720056516535895
-0.19259518736724296
1.4938099774003442
