-1.0850634728160906
-0.8374813934950706
0.5359815530985365
-1.012842990833682
-0.8320986647048341
-0.4332421701482679
-0.346826895341252
-1.4955290189260564
-0.7383976519510003
0.5222284257867905
-1.6214896031119421
-0.2537929171026171
0.640711740679004
-0.9515550559958196
0.7019887507874989
-0.27316299189750504
-0.6459636192571275
1.0928802823544226
-0.2358042459736757
0.27645431892218936
1.5679785965716164
0.5026858676780136
0.5141105291267216
1.034052268240615
1.106827825962861
-0.10651277075868272
0.5267901494404434
1.3138761436876465
0.883129336907558
0.5176332534823685
1.0754681314898016
1.4062990595747769
-0.39630292341797657
0.7633330621350978
0.375241586644267
-0.26983118381815435
0.461625853331524
0.8552144174106354
-1.0699076462159733
-0.17690846180537828
0.6734436867922776
-0.2895247805206454
0.28456892672204226
1.2502838088869526
0.43113497056437305
-0.020835916541376252
1.2453364995630638
1.3462402114143017
-0.9694552352538505
0.9297971375356503
1.4836268930171415
-1.0583319800604898
0.010132663677901065
1.0933841036399619
-0.4215259562454554
0.7166357493854014
0.7058107071714859
-0.8734722167820939
0.002373412723851512
0.04286617592280994
0.17089669291291712
-0.036209086356327094
0.31913673172005425
0.7514931137063026
-0.4658517230525998
-0.2624962331583511
-0.2531726086393961
-0.9336922822636928
0.09224550628577496
-0.1751350872042651
-0.2787110677804761
-0.5630176747782657
0.3866978453604778
-0.9105349981949744
-1.1127446928289892
-0.5792036200138784
-0.7407840798550226
-1.3719634161482708
-1.0811208050929175
0.03632257627804199
-0.9207902988779493
-0.5053484337384362
0.7692425662617763
-1.2371530918800229
0.0968067563536425
0.0016401908377532922
-1.4819654757170926
0.9909905324336007
-0.08924417677621381
-1.0906199971478197
