0.9031216284109989
-0.46357442224298534
-0.31398216239299725
0.19364079829376082
-1.2173300577884871
-0.5008238970851332
-0.34449534107684
-0.3980687956756283
-0.6037194980094365
-1.1415482734512636
0.14928467683280233
-0.5023004990140156
-0.34914923682121257
0.6713714139588648
-0.8077207249030617
0.5408022758320128
0.06487537760875778
-1.1542469026186963
-0.27845665942065906
0.13661230273059513
-1.6515238923532094
-1.1001412897648901
0.6010209220171446
-1.4107569089078291
-0.25831992311073754
1.127880729673549
-1.637445453798778
0.5482252387811798
0.6318249138071931
-1.9208402716341335
0.5643977004434013
1.0574110177436589
-1.015630630949755
1.000154649721502
0.9972829135024762
-0.05549022674956929
0.08556080290851072
1.3409468666246667
-0.18638882584347563
0.3504474009503126
0.3755966597273056
-0.10446711067314754
0.2747060708471353
0.8186995862047683
0.6316521454105094
0.9567161509959493
0.14974503888352259
0.5164019599943486
0.08083129515793716
-0.01925446924363096
1.0396369856996328
-0.4869172713505813
0.23008556228953234
0.2956572801989094
-1.2949624717707167
-0.016125151284114514
0.8284669105861169
-0.7375220550029103
0.028290642318127748
1.6720454138080438
0.07210076993357815
-0.5454530417853893
1.9730079798993587
0.9434890193971415
-0.4042756724944585
1.4439862797422067
0.2649920282513865
-1.0664620499789454
1.1030237173196002
1.0424903974022561
-0.8787088563496926
0.5527247279710888
0.10830078834352225
-0.5394789025961477
0.2662155833307918
-0.912567244185431
-0.638739117619499
0.11067098367539278
-0.6773083131525113
-0.7528457196398372
1.0578543801800477
-0.34858893656281487
-1.4406123672240994
0.37399265711711493
