2.4421421754420383
2.7212377264996266
2.523605425116101
2.2733064366947264
1.8548834953839544
1.9463727190797262
2.0705930456553983
1.912155478935242
2.8372833538827966
1.1000117671587326
1.5888736290502585
2.3260424059396283
1.6879855223865492
0.8283758533229539
3.0586818023778077
1.316797911031117
0.08379547385684295
3.386245701718948
1.714455325428743
-0.7626842283739418
3.056453392429821
0.8645021158091347
-0.46666944178844033
2.6880402574874487
0.11866305307565028
-1.0034088646490509
3.026087416884583
0.32997702295065673
-0.07236989968699528
3.4158004700648386
0.7538458186859848
0.7270864144817529
2.894031648472052
0.258866254025622
1.1942275514279337
2.2309075404355134
0.4143883220590606
0.3633151726407044
2.1105604576350463
-0.06260810889551308
-0.5626339749944286
2.206126690450116
-0.22733554546014745
0.42228946525693056
2.735721513914227
-1.0195666338427105
1.0026268638678117
2.599484627129436
-1.452728195001794
1.754016367551315
2.065942959961071
-2.2967526240282967
1.9390796904247392
1.4800915253221774
-1.776549499607627
2.7548835372908487
0.9145675850836477
-0.7892130270393253
2.7266701728762404
0.8604008492437749
-1.194345955692958
1.8668155473955248
1.080419041879962
-0.74209132026624
1.0273289972730881
0.8714379165707091
-0.5911141102342509
0.43045477112849123
1.7988641973757535
-1.0533750738551704
0.01937586577872949
2.5639965597397723
-1.8825193373226177
0.2428638344065164
2.0908506664165003
-1.4534349001441922
0.9475861682816202
1.506181631937181
-0.5917111353126869
1.543413430109971
1.6411927897621958
-0.41435509274802657
1.8654401782628658
0.7389807016264952
0.3577104151053186
1.8672720346518394
1.5516113393303104
0.8932872299292036
2.468237833579026
2.110602526525404
1.6903674476764097
2.881778063202477
1.7521543103950599
2.7360573970609767
2.88907065855928
1.5367753329943872
3.4163937675756393
2.7462297579433446
2.191728495378939
2.9910365469130444
1.903335783962476
2.5256000747454745
2.6841196759250874
1.0052253403030464
2.81942237665015
2.2503608211843273
0.13226558228456672
2.850703587926692
2.226790797447404
-0.8893252250608534
2.1998802314969406
2.4804912612676615
-0.03635281977823007
1.7143907730136498
3.2548590849064065
0.18546633977335858
1.3714602228420256
3.382489549646273
-0.47904324485051436
0.7899388869084458
2.8271796993671896
-0.49035319163345586
-0.012724543731980346
1.6627441260041689
-0.2640340591093587
0.37471454047196034
1.6012689038843697
-1.2119345952767817
0.6068708774849404
1.9880942700317685
-1.455135788290899
1.5295683177646344
1.7368907587869353
-1.6293185623238726
2.53029523341325
0.8964610101000008
-1.635455353094389
3.2021047139472323
0.2590412602045597
-2.116701014957229
2.5949441215138296
-0.30111739075465055
-1.4512724771673022
2.137438196057421
0.1397039375836091
-1.1774727885237812
1.5465366254008062
0.902111278149234
-0.7334241100121811
0.66544326557234
1.3714001350483769
-1.0173345295208551
-0.1948677546594898
2.1507135336678345
-1.0262381449389808
-0.6735591727121154
1.4874386476187489
-1.2554763441356422
-1.0891113047863827
0.8515216115723641
-0.6543512850772514
-1.6111928135439901
-0.18526014402471983
-0.8257579707090424
-1.7894406488423542
0.4197743878364559
-0.4081273636857159
-2.575179107964339
1.4820057493063266
-0.6184057628691773
-2.4635724677269666
2.4363060278126305
-0.021049717135017222
-2.202894284366944
1.8790650025916755
0.38096967491130596
-1.1056450911719053
1.9969190506880463
1.2040574303238614
-1.3047315334151108
2.957388921428585
1.3793325326410848
-0.6500366134477447
3.6421961778764893
1.2458604228686134
0.08883206595176543
3.6833295942004685
1.1960317609638023
1.1423757949239146
2.903911459596835
1.2226262050082828
1.9672523745993062
2.0312262165934913
0.9741474086452507
1.8837042504289117
1.436075474560774
0.18300104981490004
2.2472953440171577
0.9151644299538672
-0.4167826145962782
1.5005573131741308
1.691915506197197
0.2011779363178871
1.4207698395679023
2.3648330048434447
0.7559120202554248
1.323055555723648
3.0938945212803555
0.4579746805552042
0.40891766225854914
2.961418008370783
1.6009332225388808
0.5929568612744517
3.198269216283573
1.9903936746396247
1.5177242208856168
3.0668831313658678
2.541452118451791
0.6610474574605809
2.528885273741061
2.1620787975985074
-0.06966977976701791
1.9078457859032611
1.3308342222857605
-0.10564469332610088
1.668941093396509
0.5687972869800243
-0.24941651806787796
1.0165755808501336
0.4337418395879465
0.4908686926513932
0.9703593797024056
1.0008797415133543
1.6049521694276612
1.3440336932652208
1.9481586288480304
1.424787223242895
1.2555276571926899
2.7954440645658374
0.8662895783033522
1.1936493869717444
3.3958360791508055
0.013431434901849358
2.089077130191281
3.135429993411755
0.36683199558855145
2.130149091699341
2.3093625019576987
0.8313140132798359
1.5194109558336168
2.1046180285644898
0.19438040048717214
1.5181528335291912
1.924534369898055
-0.9379596743980003
2.4690996041866953
2.192051293638433
-1.1241557940584337
1.899471854440244
2.8373503896609327
-0.5820885616271095
0.7656248062711056
2.602051865370044
-0.568111572679483
0.1836427297635379
3.312538571708368
-0.2832616601356018
-0.8011878163833442
3.16867989930673
-0.5332905670690427
-1.3732531124477652
2.9368190758212838
-1.4088419255215614
-1.9498568095366937
2.435436896099668
-0.6794236469416219
-2.414878866023857
1.8428017264885341
0.09000311208425597
-2.576893344227634
1.7295984276134881
-0.8710491800061713
-1.7959737137183442
1.5174980007706043
-0.44311236442529767
-0.7962183605711881
1.5597816552851038
-0.13652769547415813
-1.27172192736201
2.474749308363543
0.06510024794991354
-0.979920825594923
2.2909372654512143
-0.8357913123885785
-0.6245831742886769
1.7079996017893795
-1.5176515549062912
-1.7168679570700542
1.7286424719367097
-1.3980582079556156
-2.0498080282672184
0.9338935804293329
-1.0879748380506964
-1.5413311597157806
0.12864734625933547
-0.8206996053931328
-0.5093792867368526
-0.27958947348869073
-0.9757467966597217
-1.2239895856058083
-0.07235253075970104
-1.6955194429368479
-1.5133317353401499
-0.18834747025326914
-2.731729655661155
-0.9211766425166121
-1.0217875512351933
-2.5590174523645737
-0.5042855220972864
-0.10587349878034168
-2.4799124960855705
-0.692799772805051
0.7774780346479571
-1.7235099926359712
-1.1216523093388016
1.1248032985719012
-1.185986555932393
-1.5976813784425923
0.7116363039736908
-1.7528824554898894
-2.659910067880896
0.838896483483745
-1.8687097198001876
-2.1207578669140386
1.645436177006025
-2.3115235372313565
-2.0072275968605555
0.6732107327783204
-2.878423730907496
-2.3819522629431273
-0.15087581258594251
-3.1687633305625122
-3.4313512063419966
-0.3378961741969029
-3.178519819528282
-2.8380509606682502
-0.8772099637299321
-2.6487014718530837
-2.2614140844979227
-1.2590120749806264
-2.086201913567496
-2.074669589229868
-2.2634290634480303
-1.5929248139319256
-1.546050912735445
-1.739066189227461
-2.1029292397532755
-0.4850881474012254
-1.6452029886458654
-1.7086935941025816
0.033975288985319464
-1.35390558263593
-2.587893568128342
-0.6628906775895871
-2.018791724722101
-2.88575386738189
0.018844659244919744
-2.5268788819171184
-2.055590270052272
0.7920720980022155
-1.96046476580852
-2.348443886829301
1.6899366072726305
-1.4782511428730079
-2.0066978856500213
2.1873118252847576
-1.8394448465557265
-1.2085312401401307
2.578411665968524
-1.1481107427741017
-1.8820043861891067
2.37940952248687
-0.7245706668575543
-2.8067453772409623
1.8643402744962396
0.1617079200309068
-2.9440756281899336
1.9104507531763275
0.8923234857141585
-2.1595574634708345
1.2187999861095211
1.4620379771650909
-1.733581271360443
0.1801458494900042
1.4907885796175064
-1.9723039607832396
-0.2209349967814715
1.1972502389259139
-2.8573503335422417
-1.119637878438857
1.3494274198562242
-2.5533313197596983
-1.1021129315154774
2.33902701294423
-2.241026479460072
-0.07358950105816411
2.4656005422561353
-2.009741334016799
-0.05394937307055608
2.6610474245440674
-0.9428911545474109
-0.3615042415848525
2.5283746702020466
-0.10191749373771963
0.6927530860659004
2.0467642528553003
0.6177443826026144
1.3389391714501033
1.38054096712226
0.4999454900296086
0.30187557365327883
1.1472039216134104
0.7886527495909244
-0.08220054707679175
0.437626159364271
0.34810500587942933
0.0028139432075883035
1.2599942708989156
-0.0804815461756232
-0.08819013881683163
1.0873725618449994
-1.1139420439559575
0.5482074459501086
1.8799767079607128
-1.098593963083012
1.1062782107895364
1.3733346706739096
-0.4352580235567866
0.5222393344756817
0.41318924011796543
-0.3301120415193345
0.36300258851402695
-0.6525428356937659
-0.4042624669646665
1.1905331786746884
-0.1943108324487101
-0.8937389898001865
0.4060997442324926
0.13674252846875162
-1.3322535115955878
0.3714567891266974
0.46950514012495553
-2.284689765771592
0.38129170952681135
0.39493557960043824
-3.1413017826574614
1.015845179160905
0.9651542562905879
-2.6378261781985675
1.08297927307273
0.1680673625631836
-1.9865679345859706
1.7104782227950504
-0.7035338792137623
-1.5191944908261532
2.6851890805199896
-0.34961299791088923
-1.2279949517455475
3.1095681357422946
0.5583772776673058
-1.23215514501565
3.473356306174551
0.08825576183722188
-0.39997832791973653
2.5010118064105056
0.4091557338630514
-0.3763897224384845
2.0150956556727353
0.6118902298908848
0.46312856280629716
2.4140405708495796
0.05895040286957707
0.8677054323739032
1.6856990023608893
-0.6567934205508917
1.3185382818967297
2.5336615708561046
-1.0736527396326756
0.8859935677214812
2.880859676066036
-1.830249832222534
1.2213453508566832
2.278678403595803
-2.0668456726746416
0.39015008974577475
2.108279505785474
-2.4983774990733396
1.3048076218639366
2.923167700980576
-2.7050636166121853
0.7601668468437925
3.158582049326072
-2.1075130006713647
-0.005842292582685889
2.397226486233486
-2.563830686600994
-0.4273643992618737
2.038906264996675
-2.9763908735784566
0.5167198244746182
1.3260084874884743
-2.179261639233033
0.7033369249094387
1.3361220705570827
-2.1059060484992727
1.8135639036626776
0.6250364915799103
-1.2931750852146373
2.1555300712132333
0.2294499780773869
-2.0625788412523156
1.6015186245760702
0.8790586565316212
-1.2251775583971636
1.167740147085703
0.7513159531474838
-1.424945712556826
0.23558630299552152
0.19263041014943608
-2.512573842312009
0.016289047143661084
-0.34068901138380875
-3.1632329117969267
-0.4933279395179572
-1.2263929951743715
-2.9641897793269116
-0.9025027324041038
-1.4634662443336914
-2.896924073366395
0.0679905349690277
-1.3187832043543068
-1.9315166335595095
0.6069212290208307
-1.200916245754283
-0.8750079309567858
0.7687174163848641
-0.6913502693548068
-0.27728814040770555
0.02837872630321622
-0.5196100435212474
0.4125281612916024
-0.5525180635660341
-1.3387455575699094
0.6235986984217964
0.2676842335509053
-2.257167769480457
0.8825730617107869
0.006299722049427349
-2.383770934409497
0.022888042411102066
-0.6544464127228011
-1.984260880395046
-0.6502015142996515
-1.2445381247975749
-1.2152864027972399
-1.1109844025688491
-1.6005774234582961
-1.9747382201154953
-1.38719398662952
-0.968627054993633
-2.5609605480057387
-0.8224500574348974
-0.41189427743096874
-2.4685751369414954
-0.9349175852003799
0.5657230227795704
-1.8592992127490777
-1.4347432404324536
0.968359590026393
-1.6253394263382175
-2.204250793359082
1.4400085072480568
-2.106263968894304
-2.367169469413678
0.5583812731315836
-2.037859011915904
-2.2291837926344242
-0.36652087562842767
-1.0743357192834122
-1.861428630601644
-1.0299188125722667
-1.0224066661418993
-2.636186599020126
-1.78226943557778
-1.5082679260396097
-2.6321785255974137
-2.7010561217964044
-2.34715235277966
-2.1544456611626166
-2.4252480343551652
-3.1426451330534215
-1.6539315394044818
-2.080871469227148
-3.043699253922684
-1.0728743721022143
-1.2313170189970324
-3.6958854992676695
-0.3304956058795716
-1.1059153623975557
-3.5887820607176506
-0.2687489492176366
0.00026885218866021406
-3.245091730307759
-0.527052522261995
0.9740591318523708
-3.4329972908008886
-0.47514885748205093
1.956524438141088
-2.582938465228739
-0.37402255161290776
2.443796933216741
-1.6609773659956781
-0.7836591745189713
2.357276553165082
-0.8939149639212031
-1.231061606795024
2.9255938467075184
-0.7285236399079268
-2.292667865979005
2.6641246913939693
-0.6363696862476782
-2.4160029832396623
1.5712189101135339
-0.5984311025399208
-2.7965747248854598
0.6843551659766851
-0.6933769729627405
-2.3331971968110827
-0.33405677848326054
-0.03310309750335445
-2.365005464235803
-0.9746791597909532
0.7123557962383837
-2.1042866765105286
-0.5954513703364549
1.679550582352487
-1.774355768548975
-0.3404719123765069
1.3279938031522645
-2.6936542782753845
-0.18970344549463697
0.6331769250979724
-3.0192519558967605
-0.6985703574375416
0.8285942632921289
-2.515701675436892
-1.512353908797736
0.40957114657306726
-1.5896329746245885
-1.5689938108604458
-0.3560494120406477
-1.3194142814849037
-0.9349282141675493
-1.1830376331426036
-0.7976488031090563
-0.6844744027268878
-0.7985428773593026
-1.2979480164623938
-0.0004890224707621328
-1.809346030873278
-1.3681165085830447
-0.02124880975003774
-2.7498027454232115
-1.7797777785202138
0.064926710645907
-2.866122225994999
-1.9394520084099127
1.1029085022590703
-2.645167982433264
-0.9318507420122113
1.7627850904830369
-2.731889019054229
0.03109347204887458
1.5935513153679788
-2.7121675008198642
1.028950795700131
1.1217857872301058
-1.881147923023079
1.1334600819363558
0.6786706266719416
-1.9369124099833086
0.28762306481315547
0.7338373493640516
-1.8253127131431335
-0.49771482642617054
1.3741967695107264
-0.8726955188728835
-0.5137026589505236
1.6943952345362978
-0.9171316882311102
-1.4219627432073194
1.2480385282899031
-0.23949580499181208
-1.807152174211554
0.7975316499395891
-0.03323388447305953
-0.9666332077398513
0.329240204721761
-0.09698366222436093
-0.10004734852744367
1.2038482329897187
-1.131839746989905
0.011319110377651875
0.9537402642243854
-1.8529077916795327
-0.208329038378182
0.03880873026241757
-2.6534368732133684
-0.15283819876732996
0.34787184792475345
-3.2912120952464337
0.6852289388815409
0.36652368138940833
-3.3968713621500846
0.4876778557992868
-0.6505104169550037
-2.863685427217405
0.02606972093806848
-1.402953582207316
-2.3040883747286163
-0.10178088141761246
-2.2324268230485687
-2.949336413276094
0.45064463194802334
-2.673852539963853
-3.9776664211047166
0.5486551658213146
-2.526379620834003
-3.5816717692462343
0.5662011666363003
-1.5893509590578376
-3.4865937724712057
-0.29019203445078545
-2.0819643394687306
-4.3212218436482726
-0.37334370975924946
-2.691385393448008
-3.7771971225521375
-1.1851748941388485
-2.730338246426095
-3.9002749763590923
-1.0849239859653412
-1.71701775902827
