-0.3064677999226682
0.11383215694643414
-0.6676021772026116
-1.1249657797027819
0.694864605676847
-0.40416165077812466
-0.9135039290930832
1.0400884318687575
0.5345160932586356
-0.6284593830926358
0.17255024440785624
0.26198956297164927
-1.0463605689606719
-0.5345174492949499
-0.3455558072672438
-0.36490888471377736
-0.8792728776426871
-1.0183347647212184
0.5205896619674538
-0.3988511074593021
-0.7828867767624109
1.2155047587521306
0.2292768979873559
-0.3435349872652546
0.4827164355485686
0.7001436475803432
-0.7598790499902098
-0.17040151240299997
0.9370829243137897
-0.1350784662305151
0.7630713115487929
0.9927886456054459
0.12738122830011642
0.9501269055714435
0.32533032819493235
0.8310005053277814
0.7822723201051232
1.2366379756657944
1.164048165161996
0.010504584307201748
0.723904884082219
0.7661736286358374
0.3153976155855974
0.2256314142918468
-0.053250898520610865
-0.0945955372871701
-0.7127708388632492
-0.13866242475435417
0.8619910404697652
-0.7630640816411908
0.27358384816891557
0.02439182637219613
-0.27862188282633854
0.9117220162773136
-0.7887676269774764
-0.8328472764870009
0.596775434500277
-0.7072448635096161
-1.446984186926901
-0.23922421891830553
0.219109425434638
-1.5452024554799617
-0.5790192601916001
