2.9106140086542287
0.015247857101133877
1.8221569444483046
2.8058674005904938
-1.0009308325502624
2.001828954027167
2.4145378747893997
-1.7350848436844983
1.2951729951551332
1.7934166121428468
-2.1227901761380807
0.5840231654875505
2.0196646617611314
-1.1673809658072596
0.5612353294093706
2.432649445359047
-0.9348052568736125
-0.32981408528321327
2.472256459124766
-0.726030926270463
-1.4118696920637317
3.204341470140051
0.04591448642458023
-1.0282953239694983
3.681344858069749
0.8290989459683061
-0.5839851416131779
3.541729593460695
1.7423751374694807
-0.03706257776701341
4.220067986581648
1.0719276795494916
0.28083073834932804
3.355832683856411
1.058109248884076
0.6339077474475358
3.0623588251265956
0.23015973914404514
-0.12262606089131074
2.2847270920561926
0.06125183532864533
-0.6749063509000268
1.5912048116876985
-0.1437542721905119
-1.4111236604604316
2.4759207582118594
0.35591475977223774
-1.6083233866313467
2.7798664217566
0.8035733440366304
-0.7603949260378715
2.6538843451863636
1.3948525844787887
-0.06897933857871785
1.6969316523907028
1.5388531938396268
-0.06379022241263699
0.747450925501874
1.6311828795296763
0.3601562733987125
0.9325161270701549
2.68857313995011
0.3915799011968761
1.0200643090858974
2.1314594594095877
-0.5518389886315908
1.012970301829949
1.1709066549322562
-0.5081834643339441
0.1900068026891264
0.9534610623782408
0.1949706034569362
-0.630199595796771
0.2786527989938507
0.5191230652192041
-0.44587641785053383
-0.7498771161586325
0.3077039494900779
-0.8927978147381005
-1.473192312199668
0.7233194084967708
-0.1455456589116579
-1.150568675759644
1.2735160054558965
-0.4028119556379991
-0.8998787825907167
2.1576786388797804
-1.2938341564509235
-0.492127381952255
1.9835772247053658
-1.204869922010499
0.28839418423396757
1.2148374558163688
-0.39594525256078617
0.8780216101488858
1.1804507721714976
-0.316337584039106
1.8568367215592227
1.4384166155286953
-0.28146477583815926
1.6026893002856941
0.5452789098729676
-0.7979614012772072
1.0305532528161299
-0.17380245415771017
-1.1196627350506694
0.11844571087294085
-0.2621759458714839
-0.8597932566198692
-1.0229269383161408
-0.6065313154701482
-0.4871398601980377
-1.7203453377445255
-0.2551990230219937
0.5284743736550996
-1.7374953396344404
-0.4594428882397881
1.1213811073165767
-1.3515780039813985
0.5865229449998214
1.500895874701941
-1.8086703229295344
1.440864858340276
1.0264640186032465
-2.246272485416013
2.416188413905891
0.3252517952575173
-2.912789434321464
1.8681847209211182
1.1139146363247718
-3.4423219075370604
1.96857876767927
1.2469400150469419
-3.6622739793344863
0.9733208131808881
1.2961461205493972
-3.8299788422488343
-0.12910788210541593
0.36755876018188166
-4.028455864107416
0.4352603437016866
0.33543432547799473
-3.073536763382118
0.8862818559518821
1.1144187451358027
-2.8407469736369366
1.3032850208507052
1.911316460847775
-3.3554896119028714
1.5000438793311734
1.4149290020612142
-4.270124447120389
1.631135794678029
0.44312332750874334
-3.89553229813186
1.4946289123466356
-0.43034531930496284
-3.3952107924519597
1.4565698240480665
-1.0684337880461565
-3.373076881268427
0.6730417451723427
-0.9244145374177876
-2.552813693803642
0.16657315664664502
-0.30213397882490434
-3.3970297366187476
0.07282293688738632
0.5094944637771609
-3.2877891510434645
-0.5140328441669866
1.2131773653944127
-2.6075572438696737
-0.6972481414764943
1.0426899782883208
-2.8984346492648263
0.2516610564900489
0.6712103846817464
-2.1578262772535846
0.6428990702073886
0.24206485145369017
-2.530252634570299
-0.08036717315365774
0.4971057909314008
-2.4837772308854045
-1.0769372176489145
0.4059050140415995
-3.231312531242586
-1.7014340532916092
-0.12595007070143413
-3.2411324130462145
-2.583069092495744
0.7356818473973105
-2.6848277824720013
-2.771337608449975
1.6610763594365099
-2.2803776977158408
-2.568661519659315
1.1523843815898658
-2.643503271781081
-1.680612064354007
1.3158019958555867
-3.4850541299224735
-1.1156996562233055
2.092077035983949
-3.274535189659529
-0.5176030873756531
2.1594894757832677
-2.198515309970986
-0.37345404147658595
1.574339397837083
-1.3902342854026786
-0.3977734436838187
0.9933879390308089
-0.7522945882340926
-0.9827797641687153
0.41749002308115957
-0.10332335252009649
-1.4003162308408463
0.12497480347584797
0.727936164487321
-0.8908678610313738
0.11671118916865175
1.7306079706807094
-0.44651698608971596
-0.038050880459454366
2.4835660689371153
0.18800492454946022
-0.6406112990536569
2.6283029115322276
1.114817836585845
-1.4721953708774862
3.1722811367573547
0.9259343565447772
-2.254485938307962
2.3486890197709145
0.5748780331166873
-2.466895098919431
2.3398417537643676
1.5074908901993038
-1.7082058149946802
2.68097588859224
2.045294940025818
-1.0211624776967387
1.982472589494856
2.1350461295810463
-0.4510842727749739
1.1077761453308506
2.2842729177263705
0.451204105445726
0.5330309689380547
2.0543928934176208
1.2524750006469416
0.05661741896363881
2.4588424117544236
2.056336896751394
-0.3785557864209618
1.967968200594179
2.6276105317334797
-0.5755873379326152
1.1432009467257025
2.5554048346056
0.3023536778100177
0.9469485187173967
2.043406999881744
0.5467537693956768
0.103827122302112
1.5868979631375661
-0.42457561205715116
-0.15363270823169717
0.7590557537862995
-0.46758037760460375
0.7216332211067188
0.4486287599646644
0.6026311214368102
1.0595629413761454
0.6565643357498091
1.420901779406021
1.6095247647654376
1.532300524485414
1.9520705309954076
1.7645055570421442
2.3066358376403047
1.461982990742056
1.9202425584594192
2.5921924817083544
0.7274264797596763
2.4991472263318686
3.113892012215479
1.0568524431995432
1.6691528258670865
3.1834585672718965
1.525086172064861
2.537717261064633
2.2646155991453374
1.4644436063994677
3.0942719138864843
1.242871553955541
1.554854985442403
3.1040952060066846
1.160530055575418
2.4194081171847914
2.460280173339698
1.738888211882792
2.8046115521126667
1.817777391857338
2.406084319692978
2.292351206760069
1.4669406439011685
2.164868001954038
2.4901223010662075
2.478551780561542
1.7831129028145491
3.2890808702646197
2.6396186115854996
1.663738484168603
2.541927915288159
3.3292023714557972
0.8837192947449795
3.1895657609025028
3.106552746248717
0.9287693992742688
3.329964027057487
2.097813078987386
1.1350715886380593
3.4355523902812535
1.018271784994935
2.0565674794011746
2.895334917086916
0.6944672817545553
2.8097531576679664
2.2256828734174174
0.5393676173413438
2.3693538021822858
1.4018525420318375
1.0989501317126462
2.080713088164151
0.6699466304765984
1.649476790403005
1.2593087764332953
0.9684470245970838
2.3202499987322898
0.4570416457144349
1.5256717380129892
2.590862820122334
-0.45576056742962123
1.6990004712055293
3.053622874531649
-1.2349324530029206
1.3410012429337639
2.79960626053831
-1.633664022035675
0.15043451333119515
2.946997334912525
-2.2060327726941353
-0.48242046797498295
2.3025337920037234
-2.573712031373276
-1.2213581877231725
1.615814375077663
-2.0088276397394083
-2.0840488303030384
1.7299694953804807
-1.2170793511390374
-2.3847289339590234
2.334734511882285
-0.17945175453006768
-2.1695272000758195
2.379102029993522
0.3490461276763925
-1.8782131440737835
1.6227017581291885
0.4397495419206756
-1.358350367465141
2.4618955520304446
0.45393458171129325
-0.4247757289159871
2.8181208543069958
0.6823329255099541
0.6863442358893003
3.0006339300643563
-0.3673905674111907
0.3227062335935945
2.671827843312176
-0.7687713855014457
0.825769263728896
3.4563135154289846
-1.7858701112538804
0.8930641412233749
3.606068447939112
-2.1985103275649234
0.796852307859488
2.575776961063791
-1.2341596516652653
0.5744750485113252
2.2835578171755753
-1.1629249238096182
1.3522950287133562
1.5281523242653485
-1.2097279989593726
1.4156828879780752
0.6436669976626174
-2.17773029261701
1.3717461939675437
1.1607749361525637
-2.2393024324659025
0.6048147899890458
1.6837069274527037
-2.866124637291329
0.2574723918143666
2.2008134968038866
-3.7576591192101545
0.8234834581975671
2.215277817029729
-3.702081944620493
1.3700095282576585
1.263511291466104
-3.8627378910085435
1.9551062906749024
0.41396232655236703
-4.008290570431698
1.8257163170503077
-0.5882815970403968
-3.924603105758762
1.4591753245613168
-1.560675471167249
-3.221368084597565
0.7979133748028944
-1.9658008843035246
-4.053142954183361
0.451959865954184
-1.557141793299474
-4.390638434456992
0.9828826420545457
-0.8311414747622331
-3.817841484123383
0.9550976573999712
-0.05935028711687207
-2.9611323485072294
1.3557565728900351
0.4341348153455305
-2.2627904444067153
1.5303834816201318
0.021940907049094762
-1.6739046415597152
0.7445261038637389
-0.5838731455288475
-0.9480504064223514
0.3331260730375654
-1.1625991493073697
-1.5290066320425983
-0.36421121001184475
-1.5842381951427538
-1.5965306004957232
-1.1457071590410177
-1.093770259981175
-1.2913240424003911
-2.1611961759417766
-1.6577459503218224
-2.1132501611443764
-2.089850348731982
-0.8885005766404446
-2.646187062805403
-1.8640049175615445
-0.04426279711247464
-1.8183419146088926
-1.9396809967446758
0.7832938022284464
-2.3343666046490235
-1.0187655277797163
0.6021784665324155
-2.8169287418514255
-0.383798538387649
1.2773137723071286
-3.50752825043552
0.41521232384368756
1.3655329972480956
-2.7792103722431993
1.1908005004274629
1.77439924137947
-1.9526716584087234
1.748757734325841
1.9343056613542648
-1.4699020038791542
2.0747513760950387
1.3280298726335498
-1.1314078169777848
2.3694000272158178
0.2873390332084871
-0.6756748671118444
3.2968314030261707
0.2957705118142214
0.25615644520316705
3.1687955496578195
0.904370810740801
0.8535262089471464
2.486965905168234
1.3306857846777351
1.6295388775507953
2.008850918397982
0.8543073854700285
1.4281443713788085
1.0779797365748525
1.0051678064360405
1.2411927128042122
0.1569447784282059
1.531053204204434
0.5606287965145621
-0.5617756619971654
1.8436410007271529
1.3876463751168968
-0.9119015112068272
1.3592918798004463
1.867875161121675
-0.1992416043621314
0.6775677305561815
1.0315771995801213
0.4389963670200022
0.2645955388322646
0.2110314511137967
-0.12755528269149963
-0.015951164030302646
-0.0030501692511229733
-0.1393527840865028
0.8942035763539548
-0.41196454168746277
0.02484367694221624
1.7671153974702698
-0.8922613848192401
-0.6221606503053825
0.8643721828181388
-1.5879706715296154
-1.293045639099173
1.3742409309203107
-0.7594388376256695
-1.7251832567379464
1.644714582650611
-0.1879835699027553
-2.297171090890963
1.0808024608891955
0.0637617119421556
-1.480025040044052
0.4263068209874174
0.6569445892426634
-0.6788190419209669
-0.20270209756652108
0.9554074739245012
0.04296084532104667
-0.6830443527603651
0.8558870193556258
0.6018251530390331
-1.4505402103308283
0.012810092328523943
0.6378328097124757
-1.7204925657506194
0.20569179192568318
1.5846516372121386
-1.3871447145054328
-0.10600480197393936
1.6104919032143303
-2.349651987174497
0.9014079572308359
1.6910484248493438
-2.32903866297014
1.6450372521619951
1.8175498033498771
-2.8814374941396146
2.5198355275330964
2.26558214738154
-2.709362934405596
1.874717666324757
2.8439174495447443
-2.202943351164899
2.481648063768384
2.571944689611178
-1.4168860247286958
2.7997861704437828
2.2916823538785995
-0.45396711486900637
1.8560114748866408
2.6377526027605
-0.28208239600209184
1.5067446350413225
2.5251194081268764
-1.273979103655277
2.014659596502869
1.9388211958236539
-1.968966246258543
1.7541279753555492
0.8861101462699806
-2.0938199208600365
1.813060342996428
0.7957569725739159
-0.958702632806903
1.286782717834628
1.5814826415559073
-1.2526738309124716
2.121041736947816
1.7465953879186542
-0.9896037656890924
2.751358757177931
1.3189423087349468
-1.7771848264504257
2.447472397072834
1.2126435945996155
-2.6883651846347543
1.9083633668192264
1.087781920105792
-3.533773281164386
1.2149899958571744
0.9573597693528758
-2.830639476083289
1.056527311463703
0.08263133798165785
-3.3205675603267104
0.2494221011290438
0.7331600723951295
-3.2177505207140773
0.4847541087941558
1.7531281635232356
-3.1202242363817034
1.0056247206928668
2.5332425757115806
-2.6959343986001594
0.6318031114080636
2.592495136535242
-1.773877614582514
-0.33111911029622887
2.4767081772911705
-1.9729935092145472
-1.2795632896135625
2.851807523283342
-2.259124214983536
-1.1224716942049582
1.852615396159788
-2.2483096026896248
-1.7104888851900562
1.4673779296538856
-1.432221679502274
-1.2560557632125973
1.788758014231049
-0.6017538608706047
-2.1771746539186365
1.959871076837537
-0.9067346303451416
-2.359076261542165
0.9832683200116545
-1.1763801481650265
-2.9714031145762543
1.6340496068395436
-0.4712996765665131
-2.661353134416736
0.8283574825869845
-0.30826625136910035
-1.8579946681213546
0.6664047565418979
0.5175766743726383
-2.7175957560782473
0.6210949998219585
0.9649401845770296
-3.389482634889466
0.10497678067387076
0.19716553295495542
-2.371487006681455
-0.19074123185785577
0.2340791957550756
-1.9932028419318244
-0.2853145442748919
0.981123447769976
-1.615362165339181
-0.7849925257604692
0.2789820992613522
-1.963581204967375
-0.2424808866381562
-0.6815135057613809
-2.6171720968744654
-0.8127422236973697
-1.1887892214276023
-2.3311469914409626
-1.6001406998879775
-1.8826444888625233
-1.404314698821555
-1.2273842486867088
-2.1466119047598027
-0.6731191191689554
-0.75661974246947
-2.643073842959164
0.31808844386323953
-1.1183209215978522
-2.5090358172966534
0.9364326376661648
-1.7364460109774948
-3.0846890517278207
1.090904334274822
-0.8815247185916987
-2.746503196367198
1.0303846104620678
-1.7552850644125886
-2.2674467398727995
0.25456742779142505
-2.2636854187002378
-2.0328260634437356
0.033977337996203935
-2.0732270792664664
-3.008019896754505
0.18952240772992932
-1.1901660505838587
-3.5081182363340515
1.1296849798749558
-0.8251278599200472
-3.7176904184980963
2.0285539782658875
-0.6067688005982576
-3.3198803954531964
1.9707054430948479
0.38206985448478514
-2.879601092562992
2.02328326883511
-0.44435179864153285
-2.212777633569308
1.1302811201043648
0.1702253194752067
-2.2207743503114874
0.24861991994402358
-0.1825916460109044
-2.7198335675945335
-0.741097543531863
0.21055080337532314
-2.7796491626925257
-1.6539552020276953
0.24997521087202407
-2.316354861268156
-2.350019405134274
0.036155630438999845
-1.5679775667323186
-2.980881285666771
-0.038196327258609684
-0.7657049404533036
-3.043532646052835
-0.773327952537403
-0.08813577738252908
-3.350190946841406
-1.0396530593793076
0.8630336713763661
-3.993175454979596
-0.6183002264163364
0.14749612482932226
-3.9203213684595486
0.15951082783395587
-0.5825596163952796
-3.4676543844743257
0.911806234039555
-0.8858328272216618
-2.936489963405668
1.8184434350122498
-1.5219619534840028
-2.0569303245205055
2.220883426461799
-1.8497922299326444
-1.1658505764681943
2.2809821975004567
-1.2735097555511756
-0.6232453886763524
1.3987826198648239
-1.0557022577939714
-0.9108316165699104
0.8358695893870544
-2.0703705459397113
-0.4879394573553916
-0.07697105539759683
-1.9163771582841007
-0.35576172504341563
-0.2880856417590911
-0.8270972599858285
-0.6641942689294918
-1.048343799081303
-1.3923911212315387
-0.6292961911934445
-1.6775793926232563
-2.1071042918328096
-0.83354011314957
-2.5217903496653324
-2.642458563487094
-0.6116835561100584
-2.713858491391846
-1.7067248345288297
-0.402330434423315
-3.2292750466632243
-0.9260867984144959
-0.7723001658428045
-4.16001286145138
-0.8319459927365671
0.13110206927009496
-4.035525862690966
-1.167789265873247
-0.6460476761955607
-3.7839447250252234
-1.7445836630285803
-1.3290218972508103
-3.188234411161227
-1.2955624954041898
-1.231710285976472
-3.2644468823607853
-0.2778044479883604
-1.8328788812765848
-2.690510603429159
-0.07630047770200271
-1.580747696462534
-1.5513949484760594
-0.19909688563702369
-1.1909714683895765
-2.371180397077041
-0.7089728100565201
-0.47064508392906135
-1.910458512015963
-1.2662247493789238
0.16363465686543366
-1.3222652269406088
-1.6332010647621908
1.2756790491403776
-1.8405861957123455
-1.192953595495258
1.963748008678312
-1.5135516614633489
-1.881376769363437
