0.978261836307177
1.8153192422477673
1.093175554304346
0.8379775476091788
1.1413133888747369
0.25718429283317934
1.4879490326890106
1.5426499520919754
-0.5169772179329614
1.4982652315566904
0.710716272036605
-1.2423181039558704
1.2575595517199603
0.1099021527133262
-1.9369301991854684
1.9781639295306184
-0.14265003929218933
-1.3200287159293957
2.007383661891159
-0.07670764250882706
-0.31474963700609343
1.2675930727782054
-0.5963691370828046
-0.796395716395756
0.8044405345202945
-0.3997067265908025
0.07045638759707905
1.074716997127952
0.2715797283880238
-0.30993827319239836
1.8191495951228391
0.8314217805497266
0.0650185850722704
1.6748576675874944
1.6841371823002453
0.4843486789688014
1.4202527122519284
1.0161154432046442
1.229042937373312
1.1482146095290426
0.32939679377158737
0.6603928154404494
0.5553185988092695
-0.16198496901653622
1.107348997481743
0.8452107218744753
-1.118858664244432
0.8122407031802605
0.23682945797874286
-1.3631259471571873
0.010727353005003232
0.02273735156898987
-1.121302059853814
-0.9128468323226915
-0.9546598322723068
-1.057778895502388
-1.3371881479992715
-1.043568734393359
0.14154497786219658
-1.0438174368982074
-1.656791169361298
-0.5996017642113666
-0.5512160397317242
-0.6212759302988221
-0.5827562621648557
-0.4336511788755074
-0.3595300176231973
-0.4375248361214433
-1.4111104868871749
0.7153937626092287
0.061864714976149066
-1.1588354335651114
0.5697965579685617
1.0429132862522277
-0.82813511418993
0.4256684464977494
0.8031293205337374
-1.757748931207
0.25383409949213487
-0.020960985218620443
-2.224730883312981
-0.5107450555454895
0.4085306814154059
-1.8627026701772054
-0.5682623526185202
-0.4818603353352734
-2.2973285694566634
-0.1432852418772897
-1.20817470569326
-1.8413240343251376
0.7092130699407324
-0.8451831975400026
-1.5996186627357298
0.7905849187906111
-1.6152801550584426
-1.9971530693755744
1.4576124333519693
-0.8760307522284102
-2.1887857210996597
1.8486781813699316
-1.1811904505045672
-1.3035849004766826
2.1001335653264532
-1.0245065636592863
-0.34759903675022485
1.7261161349037948
-0.6379106666941771
0.503241345298655
1.881669743727886
-1.5572759905982834
0.45130146932918774
1.2372878290754545
-1.0757657744861078
-0.09826264919326093
0.9161118004259572
-2.239463336830346
-0.25818940750219954
0.9890778715002102
-1.5464834860787846
-1.0943545961054415
0.16813988161240448
-2.0227674961412907
-1.3113816116672603
-0.6910137589511818
-1.8206765585809366
-0.7689084968145121
-0.8331217147557958
-1.3523407899676383
0.09383453050639437
-1.6224372757132814
-1.6174212334093478
-0.4213654405444021
-1.9274003602192926
-1.035458078434318
0.3270218776000942
-1.0141654425108309
-1.0525321682566688
1.129705391695422
-0.6624223717666557
-0.037851249900094606
1.1333144362090615
-0.09318021296086756
-1.0684063972089668
1.1795815225288666
-0.14888422835918413
-0.6862886414648082
0.0759822544575108
-1.170731926536622
-0.27884711910557103
0.2399452095687785
-1.58626564553226
-0.22586414691535273
1.2405867006049485
-1.217644541567672
0.3942463380054739
0.7724867219105978
-1.1569313985342347
0.46810077714706505
1.6608612258158637
-0.5921366245704299
-0.4546280800712359
1.9328027373357906
-0.036533719966216585
0.35353897624960934
1.6689032080232684
0.25748954709304395
1.317254389900033
1.937709415674686
-0.5846402194934386
1.045673953805423
2.4635688459148333
-1.6203588236980222
0.9823401124547843
2.3785808269680397
-1.3485191552411966
1.9173375200963048
2.136669634562996
-0.6954589302166903
1.4754769816124387
1.5074357518825092
-0.06673316523032148
1.648759211649925
0.746865813751771
0.4420460643577798
0.7786302080777654
0.9665522081201829
-0.45619507513033014
0.8239221244493901
0.8739345612870423
-0.5847508610947647
0.2767960631613427
-0.2313792150306057
0.3860023295411385
0.19657066874029486
0.3124573646668973
0.19101105322197381
-0.19614860450946278
-0.3202730558964293
-0.21901303319708404
0.5953678002125468
-0.9905756586073985
-0.1409182912796456
1.2178983067655298
-0.08626342381903936
-1.1310317697770191
1.1043824471378394
-0.0689988442805455
-0.993350069500281
1.69105322083914
0.6592769839228778
-1.8717685965537112
2.148903428046089
0.9394706337682045
-2.0303018241745816
1.2859027683113453
0.5013623641675984
-1.617569788060311
1.2626367600258979
1.4668069367443954
-2.110237953427583
0.46446333839693327
1.6592906169054453
-2.2662708953475423
0.17175998593174205
0.6616153776493663
-1.632643393902563
0.28613360940278026
-0.2264348596821503
