-1.022060337340593
-3.488240944569327
-2.177880889062945
-1.1023711979719262
-3.249213187077362
-1.2351215823895012
-0.14378068382042267
-2.9047254205394064
-1.0345970413570444
0.603051804507932
-2.398363547507843
-0.7017184201473741
1.2637593128204452
-1.6224397682010105
-0.1617601484771464
1.675853213118704
-0.6694559218006159
-0.5977050842187634
0.6891263715025032
-0.8359011146856414
-0.25388744044135736
-0.25461060826506804
-0.9482693429215094
-0.03967656510878032
-1.0109850540811138
-1.3246916950162824
0.4316179504381787
-1.5692863780401005
-0.46672844183272744
0.30109679996631594
-1.2378839371445511
0.21503312630736182
1.15360229804233
-0.6968268641973021
-0.48502142532831843
1.648158322202579
0.1929649179507976
-1.1385835565058304
1.4266577158512705
0.7736259592590816
-1.8235821269871633
1.847404479593197
1.4327744860615574
-2.5531990939648663
1.4320700998047877
2.0929647088133203
-2.4193721837828894
0.633280001914463
2.447324054281764
-2.2843651319804676
1.6008996022185007
2.4522284698415393
-1.5597517874096039
2.2676652515465183
2.2925250980666063
-0.6279036819315108
2.656298623764318
1.9723502186857649
0.15551474328694706
3.304881201198238
1.428230675127851
0.9404297648029774
2.693870089650454
1.6842745423417067
1.0896196537961693
3.5686215995666313
0.7406867080993044
1.141226444639789
3.909780483276048
0.12520875092379805
0.7520415764478596
3.171812824992562
0.7901535914300556
0.6472205172743805
2.428049136982837
1.1270568106137249
0.32004188203738176
1.6804609873338394
0.789375766787694
-0.4122509664438176
1.2424760403029016
0.21943334434475056
-0.38270162849911926
0.4380912491602806
-0.06167149438710231
0.18888413046626248
-0.33465756664834984
0.8088086408805497
0.09017050772371153
-0.08069257414654236
0.636496655774927
0.45634190324855606
0.9941777212419893
0.2277549245323945
-0.14059358289029894
1.8051887146656103
0.39898688636454294
-0.21858949004313136
2.7578601120254023
1.071413666162081
0.4324575455294593
3.290400419510569
1.0391011696488146
1.436558010040433
3.0474211666945434
1.259656378179147
2.297797360670457
2.4305396924421308
0.5174505998706647
2.893013869210203
2.465966067439037
-0.33373929991917617
2.304338722258726
2.291243663774042
-0.7948034623065576
1.5267152004621305
2.468407958720536
-1.024236664951987
0.8129322352165083
1.7277640701346468
-1.2352509529726405
0.2965407341141388
2.61531807772717
-0.4611211891243076
0.6602156841232536
2.3958420918859047
0.12387003281082734
1.1194498609553787
1.5734466630581383
0.14248407945782374
1.4312933155176717
2.543008960250531
0.2203295213990638
2.2470331118960587
3.211930319331007
1.0952819214299232
2.7879901971422205
3.291609777370309
2.0736474154885056
2.8118990124726646
2.9763551672730033
1.9283154720345097
1.6821293787098412
2.922673291668269
1.958093169991224
1.370765159715613
1.8006499119094153
2.760589042789092
0.9810077094467442
1.749295811536579
3.3748821308059536
1.3390992067039291
0.768836322222744
3.572770650401286
1.5216048354322786
-0.18019470594152873
2.9943809388467604
2.1351077409136776
-1.0162419579519144
2.0786255967794083
2.421439056468963
-1.3211924246014881
1.0315215982807941
2.713711296237889
-0.9602183578363517
1.9917999142386182
3.242337772035452
-0.8349195837382279
1.8063690922467437
2.316622498986421
-0.19176511263399523
1.859878285174899
1.3489043497350144
-0.2813197643816512
2.33712660418068
1.3551850363763234
-1.2066932510503963
2.7353988586353486
1.0070370825704271
-0.3159053720686537
2.5280273885639803
1.9449205738479434
-0.17666555782808446
2.702220935377159
2.812873124084804
-0.24019448006843558
3.250589460565923
2.368473581633127
0.6345117257689841
3.0236100523597624
2.7024964387534682
1.3383080646087577
3.0284332565281873
2.855715823604715
2.4028325395820977
3.5660427248278066
3.523000710169915
1.82645783013041
3.950657784127735
2.6236929774732465
2.020983900511941
3.230177531188374
1.9271928258283124
1.9656598773774199
2.7275449636350926
1.2920910268067756
2.5322949930208463
2.3344227351776055
0.3166918982778537
2.333597568218096
1.4388354428573995
-0.20162908491115547
2.596268113534698
1.5551211348691314
-1.3322487273531212
2.5779578812277
1.7634979119374472
-2.24544456163735
2.3691904088371705
1.7601753432195908
-1.5734255165814035
1.6015611732314832
2.5984165145951184
-1.3727373365219127
1.3396141141528513
2.886619018083746
-1.8483568358430198
0.5456638959866961
1.919088478630232
-1.4869842313124697
0.566918075169446
1.4711394594853164
-0.6117360233902489
0.3146908085269617
2.214909805972183
-0.4726422200132929
0.8348979079412385
3.2489746769824044
-0.6848146714002182
0.8699992750466363
2.6742179898910057
-0.44554760618822514
1.696231540352401
3.286197675035088
0.24553594680012295
2.0683787936156235
3.0952461191335154
0.279960556014066
1.113592348156453
3.7621959208510862
0.9472136755428888
1.5416626217632374
3.9411444598797187
1.9517759943094348
1.2378907129422094
3.920509393609444
2.9329983368925365
1.0299650407723961
3.111118571364141
3.2902870458230473
0.5731695721907959
2.336529312950133
2.601929432777764
0.732706325883667
1.3951755085560917
2.6729774751550237
0.47616958356467265
0.7847236489188543
3.0569382515102563
0.040295266185921996
1.7920490847265833
3.3676314799704206
0.16000281658633764
1.5082656476884777
3.5760722142251202
1.076361422679303
1.7980054495580726
3.0608415662006108
1.94480746674877
2.339095138768841
2.244266246550595
2.0535513858002097
1.6634650436561376
2.1333947735812995
1.573247386211785
0.847477810415497
2.880308257609032
1.5878714690819957
0.5073874655208161
3.472165817469816
0.8743367046015849
0.10512537426345663
2.561326986683038
0.6395723143912716
-0.8493434888028409
2.9014866989689487
0.4564729833161807
-1.6681186567228161
2.34152129493632
0.32494233884481716
-1.7530657912838672
1.6394721430573385
1.0609034705517566
-0.7257107698696255
1.9384813648494552
1.512805850979673
-1.601622019414878
2.000885914844879
1.9778048759575735
-1.8877693343177486
1.0956462613390505
2.3772931497721967
-1.9088818701625525
0.2333865222059545
1.8890520398073851
-2.3346944255328608
-0.7676535372896742
1.8256380679282402
-2.479942384441821
-1.2470671787476293
0.7819042123930141
-1.8205485698116088
-1.8397315192717412
0.7777071377088752
-1.3196553342754092
-2.3460042866030233
1.4990613408531428
-0.39157629894631935
-2.7464643680918135
1.2349491235765147
0.5931872514639184
-2.376305329078035
1.0745156613325528
0.9294954568413493
-1.4919036164686776
0.8999545517429294
0.4286026872900866
-1.7188254990956675
0.10593647350871888
-0.06760031459134411
-1.7330691098619346
-1.0036677938690861
-0.6918631229242357
-1.4494976613940247
-1.7710905347106602
-1.200175113604115
-1.2712287137079765
-0.9672229687409072
-1.368941388482407
-1.8947963210427174
-0.2681377900431103
-0.9680750861408945
-2.31581884707444
0.49313606864283677
-0.025922624204603152
-2.6504830966007322
0.22129995055279808
-0.25379024876344364
-1.7976175107645407
0.8225065217825434
-0.5256055016742814
-1.9224440245229941
-0.1724257988522886
-0.9622161289965908
-2.188237246988586
-1.0238441286400604
-1.0146156107936752
-2.7453918055946187
-0.3119676208408993
-0.9982687864246579
-3.3142911249282596
0.6165458143877489
-1.4867650575864286
-3.313605321674148
1.5203986208011282
-2.040987794594689
-2.662809745712073
2.082440321250093
-2.7741113364394403
-1.991244679108202
2.4899177849999945
-3.1726025386382872
-1.2857289687110427
1.7970741348493138
-3.205342037371062
-0.5371027189412286
1.1265897971243817
-3.997946133188485
-0.33032900539912663
0.3605690948251962
-4.419556504069828
-0.8106302989951344
-0.4114095499189887
-4.372926317757669
-0.23716856867581873
-1.2522513485609326
-3.6865227053324108
0.5805304202365819
-1.1184326573396923
-3.188259924134444
1.388887577597663
-0.7259866787986967
-2.491142888114551
1.8564545807840738
-0.17837610034567686
-2.3235516320069762
0.9854574139969129
-0.733411451408667
-2.691544440474383
0.332350547584095
-0.8030473759229958
-2.852769929141099
0.846880175969318
0.07674326505712076
-2.2656962505789178
0.8174263608455681
0.920508338221537
-2.297762170785102
-0.09826705733770266
0.8797081329273888
-1.4550746711429197
-0.9442281996408365
1.2176385173670934
-0.793929233075002
-1.4794545839244795
1.6479474802479923
-0.12171005370000991
-0.9968449356758646
2.3742039959690526
0.7050961446912472
-0.802740845505523
2.088396917642865
1.6809828377209544
-0.6274748089620745
1.5609158127558402
2.1535805903153444
0.18058539603408036
1.4162515621245373
2.4578923270750903
0.9341165131569396
0.6106004125608402
2.626734080816306
1.912452871882825
1.176202607457749
1.9127911413773955
1.8363133167956507
0.49561362286788047
1.4387586346924217
0.9708595663768196
0.9516795754188412
0.9207511166279103
1.688364917239999
0.9260639549290264
1.0882661698353813
1.5334241443342502
1.9148568106529422
0.20727226228748452
2.08172518918659
1.5131813075282938
-0.4259592266096331
2.799538995060926
1.451574327512393
-1.351694485077406
2.6219429044189173
1.210800052243239
-0.8032903472025126
1.8981573875778928
0.5963729855447117
-0.8529476520627634
1.262988894202878
-0.1370721524357122
-0.9432554207123438
2.2993842984944326
-0.3168485980122009
-0.3269998032933127
2.613104055965834
-1.175452032614428
-0.8704522541938029
2.1639555574714655
-1.8569484378159817
-1.4393011875389932
1.4066587453329726
-1.6574724603201003
-0.8860139701756372
0.7374577937318301
-2.0589492584887275
-1.050506157409402
1.519602703249162
-2.624297990194695
-1.1735235618582522
0.9876644107708034
-3.48787193875359
-0.42975540503520565
0.22507860645804148
-3.6479231650922994
-0.21598838911576984
-0.09221290881959224
-2.542074637466865
0.4530255174545503
-0.057499053896158794
-3.2417036441531364
1.469250467372602
0.1885769107867665
-3.096616148945077
2.2137661422249773
-0.21794923222367588
-2.453828844306287
2.500642240876659
0.555164953216797
-1.7975649705701275
1.859150251506708
-0.05035930720316545
-1.490524634418522
0.9348003000593227
-0.28743739530532486
-0.9944390722788128
1.1391811868166113
-0.9025920500064992
-1.7289735642950836
0.3101467779309033
-1.3288341061441085
-1.7265037425933751
1.081013700200099
-1.6732656983518908
-2.2425081713907336
1.9756840510514273
-1.2034243170899759
-2.0799071011297
2.441849873104535
-0.7667865419432601
-1.2794418129502003
2.5550502020699106
0.0991750087416958
-0.9370480038646931
1.5742411159882308
0.36773401198493383
-0.8234777437149102
0.6916545535832568
0.7476206759866043
-1.296238696236197
0.4523149530280565
1.8658691866791726
-1.1061027162684405
0.8273629224289178
1.4854004848662572
-1.704058368623424
1.5308233653094938
0.8112623416423762
-1.72739514262947
1.147319518567932
0.9572579949551173
-2.6305311432619707
0.31299177278221446
0.7460046478692567
-2.0864424095369807
0.2634411764347091
-0.16010207797635065
-1.6691215707463567
0.09912657887770397
-0.8301449698342486
-0.9692369971179973
-0.9364848803926087
-0.48889107423563577
-0.4723870136361416
-1.0151852374214683
0.3559253946043516
0.2025392845698606
-0.5990345665458432
-0.4055081559971778
0.729543738145191
-0.3608147892688645
0.3463626853256036
1.175978204786195
-0.14199049770580913
0.7343942310243512
0.26876316625781493
0.31516348947182077
0.974394555144048
-0.5427308166382612
-0.2799850478196248
0.6865594528391765
-1.2269470562614002
-0.7864189240928428
-0.14895009177954494
-1.6351588132734038
-1.5264706024463472
-0.6306092498902662
-1.540649367377638
-1.8200617926664955
-1.222789716389262
-2.596628337140134
-1.1873069625492643
-1.2212255152569105
-3.283803460225256
-0.34873590110854563
-0.6554484546082386
-3.3244945238609525
0.5638727840429216
-1.0729234777007581
-3.3622406576968578
1.4011051923310498
-0.7508170842116728
-2.7608313500715242
0.9560733728744524
0.1554152960192635
-2.217209509951741
0.4922727408745246
-0.6522140007198977
-2.419649207434587
-0.2555171537372996
-1.4556939743937105
-2.749898502567894
-1.0744318545255915
-1.9505321986429738
-2.553267724596402
-1.2949300938856225
-2.85703143783032
-2.9349258257212814
-2.479125220250039
-3.1285239754999377
-2.4850925809807594
-3.2767635411582456
-2.6278603753832623
-2.1706041594952263
-2.5442746207955658
-2.830347909861248
-1.5702514242108632
-2.7382123959517783
-1.9002232875905276
-1.9398855981671679
-3.0806185119015956
-1.1229547157897783
-1.5949304370986122
-3.4793536437263515
-0.2571744294479865
-1.617143333642017
-3.7210592015576505
-0.23786023549579438
-0.6278901569469582
-3.7384809192997226
0.5196343637656445
-0.0851391460731204
-2.910587614978952
-0.08914589898343511
0.16737555621340774
-2.112564835017982
0.23089661561113672
-0.03614942268234548
-1.1236853682181915
0.4457758651428371
-0.8508837868579178
-1.9045843529319633
0.4383793441031503
-1.3396713706403724
-2.799893290949644
0.9166550704772252
-1.5155344820801104
-2.1107176380458745
0.779283228987712
-2.2705281821701178
-1.967117932437494
-0.1740439186231296
-2.429111152851695
-0.8454817297072927
-0.8175838549808535
-2.420824164441785
-1.194093158792324
0.12234408911594341
-2.88714077442036
-0.3432622317520269
0.9919463195318743
-2.951324949441863
-0.12162042530545573
1.6911709504163517
-2.2849066370173103
0.7760671009673353
2.029328624863566
-2.68613255827475
1.3012775318981948
2.4128904123589474
-1.8082724732263
1.3197766072609953
1.8818869611724676
-0.9693341085674437
0.9199585342105422
2.0553494510338512
-0.05974430253199788
-0.07299504830242286
1.9021349570200186
-0.05909658916245279
-0.6721538055896945
1.547995766652825
-1.122071120447758
-1.4740734529916535
1.738433960732584
-0.767374358328236
-1.6376984503322665
1.11948304741782
0.2376334702832646
-0.9019347170763776
0.9778994560769231
0.7177064200801164
0.14163883435553376
1.529572265354725
0.6853856458792009
0.9061930882251467
1.1346072702779286
0.23582594419398054
1.7943768245994327
0.369689021896294
0.2718591187094437
2.7136409114549243
0.0591777294708303
0.16580777601466673
2.763919872584385
-1.0331804178040096
-0.0027755298262918103
2.2926074841386073
-1.8832511178052582
-0.21727091109010147
1.9108795511507346
-1.5283838660546578
-1.1388237982598763
0.8399083654506442
-1.39250425680456
-1.0862604730178451
1.2492538522043013
-2.2888321860301826
-1.4424153210255242
1.084328819609117
-2.7715092309074243
-2.2620472374251963
0.2952900189060982
-2.33025046779871
-2.758744487861673
-0.39937875992795274
-3.0569420976218162
-2.794104435905639
-0.06160781712082148
-3.385471151940373
-1.9172256140227701
0.7447802554811404
-3.0929947190668727
-1.3655770104516602
0.2928758881133232
-2.3064733619183895
-1.6152616170591243
-0.666041362648203
-2.642459720499329
-2.022132724950606
-1.6019914167943883
-2.7483360938626173
-1.7625066277675698
-2.094904905109038
-2.091482450448738
-2.5409501189167383
-1.5392155989901333
-1.871194716962398
-1.7729387805891836
-1.735425034341381
-2.6045820667134207
-0.919425304962322
-2.3532268752712446
-2.5246193093046454
0.028965995594262155
-2.8608629762326223
-2.0324340896291413
0.865870581677473
-2.298400715125433
-1.7526212532434842
1.5893191557811155
-2.9550854041559234
-2.5774126269913613
1.6954123147724272
-2.150347317081717
-2.7467234785911785
1.0849020127362616
-3.0286884344670386
-3.023729682272329
0.4818686652838339
-3.276942721586626
-2.0807790920039313
-0.08087691132233862
-3.2922063071327416
-1.2472552929394518
0.2542660290251795
-3.588024709113137
-1.3114592003529628
-0.605263705594383
-2.697447698966651
-0.8532450217518026
-0.6185571641858092
-1.9063642018835798
-0.4497218084482779
-0.8281454674648335
-2.5410289824541286
-0.45225340944558406
-1.497782758191166
-2.252496058706791
-1.2091426126042988
-1.1712323782989702
-2.467421935957318
-1.4639947887406304
-0.12785699163246853
-2.7488755000894063
-2.0745743175131937
-0.8633086866859596
-3.5746443886267874
-2.131313360019577
-1.3657080352563573
-4.214453988927314
-1.197326418037626
-1.5395620932839713
-3.5988677184470097
-1.6887468898526576
-2.3517993981655825
-2.6935913803401688
-1.386160621421957
-2.7608168080249293
-2.076848756113707
-0.7188380077508896
-3.2614901099733444
-1.2293129236792202
-0.3532481330064244
-3.7420790238834725
