0.47450479129769624
0.31339536599092715
-0.8468315565128078
-0.481865853743181
-0.00875580908642611
-0.9195365851229692
-0.7187019274474958
-0.4204337199358912
-0.019840354008074487
0.19323373609747538
-0.5381462534305764
-0.42250153958249737
0.8302591611792509
0.06059054810334739
0.06687187461671383
0.10293530418752654
-0.4355403666473829
0.5556071331005802
-0.6303242716957903
0.17984259450254203
0.7937580045317844
0.33437699426598777
0.49209672512060204
0.8371711792521802
-0.10441793414146912
0.35695091538286106
-0.04469815627491068
