-0.09604489704910564
-0.34772461987598224
-0.6685516867457211
0.6314462367553202
0.3300442656715626
-0.6488432244125685
0.3063767318535777
1.2717998666756332
-0.6119287376036135
-0.2450250093682961
0.5316980718304305
-0.20172356673627345
-0.2578250524180456
0.3568396519734871
0.7924074853279952
0.3650135328102711
-0.14227334179062198
0.19545456081494764
0.02362639502298878
-1.0579484245403392
0.03789648642020593
-0.09473585063395223
-0.6275196004311028
0.940999682956182
-0.6328320869727606
-0.31491586951306305
0.16428899997885235
