0.6184877697077416
-0.4517131782225163
0.5806075705538069
0.5616464861574472
-0.26868718368692973
-0.40680357679192664
-0.3912837735456395
-0.2659209652706533
-0.6918127661032749
-0.10938024560301458
-0.8721039729672755
0.042108493425341745
-0.9816552480355185
-0.37676873128375066
0.10424209337389394
-0.8559889777276527
0.5308547249750966
-0.3111137790883347
-0.11747293324916817
0.11342584382278087
0.21029319113613423
0.0983863822721748
0.5976922888713607
-0.630925440278067
0.7757052267838214
0.5664355573556817
0.09580420825915484
0.4015553132398112
0.4267856164062052
1.007600005513271
