-0.3137623939863738
-1.6164523010725431
1.6859978183599353
-0.7120972772454832
-2.487930782315965
1.7248279610066242
-0.17500554983664743
-2.1285871050310683
2.4701830793150066
0.5603000770806336
-1.589050704496953
2.0662616239978857
-0.008616664921616791
-0.7825145172796881
2.0977766834738256
0.9612172410061067
-0.6366689447151749
1.8957876280736858
0.576484116501126
-1.1603385702577074
1.1990004743221723
-0.3139087526079042
-0.4186197335344401
1.0756098529761342
-1.0527966190746336
0.071864324494085
1.0679527224889367
-1.6006963044246791
-0.5012435360678028
0.28363759051891585
-0.3767676277027654
-0.6519595004370706
0.308242398066205
-0.96696174962083
-0.29339221675512195
-0.7220550074891992
-0.11769233193598484
-0.6950879893461123
-0.5117184164316353
0.43083327435786645
-0.48915988009355227
0.29920419421660494
1.4435426087322378
-0.4935206904701923
0.36600018888806835
0.8849644829920463
-1.508443876147828
0.4278778856228551
0.2963416141502594
-2.058398165029141
0.8023477492939239
0.27176426856561936
-2.4474935893789453
1.6941855561674994
1.0895488827882374
-1.9514348266522292
1.2987052610756422
1.4539617818357433
-2.3035903941097184
0.41644837691001074
0.7052983696369269
-2.4412325891292657
-0.2568873946915819
0.24553845012595202
-2.0243975723800163
-1.0750861162968965
-0.09729083738842134
-1.12747453752931
-1.4329152431257186
0.7713503892606083
-1.2142801775885772
-0.7896143047474143
0.11483678263752457
-1.6640239979778746
-0.05965119428053403
-0.41361323249029663
-1.4409787670732586
0.6023923964153572
-1.0653001110765516
-0.9006684237752955
1.4689484740722791
-1.2472291795834263
-1.8702278826532839
1.1046673276915902
-1.26522675424932
-1.3784893889856917
0.2211771171713096
-1.9508454493585048
-1.425713221757108
-0.4782064072545274
-0.9965663920106436
-1.2454852285730036
-0.8562868826520799
-1.7445324711786336
-0.60705864850887
-1.160173518717496
-1.7855851571537589
0.2513629731679511
-0.6844938531530609
-2.363599645969743
-0.4572014433636787
-0.267151878975363
-2.1811661038991543
0.3223117451945106
0.2751103846887627
-1.9255666547778698
1.2706994007857997
0.43946752047635584
-1.206869454635851
1.9591301505087968
0.472104637521887
-0.3160546652552622
2.213838286617678
0.7256187461566634
-0.16615951243306706
1.1124761826271672
0.4185336970602264
0.8165934962855597
0.9462625326584555
1.0747044614949173
1.0250482552211502
0.17316829210038734
0.5154838628882835
1.6844750593540012
-0.02524181623991236
-0.3692666527343477
1.7251239114752857
-0.8736446645074178
-0.5941287100737229
1.4769067770304383
-1.8642452563418863
-0.47027082370036294
2.0752349780066788
-1.5054495914663228
0.32117120009776706
1.5357809863396463
-1.1115516117723936
1.2672313154991532
1.5304958926185872
-0.16042390794970024
1.2680287051564982
0.5663759944909772
0.05173608789699761
1.174611945311106
0.1451810780354681
0.2876998478076424
0.18245062224357728
-0.6982706710378423
0.5398264942175697
-0.09856347423433985
-0.9685636852136469
0.9869655852691236
0.7020276166759455
-0.22131451465016208
0.4923795563666154
1.3206653356516604
-1.0525116121313636
0.7951421517098514
1.6888242161299096
-0.6751087990596224
-0.034472339944726066
1.8978060927001246
-0.20944185069998464
0.8375611346109976
2.1691913523631157
-0.1428989909575574
1.6274249429902106
1.5259833673371266
0.6396834416620316
1.9767117677761297
0.704831445089578
1.5658829245133894
2.085678838959665
0.8151788201213842
1.6207537964194554
1.204509053797573
0.5653789840374372
2.09609913741815
0.18742866608991185
0.46954060450108925
2.5090680673969343
-0.3355845538221595
-0.284869375401198
2.111699703954162
-0.2578595160738529
-1.188580843403928
1.405881793589842
-0.9281597607746174
-1.495400227960871
1.4825980175964817
-0.06375512694338228
-1.9982837657866122
0.6367194901084201
-0.36543950224132166
-1.6693982519590616
1.1065401545037195
0.46442174697305055
-1.2419187570074206
0.10745865461876311
0.7014090596268076
-0.709047898293849
0.9150985494661892
1.4473046630457909
-1.2454777585558985
0.34174754231751003
2.0375056849470763
-1.8489544172916417
0.06194995999844667
2.4316223092898004
-0.9732129396588355
0.20806592847361563
1.73127067892563
-0.2110337024282773
-0.09711247163104218
1.5643742137910328
-1.1646377563191417
0.3043821709565703
0.6706277622770023
-1.8046761816608388
-0.17881347935893468
-0.06235594494038259
-2.2186164735216765
-0.5852469032351816
0.6686382017248226
-1.9191516465287248
-0.2785110911233789
0.021083398152872104
-1.1664664367386903
0.5739707875153466
-0.15895463049417882
-0.5772448056344948
1.0061752788931952
0.9521774196968141
-0.4313041336370234
1.1537844035496299
1.858906710518767
-0.06115600559026708
0.3959720532947658
2.596910303146701
0.07184624715985291
-0.5589321922828814
2.390077661562222
-0.17211886218499378
-0.7288112226441495
1.4236548828023927
-0.19146325148720653
-0.9041645899508594
2.0217427893998
-1.0863571473631974
-0.6227077981979241
1.6619693407060632
-1.9784896390623992
-1.4656439063542248
2.1825536623525883
-1.8756130918442209
-1.4446851750450398
1.3476964258059079
-1.4744191964096758
-0.8805228180257807
0.6473588737807044
-0.8328014592827555
-1.7213090983095165
1.1935852620029188
-0.5523404395565187
-2.2691160352802546
0.8083745695963209
-1.2505561814857138
-1.6020473789972318
0.13977625377155725
-1.6181651151480594
-0.9610854477722763
-0.5989624635443146
-1.5747979007225636
