-0.8977718279843357
0.053544352513288346
0.26592294903677516
-0.4117155323575513
0.4668277220369561
-0.4635670338098368
0.05206962475160137
-0.3187989892596271
-0.3757924382963147
-0.7579096982065612
-0.4064491795637043
-0.6098053225753496
-0.6590667785213346
-1.2243160288725305
0.2077745559576747
-0.7124038321033985
-1.5684970525228006
1.1602006581290285
-1.7141713563851289
-1.978124785752376
1.2424238776184389
-1.8076625112246116
-2.2917548876127825
2.2626561096631495
-0.7690695716529997
-2.4459900767102436
2.569700980773636
0.06459205457943332
-1.9204664860424119
2.2434306690350185
0.7398681776126647
-1.2468049188440093
2.152230951778341
1.623624185173059
-0.5702882361442669
1.87521847880707
2.361130076184674
-0.9564956709715052
1.0627638279738592
2.4648947308084144
-1.5318053114218275
0.2839312383418086
2.2077350975485994
-1.2174190016447994
-0.4846229127594478
3.0760409248042064
-1.258265809662033
-0.4981756805809457
3.432817563082068
-0.7490244432261892
-1.308826291189304
2.612083062043853
-0.33038835610744244
-1.7606316189947735
1.8088606367400253
-0.6663828649057698
-1.2483130202432768
1.2257482463998641
-1.4978757476441154
-0.9012542333382983
1.1540709689884032
-1.265958611045689
-1.8063040783600428
0.5531046686457817
-0.6635857224083784
-2.4439515864065657
1.1534973312328711
0.07151688476389281
-2.6323084517509545
0.3707645464174534
0.2819448441971756
-2.1705715570784974
0.2699941539574682
0.06811229807872429
-3.1003071752783735
0.7289966546662758
0.9269146613520393
-2.801263156709209
1.4329725061740777
1.2320006127508811
-2.1428475384025165
1.0276733272533793
1.6641609624896383
-1.3475055831567189
0.5279646400823497
2.399511648490199
-1.1616243254256882
-0.5075636701075563
2.3119211454055226
-0.5903389223228623
-0.010876743754085101
3.2524091742536436
-0.7753592546168412
-0.4850284843050401
2.86307135421093
-1.7309252168896654
-0.4255555264058627
2.0123835641567527
-2.2720752765202032
-0.32352637734655976
1.0410471598778583
-2.108932498475428
-0.5628258413141316
0.29236024633504243
-1.434377912716566
-1.404807754307173
0.3340353457808067
-0.8215152279544902
-1.523858133242079
-0.3160119982357071
0.0025944511389347294
-2.203632601714652
-1.2587091237516104
-0.11962721163996402
-1.8864225500919487
-2.032695296847794
-0.6652738271056143
-1.214218751359239
-1.4429991380259246
-1.471528114793117
-0.5979434031749928
-0.7991614273401059
-1.7255697658482532
-0.7140878078678141
0.06546607136437124
-2.5691175196762335
-0.36768672922465023
-0.8743435140172029
-2.6618789055731398
-1.29653704752991
-0.9899765301433348
-2.2711108264319817
-1.4467627651204207
-0.3482239996178917
-2.9873246313393564
-1.6394345105768948
0.4491504951563863
-3.4060223131546894
-0.6947086944723275
0.13643641976333556
-3.451239773186634
-0.8395850974034178
0.905535210215228
-2.9107732281636465
-0.10677834034993024
1.46717490153713
-2.9909771663129594
0.5308077070983652
1.7661922957082843
-2.268014049389182
0.4695947525221097
2.7847796382370604
-2.084608728217433
0.1102743941788569
3.621845777024399
-1.6861322070279334
-0.795221590275175
3.626400482364089
-1.256682453648126
-0.8192684997876125
3.392741235449742
-0.2581052401741588
-1.3487835586149806
2.774569033224553
-0.9529652844381189
-1.1565396706681697
2.007654450072308
-1.5588615449314887
-0.15713307414983463
1.5765855787279761
-1.2547847515268435
-0.8446360589240275
1.0975393151009376
-1.1353664462443003
-1.204857707693961
1.155064028449776
-1.8020691956258112
-1.9698944876906703
1.0262331280373878
-1.298601931928093
-2.5107408556227355
0.9239807254403287
-1.9808211886934255
-1.6506335039107327
0.22813517031847785
-2.332711123788789
-2.4785122379834927
0.36763389133247215
-2.8920761713354497
-1.9619855865206273
1.2653160067042186
-2.814836664986522
-2.000841583780971
1.784830768417559
-1.9520396919852512
-2.6266427323250445
1.8864142156048673
-1.184632136987717
-2.857980510100678
0.8288085269618966
-1.083402245100984
-3.028587287212924
-0.246809890585548
-1.0623416520346571
-3.0840480613913113
-1.2251733437026247
-0.7103308439545817
-2.853751826705488
-1.9769794172777246
-0.013683421169924206
-2.7820519827423666
-2.066230474308976
-1.0314922879090387
-2.404829614055606
-2.8630415659268995
-0.4483690311489359
-2.3499832621020778
-3.6599458252011345
0.1730965478528293
-1.7447206390038934
-3.358321079666377
0.954084808878022
-1.1983925080948539
-2.696652471731156
1.5346843480507304
-2.2219672370634025
-2.7321627194841547
1.5146836476611492
-2.516976854621561
-2.7782467841526985
0.5320112034288501
-1.6113996345417387
-3.1144039995807664
-0.009917269418095342
-1.882538672569927
-3.711163962787373
-0.7017907472016147
-1.6021315103953724
-3.3786340346850285
-1.741290125517875
-1.0434713266967033
-2.4891249640398425
-1.7809833926311864
-0.48422663333800375
-1.7138031529841018
-1.8093223236801301
-0.20696648568931184
-2.5192267182259465
-2.2704558648422295
-0.6366405829935258
-3.4150552055266448
-1.9027148199595798
-0.7751452964827064
-3.6380028302307266
-0.8728363332671704
-0.5678629166482516
-2.862625470812727
-0.2542172150311424
0.3881078069730529
-2.868843199779223
0.08501768479722788
1.0149108221963412
-2.0798628569997883
-0.0957566114938678
1.3634691579961526
-1.2287153818221277
0.2732326726826321
1.8595514183603443
-1.9282835628025026
0.8826122048373986
1.805263853659192
-2.492790744863386
1.76176180202926
0.9055010615300934
-2.046530784338343
1.6271383812884004
0.18651335126630061
-1.4541748293486279
1.1160579775343404
-0.28180878326935865
-2.352121671947551
1.241818817596869
-0.21028474015760623
-1.903460563937623
0.459209303785298
-1.0279713585387285
-2.383055633367195
0.709041789847577
-1.9790999582379643
-2.0055368423424773
0.2908047537871318
-0.9816317311563879
-1.8704949140314344
-0.18551967827735372
-0.8616775280855424
-2.104394529971013
-0.8666484952700559
0.1098623059149869
-2.1461738466019544
-0.5131391352073407
0.4159932389768485
-1.351624118394996
-0.08119463427531337
-0.004711090342317294
-0.5799062937141475
0.6610449836812854
0.23144071653106385
0.4169844265641022
0.3324429526414758
-0.6066862931711848
0.804438211258805
0.6058735666615832
-0.9523394151554531
0.2084413372409547
1.2693005425557988
-1.5413964327316814
0.4420405312096842
0.6141166316231389
-1.4996585721170075
1.3937320424120727
0.14253134659307182
-1.3970267892614048
1.8834151495997278
-0.6555733603077031
-2.3349145080395073
1.245992417521321
-0.2324720584721999
-3.120170171957218
0.5751063236706507
-0.15334488709822244
-2.906319287699744
-0.3669737135162648
0.054244063590721425
-2.1379397628861114
-0.5603482141792792
0.6911144582558898
-1.200488285045735
-0.5323842342430718
1.0191361535103178
-1.556631770639364
-1.3054000669143158
0.37852722592453425
-1.2808023798925419
-0.9921352686064346
-0.3817011096974726
-0.27878345394948095
-1.2313295100789383
-0.7501754236734113
0.5947478282745179
-1.939656137710749
-1.3615312485942268
0.24880253286481896
-1.6451927737526375
-2.427439390772123
-0.7675065976360187
-1.788081419918791
-2.6418228065720943
-1.7193762737049816
-1.8148666879342534
-2.170875874095492
-2.3113759774866214
-1.2586415038154657
-1.4351985457745073
-2.0664773703674815
-0.4865358239744668
-0.8229759986058086
-2.1821004240110664
0.21017986405834443
-1.4390773777733625
-1.5612599245209446
-0.3292673906880435
-1.5471719985260548
-2.1218220499768607
-0.5545706790044901
-2.2235868306804187
-3.0767093665336347
-0.8936050492144127
-1.8739346530588092
-2.7502074067254183
-1.8718483752915391
-2.025559976585973
-2.08355541756822
-2.49062848728529
-1.5142445591123772
-1.3248493820746599
-2.71411202518431
-0.8568613641609217
-0.36124271635586325
-2.8294859761890985
-1.162011264941672
0.5466364453098417
-2.84751122833431
-1.673090333262323
1.072263848538938
-2.1545326675107845
-2.1582699677183843
1.8351899066884219
-1.9045108654044294
-1.545323280969202
2.4874173044920616
-2.0209966037741176
-0.7684555043499177
2.5796981673718533
-1.2297560643045367
-1.3306224879701978
2.698106049836306
-0.3908560983367659
-0.8115051440011761
2.7395226607440257
0.4980610411894246
-1.2355089385489542
2.0204648047453895
1.3550900943240611
-1.0546913243500202
1.882360929470852
0.5075338861793849
-0.534180802127404
1.632336011514378
-0.19443390819103973
-0.3737693773064002
1.6814111225584873
0.48956108086924643
0.28443665599115825
1.2099128974530806
1.4356079748331243
0.6158525852027146
0.07775029863343626
1.145514719929602
0.8847361531005556
0.010645662054658066
0.13019349412440376
1.2316517254246329
0.6809640242454988
-0.4368738721823775
1.3316990938810687
1.191621754914337
-1.3113176222109035
1.1477491549226533
1.9391185671224418
-1.6146729869101828
1.9270385574620985
1.5173874518304256
-1.0489779364660012
2.6713991612940684
0.7549404260969093
-1.7808000252085605
2.912832805766652
0.06301129434359999
-1.6528359348575459
3.637701543887672
-0.5881638525052149
-1.5702834632651859
2.832852166817305
-1.0185032913413452
-1.6569247825865907
2.016933981406611
-0.275288386921314
-1.087284586226302
1.8910775098531423
0.33410313415098236
-0.22992031019027237
2.27064088066065
-0.3361156761730157
0.30832380331748416
2.23012005600741
0.438540233863126
0.6965944155000567
2.0037907801952484
1.0339161907252734
1.4250382737685579
1.5799151289189493
0.9491134127619305
0.3847837372404884
0.9601747253758064
0.9754731928523072
-0.33078791653397627
0.3492718915801317
1.626034304978584
-0.29586205109291697
0.9213929205272412
1.7086891756538758
0.2637819987524861
1.725377557801861
1.2384537033736978
0.8121401240449944
2.4355044227899505
1.5515897052523593
1.6859782530905696
2.2852332309853653
1.9717437340186226
1.2302416527847202
1.4817614013591718
2.504892543385842
0.35307789282291624
1.0972212458583137
2.450270148124372
-0.24434531673595952
1.932881807529513
2.4990234381649246
-1.0897708194361901
2.5470366618620193
2.329033815544378
-2.103087694124874
2.570941063513267
1.742666570143353
-1.8211938426755134
3.349623825226367
0.9607287174723409
-1.2257594067014939
3.7329556511877073
0.4006310591274649
-0.9021656083623503
3.0560362804228998
0.9567266633226588
-0.22685837144334084
3.034593945065458
1.9268473367265084
-0.026054437155438977
2.644681073166796
2.4822872545451657
0.6652225047150584
2.212670528230496
3.0189871490615743
1.1402615131332126
1.4081530560374287
2.580987199496325
1.3513895673749587
0.47271154827746575
2.1855568418559326
1.8923892678977303
-0.23792708583874034
2.2479639351793934
2.9283289518176527
-0.5399998339086299
1.374543097720332
2.3611922706423343
-0.8208459961837432
2.1150913250359773
2.1928749965554326
-1.4003400550537657
2.983254747531126
2.373501443553483
-1.7902705837564636
3.0795030870695417
2.1363871406531585
-0.7928862359801055
3.728403982005669
1.4260671911179217
-0.8329212299541517
3.5918175611617897
0.519602676852987
-0.3004699002990632
2.6362421917989205
0.42177422421155103
0.09731202887642869
2.4656222516530253
-0.5098452403991001
0.3451737724334032
3.241225734446083
-1.1310688022930013
0.6337332222078074
2.9801578593143896
-1.240312040632757
1.6640927594633708
3.1310267190262717
-0.33456525161487083
1.1160250221486823
3.398744740900487
0.5387829257614732
0.7241484730893537
3.530910282587984
1.4220212669519023
0.18876376967785302
2.7814745560423835
1.2381473467541155
-0.49524980579257444
2.917072500292112
1.4436601957827457
-1.4661427515711156
2.2810491075712864
1.7700949322379185
-2.1893975903753224
1.4387288179109101
2.284965392535345
-2.024679903967532
1.1488826814357975
3.0831862277034516
-1.414120865479237
1.3336925392276844
3.2667172444013763
-0.367295311834201
1.9192487811362517
2.9173224742798416
0.3760786932123428
1.9338874304787323
2.03917400780363
0.897105420467114
1.1096307128391107
2.298585481971624
1.3355459445487532
0.07552622262107253
2.867869743690696
1.1940005145384136
-0.5583921164691984
3.4663115788805325
0.6777948789903353
-0.8063513494718761
2.660864829482031
1.0641300124566733
-0.526249428266474
1.8293022606836435
0.7207063914115867
-0.27703397930558576
2.6677713232922713
0.061970483407782384
0.33412868862626083
2.016272262237642
-0.4246007099406838
0.4794904762631533
1.9357837638148745
0.5984477944079081
0.22850704640827005
1.9604913798711168
1.559965445760755
-0.5006548987910726
1.3835143254074802
1.6290056445185515
-1.3351299468137643
0.8662211161035804
2.161141178145392
-2.200001047004292
0.9923696589760512
1.6780768825314707
-1.4824566918740552
1.1615844393533687
1.136676032412013
-1.2945316879681361
2.008231989675913
1.702458050063912
-0.4516375907963421
2.1426370767299283
2.257954252307027
-0.46433403552089747
1.2379835053796182
2.5107452445938114
0.4770567919968058
0.5251539303140551
2.8028094024274046
1.0276677374101562
1.2077455531846029
3.2869571913350035
0.5738523287737212
1.4919241072613136
2.419232447614106
0.08170779213694294
1.3974204306696696
3.458039334511028
-0.6184440337071052
0.3304014891674165
3.247767647636689
-1.3084158868479576
-0.29126288801713424
3.1137487992426194
-0.5794197887455045
-0.7463267822085958
3.675063889659355
-0.583172236909666
-0.43887857988439827
2.6161119364681107
-1.2528737846506603
-0.4113453230517716
2.0181775448888475
-1.8855628232832617
-0.07556144053086444
1.4205754652491525
-2.0165912292649577
-0.9383617963718687
1.533408205112424
-2.5863931391393398
-1.847606140707979
1.709465468387116
-2.501762827599665
-1.4759471887816111
0.7036832545201908
-2.9638894803837212
-0.6170341471779779
1.0341849735395
-2.6894526889705066
0.20737462143567223
0.6538923154200831
-2.2549364825418494
0.42597267301661107
-0.21679372929170335
-2.2174123836717063
1.2254052975308476
0.5891657173442548
-1.791346730429218
1.9491258494206254
0.866631370893271
-2.1488865864602062
2.200276715403882
-0.1439180578626414
-2.3844910232583736
2.7646777763187127
0.666437983274114
-1.4886131407937775
3.1848211427695863
0.3993949054907325
-1.1029694200679934
2.2789427847912758
-0.10052722698543298
-0.41858619168055705
1.5369761272580154
-0.32863310214526925
0.39954978205910063
1.3083443865414697
0.17526206846565262
0.442845901106039
1.1287696090220962
-0.9178115297856556
0.31424542281486384
0.12652085899264406
-1.0656708633750387
0.7963275591666444
-0.5429798956378876
-0.6927433286495064
0.3482288674426112
-0.8269347487031552
-1.5230191907785167
1.0049306451453444
-0.19214641143221073
-1.6812874760892225
1.1751940615964793
0.6166415341070836
-1.2905667980814122
1.0585722520530674
0.19545196299664874
-0.290737815923106
1.4631344716042745
1.31255874658417
-0.2239425680612853
1.2396677883727545
2.2334084611166247
0.2600852345228781
0.9769603052808834
3.0475255311819947
0.5324596569575781
0.909026032619275
3.3587899764213414
1.5243286335455015
0.3706709115037177
2.7608111766758174
2.1251072183674173
