0.5917528004300627
1.4542737664773089
2.2914774925714743
0.930622364656015
1.883558265090468
1.499558792246951
0.8711820590075096
2.1804026525852973
0.4309435174030546
1.8306901426808586
1.8358725615508373
0.7608098367514512
2.1701812049620437
0.8859677867876458
0.648053931141021
1.729273825700333
0.17068901587629812
1.3462627209469533
1.0846781955255607
0.6651950456998471
1.9511918841975247
0.33842543627826666
1.0503308287449136
1.4334988338590606
1.2259519511073447
1.040465198817316
0.9473721935348894
2.084894846022313
1.2508099953645917
1.626670082490728
2.7046683276394496
0.41477988733251486
1.4175013497817197
2.3279559783015205
-0.5265273049153637
1.2260249030046424
1.925050048888849
-0.42183637469440244
2.1018234639419107
0.9579600662425353
-0.24713033929244604
2.186431539999466
0.2931576496906814
0.3444523535632221
2.1548868561748704
0.5978015617648303
0.03438649134304009
1.4018517786339186
-0.33169835630307454
-0.3906835150627297
1.5053782829513085
-0.4962187861978873
-0.7796407087531072
2.407135044707663
-1.036971735526497
0.026785014965320167
2.2204126181246004
-1.216594012413802
-0.6876887602944165
1.5852235646283293
-0.37646039494258476
-1.3180618587871724
1.648272650351864
-0.28543084810970215
-1.735526943518435
2.538212869513613
0.35532303744724947
-1.1768034141371433
2.133511782701297
0.32581190087214784
-2.066177466852688
1.7731864176524699
0.719524055519018
-2.984311577108969
1.5411573158071106
1.5736639274175308
-2.935788300103303
0.9669118546206092
1.8919981334770652
-2.0809161612243723
0.4317131184348612
1.3919391170821036
-2.8474287498757564
-0.013300539490128063
0.7475102828949657
-2.452166390289786
0.6762033581700638
-0.15513362034161773
-2.1222837659730804
0.9128409887618802
-0.5012565436473873
-2.8793891321539493
0.29481073787032014
-1.1396789416753221
-2.1860647992596878
0.4803421116263312
-1.4016344312341864
-1.681573897472265
-0.11501514835254793
-1.9540455636691605
-2.4794448277938295
0.05521353586323101
-2.8657803396073005
-1.982470551143421
0.22099228287216957
-3.0719973169571104
-1.1016107352087097
-0.13934821305099981
-2.8431991827184513
-0.26062635663866474
0.28598009146280673
-2.237962715581019
-1.2706376548304035
0.3500890642844774
-1.3317502982811245
-1.2471881118739667
0.7786525573072609
-1.166626970506833
-0.7871458294134829
-0.06248879344569447
-0.09089957456142156
-0.7645045265767387
-0.33246933139125057
-0.5650897490944577
-1.6831841232665299
-0.2011538587986563
-1.1407369400534688
-2.5112180988619346
-0.3508335453962173
-1.9636013956153218
-2.181437961130519
-0.8710735660967363
-2.190439917347096
-0.935590229836825
-0.5451075834462601
-1.6474340091317148
-0.2486179269741588
-0.767770660914824
-1.5813136157943224
0.40992082498556065
-1.450894193855134
-1.357742324491348
1.4040007243608
-1.551910865695691
-1.9862274030891969
0.8732223632345565
-0.6640886676652233
-2.2273476039333517
0.6304785483905861
0.22802816044747334
-2.4633556617258745
0.06512200275445959
-0.5941870317861725
-2.3895196002932524
-0.5855829469063116
-1.3715753484673892
-1.5622989572612886
-1.3119661132327853
-1.376738030314046
-0.9010444141243881
-1.543825917592526
-1.9174960611638974
0.15156092563789472
-1.6157150413169747
-1.7668109492002202
0.6724017264776383
-1.3535745840780993
-0.9546551265498585
1.2360453296674927
-0.5951962656294528
-1.3286192614194519
1.6439805716995564
-0.25041880098368785
-0.4454633173543151
1.3680146525416077
-0.11341174143581867
0.5248997586520286
1.8640233439116123
-0.9833182828111969
0.4779367738219687
1.0064109928754241
-0.9358413239361452
-0.11312573760477528
1.0511749066956315
-1.9367196479862983
-0.12815618238963067
1.134330386057832
-1.643379751335006
0.7358147416987226
1.9987420856899452
-1.434981171211093
1.3242141792686448
2.287015297326407
-2.380159695257455
1.3314020202218686
1.2861643390872044
-2.2012869901609444
1.551466021953687
1.4347122644445165
-1.31882331262983
2.1117787568934454
1.3716660204543303
-0.6306598601103901
1.3810200737772682
0.30506975093893035
-0.9213025330651337
1.1230077207477849
0.37431070391575044
-0.3816075220415055
0.3087739755830042
0.05979180209836374
0.49344228105034477
-0.1900072369765119
-0.09142437645590022
1.321501083457306
-0.7949798256702776
0.5336555820611776
1.4168246500971229
-0.07601601752672135
-0.37637456578167344
1.8974678274489514
-0.17278531169505135
-0.6723791554068141
1.0969214749182266
0.524316662878405
-0.33237305493711505
0.2537402653765219
0.6715884522322073
-0.4104920179362696
-0.8079753554669049
0.5705556842968502
0.31539010085062513
-1.4736387403674358
0.37355243746696193
-0.005177860008175782
-2.4233823107822214
-0.38177848028197225
0.30012581892772894
-2.4426483748807497
-1.3508742552606068
0.13725572224769034
-3.2105819980680557
-1.9183293932157242
-0.32146938839408556
-2.3701185972103165
-2.1317852725070696
-0.585216368615834
-2.87355146800782
-1.3573067214889116
-1.3386566090773921
-2.2664816829230867
-1.5869509957059096
-0.5609636239256183
-1.8102270060181198
-1.1580947713695824
-0.7831073897006706
-1.139960901790144
-0.8385736458297668
-0.0858538088882543
-0.756032938000394
-1.2434935392643565
0.5801917042478338
-0.2730674325236567
-0.6580105905877213
1.0581436136661777
0.5656365768704168
-0.4074287394181543
1.4998276657927958
1.2682550204985288
0.053511605486651785
2.1486881018700217
2.0327512941600165
-0.2418585012837159
1.8322823243525752
1.3328670458098808
-0.9668865380173907
1.5689074965312133
0.4034623497777746
-1.2422982297763496
1.4431493615905482
-0.060679344057291536
-2.145274817011304
1.1410196847561649
-0.49572328900170737
-2.9875974092903825
0.7251048761380297
-0.7095048161139493
-2.162864933807267
0.6131327516161711
0.26533764112380603
-2.6177975113885346
1.0652951070603143
1.1268919630699692
-2.247212401444336
0.5618753499181355
1.9125067262328759
-1.6691969280926144
0.9366894212871293
1.103304812941911
-1.192374637092313
0.15048336084539124
0.9197473110316027
-1.921114841393349
-0.18752044641314355
0.08255021970084336
-2.0527641973576585
0.684110901158366
0.18552639514610075
-1.6390530327594535
-0.27599414276489104
0.3453783125223448
-1.1415759703146668
-0.6705622425664863
0.6231878687435932
-2.002637248001583
-0.40558132556929466
0.2784132878988242
-2.8669952629665154
0.12604578355976873
-0.5578450541620761
-2.990073096595562
-0.15285893546330667
-1.4874659086381592
-2.748535030808017
-0.7442163541713179
-0.5735890089297364
-2.5520198572802455
-1.571049585540344
-0.49261437864878826
-1.9544478004837142
-0.7558813546511571
-0.16963466109454195
-1.351979975235681
-0.8477816961144299
0.8320387512770466
-0.9065311885494721
-1.2907544094544516
1.6441214595228997
-0.08293624320831358
-1.014906391347509
2.467656352553642
0.12469013315258526
0.15191917992073953
2.663456847756967
-0.06555943303951382
0.7561045300506718
3.2210094223391312
0.43605943713334705
1.5456712178205676
2.8500046365370637
0.9695396242439984
2.3755306158543443
2.63040193744984
0.48157828772344996
2.464835878725237
2.934000553185194
-0.45622067557826285
1.5843754123580391
2.8328625290389406
-0.09252267322198258
1.15619910514143
2.0392411662162635
-0.5481402714628447
0.7922408756797147
2.9345428953218313
-0.7200911277734231
0.08318672368332675
2.279581227511607
-0.9204215263037453
-0.4574487790836514
1.77295887027838
-1.751672707925868
-1.163776890252237
2.4343950541609716
-1.6284428340617634
-0.8516642666476948
1.917695973720285
-0.8725440781503901
-0.6759388014184801
2.845509252375941
-0.7865466308515694
-0.5472424754566386
3.483569393130904
0.004210072135963237
-0.36675238766964113
2.8752279083533514
0.8720525112282396
0.1480482914886764
1.8706958644888583
0.7958616112836274
0.06551511660017957
1.8676463350997015
1.685367455391204
0.45249587921368667
2.6623017508708773
1.2402114958439947
-0.39618352906202964
2.883198051802083
1.7713569200580919
-0.8320302984387618
2.0354877642377978
1.0313446487180107
-0.9953875275188985
1.9778505450938124
2.102486660994888
-0.37985519018027036
1.2449482747801817
2.25885435298119
-0.6688422524163989
0.7115578953473123
1.3871733029710327
-1.6469856434798957
0.2131884604700519
1.5214182281823974
-1.3515028936467537
1.0489827039340047
2.014006711026445
-1.5103741577772138
1.0047931560089516
0.9456585044878172
-1.253098489558158
0.4984211688700914
0.1251601910001491
-0.7790062582279138
0.07676507123790471
-0.4553788876686574
-1.2208340849251709
-0.0799625625255958
0.7668366486582374
-1.7715702315407362
-0.21578601070377634
0.08489036565887743
-2.0843490834280898
-0.4986192738185304
1.169039696153951
