1.331217862986055
0.6302567189931967
2.5956572134259814
1.1677775236442873
1.5402910285172868
2.091656973971436
0.7375193202621814
2.3351249474711655
1.561261889252692
-0.23040322049152728
2.529458325778637
1.4286946345238167
-0.7558309331721933
2.2487221918276727
0.6455777909299114
-0.09348814592968462
1.7369692887855863
-0.026374495940539568
0.6436488833306555
1.208892775734065
-0.5593654607128558
0.7768003454709436
0.8684703649085034
0.6267516380428197
1.0579697260131453
0.7380180752980782
1.5006952056852396
0.3357594452104706
1.0015883028360704
2.087225022066206
0.3005081193729052
1.8108255380142813
2.50080094196304
-0.25928922822838596
1.4753711767185131
1.8013217538642148
-0.7569628527575963
1.2307924102474863
0.9361924432879084
-0.4084720089232488
0.9950860034943518
0.2889457328570891
-1.0124171207366046
0.5563889713408672
-0.5254829732643301
-0.5623867295846668
-0.03852874166567547
-1.36474858640088
-1.130217878350369
-0.7271789984024015
-1.848028109829543
-1.5495607131021825
-0.23869773968414404
-2.535753833373462
-1.221235932910063
0.6127752185847515
-2.6418370379070217
-1.7096363244828385
0.7406083895371344
-3.550351470194998
-1.3631013771265728
1.580217178223326
-2.9039594966657725
-1.9077835792219777
2.1409307236139026
-2.225605623405449
-2.546945095571036
1.407865459463416
-2.54382388125966
-2.0812978777228643
1.3470327409281813
-1.7304168324089906
-1.7565003003359034
0.8743037429081509
-0.9505937866186158
-1.4225592958286222
-0.06362087415523382
-0.9472873376873651
-1.2418762969476769
0.259164840577233
-1.7675425556672915
-1.0825029232398475
1.2048878989303877
-2.0243903020419967
-0.5798791209624493
0.9912827705734638
-1.1961119135742437
-0.0737284042645945
0.33371696693226494
-0.750537893645944
0.4750118924126916
0.9434691212362101
-1.4882646417473901
0.7353330723808208
1.8887864912154675
-1.7486397985968913
1.1164627460094643
2.725182120208665
-1.195783039525917
1.5600191725274852
2.471837955481121
-0.2951849240583083
2.031466658281327
1.7024107964436113
0.41780880640867757
1.4347097301181317
2.5922237781153017
0.686296420686977
1.8863048608006752
3.434170571080117
0.34950751842076594
1.353536863701554
3.445070050949038
1.1995924139604146
2.3821108936732394
3.180390002215109
1.2150622826996298
3.2502454273264214
2.6166987342346704
1.1246237775299004
3.9231453873144
1.515444388509605
1.1608302835448516
3.833907675263333
1.7258586244259826
2.2467195471920913
2.930544197112887
1.8977622331454898
2.613024673726994
1.967687817647158
2.0106561073985953
2.386754957692188
2.1747614422439745
1.793682174263329
1.4512578345443334
2.394061084401246
1.2358921027539314
2.1107858561812165
1.953906527428677
0.2874921347586385
1.8191795310571637
1.571955165350167
-0.5391238262741227
2.075528598705605
0.9134612098901478
-0.8119069397745248
1.319752842768121
1.9315984804061943
-0.5609810792886504
1.1814568515288801
2.8268531081873256
-0.929748252787502
0.7565713786140492
2.7146063742144673
-0.1281639112632169
-0.10245841152826513
2.2718893023598596
-0.8342892304224386
-0.9442207128361707
1.7716676169624008
-1.652775666806008
-0.572346394004666
1.0214931143895905
-1.3260013870069114
-0.5760967779864076
1.0940099800413459
-0.9005094017071815
-1.4539055722356098
1.8366777970994774
-0.05710464871613973
-1.4153126458087413
2.1237432489676085
0.3211889939094321
-0.5702276262165918
2.340237675165115
0.9367487493020616
0.23147476197696573
2.955300153806556
1.6991115420087979
0.5072549353461685
2.9891683760839274
1.7797531660584949
1.7246225441681389
2.641837177240511
2.5636407593144632
1.9101884612190787
1.6512247658555754
2.685957662673727
1.674885792834572
0.8465216593063161
3.0687271701242507
2.241425635217098
-0.24601477266543592
2.96016111329677
2.230683621611193
-1.1478061197285887
2.990663409672051
2.6622994434014027
-0.8992668084132986
3.671920459228371
2.0293800563435123
-1.5202496275696853
3.916872285121948
2.7731574524241207
-1.8277997918797326
3.3429231912500885
2.019169347081996
-1.068175162147653
2.7640578879483475
1.708258956362728
-0.6241918350761229
3.152086601692648
0.9662299620126179
0.32076848073345804
3.2292901021249913
1.3633673471621026
0.4088680787365456
2.6040977797564024
0.712795465157163
-0.418933031946699
2.7401839177579688
-0.08171002578964287
0.5656164861162165
2.5398455830199613
-0.4964257580488811
1.1178424780911742
1.7741367345090606
-0.7945472653798983
0.9213425347094394
1.6925439289850197
0.15211449357477116
1.4768860351097093
1.2117618268486285
-0.07361008896045863
2.1418744113541064
1.8131873858310215
-0.38793663525500954
2.030884130985637
2.4260555604621272
-1.1145633674291993
3.0334067868141803
2.8032062466251637
-1.1796560961072824
3.2111591138738533
2.3551771429082877
-1.9691511070451149
3.601739172262949
1.4443681938239126
-1.8207773617605885
3.7382533341414854
1.3512244501272395
-0.8327665058100047
3.896411437548915
1.5043141565462914
0.1386871625337218
4.045307236025019
2.2800615744891632
-0.5153483127730897
3.9568177711484993
2.756619249676251
-1.413106041779732
3.520737345028662
3.640051057757045
-1.2035127968879715
2.9635804620016533
3.98511631590711
-0.4406043127700851
2.896727236097512
3.4903197870334037
0.40098659344390597
3.483979530530462
3.1579441012507536
-0.3270103176013331
3.085131001064307
2.2723755841923436
-0.2387147527435779
2.6189284549619116
2.572863643589732
0.4250384261172323
2.454755301262511
3.145365066575341
-0.3186104767275495
2.497335750079054
3.6846377553408893
-1.2765318122227367
2.363536839187989
2.897753130760371
-1.9228722226003927
1.755871563721751
2.056796113388964
-1.9446929127228598
1.3170820856684242
1.1243339313454448
-1.960123175804733
1.1821077062213108
0.8533046165166512
-1.1227950841340901
0.7262674821577255
0.1336686721494344
-1.0496220935261988
1.4567563960845689
-0.4788331656246116
-0.45605550078333695
1.176951198500426
-0.6544098471833995
0.33658080180941335
1.0249577859371883
0.21559001654861998
-0.1863007504736883
1.0714935931071847
-0.014226033623635065
0.9493724514388618
0.7312789883658409
-0.20244356872566813
1.9737342305083918
0.6677612052656879
-0.8967224501486859
2.467916149077547
1.3539083225001116
-1.5488659061072645
2.0199936231815445
1.6842957051204628
-1.4764286445482828
0.9727145904284067
2.299414198311774
-1.2208961653984538
1.762936635105257
2.418213815097805
-0.7922559012656215
2.694542917819269
1.6730018799365463
-0.18631595786940647
3.0131557399368774
0.6459785016324968
-0.05857584565445115
2.970662554199438
-0.1104226248201099
-0.2700031083524204
2.3274229931348542
0.21214926221745783
-0.31010275723636155
1.186170925050256
0.11161403607546973
0.6527532023459619
1.2401793388065825
0.26165685286412976
1.6357722049731722
0.8338193903201758
1.1672731541587715
1.6044688879515943
1.1131675958918839
1.7303523951844273
0.9112813409432974
0.7376610402611326
1.7684606656097541
0.0717207181650444
0.2924880095915251
2.0017894256793647
-0.9962729999133819
0.020368644945461506
3.061859350661401
-0.9810486948150403
-0.3962725667169894
3.5496130287572676
-0.34373927600428394
0.3386737848222869
2.8014807249182385
0.1358526704774559
0.6285174898058785
3.396066504770213
0.5852969696203345
0.06269031982054128
2.810263752183061
0.9501782372391028
-0.7195852111754142
1.9722842721393903
1.3351469432053789
-1.3565864671593495
3.0646243303690817
1.869027077412798
-1.221414885661746
2.6370520083134603
1.5413340340318238
-2.030348928477805
2.4303524096094637
2.2597639774274447
-2.6869881285961283
1.5775303669097318
1.7595903502457808
-2.9243073491625515
0.6330051017427352
1.4952146067991554
-2.6567825292879697
-0.3789611487682004
1.4317528986027441
-2.623421242628177
-0.4312889543849872
0.4926937232802923
-2.1987067172987658
-0.6132991024543447
0.041147241711390926
-3.021822220560311
-1.4200905904757128
-0.3238948021847146
-3.5572525070134966
-1.504319281048876
-1.3652804479424552
-3.5458402543374965
-1.6312576350062624
-1.4460536621519007
-2.522131531068853
-2.5568446103564924
-2.062654369730442
-2.4474022829867534
-1.6966913618143398
-2.5948237085388293
-3.0626459057498754
-0.9571497483478095
-3.1454379849900174
-2.469661573326795
-0.007859354844886606
-3.393559110815869
-2.012770598208812
0.8786945681377426
-3.2135292065267227
-1.4991353709460986
0.7169783800325155
-2.944683986860268
-0.49309995922897104
0.1307534773249263
-2.2911032351610916
-0.31049017204575574
0.5198342299253378
-1.635035328311437
0.5000599525716877
0.4980412537240604
-2.6728048300303016
0.6034637098241172
0.8922406535285742
-2.099512805573749
1.278650041830765
-0.004780971795273231
-2.5877994778647775
1.4543341559224527
-0.8394852006997165
-2.7766493063137765
2.112668002457433
-1.6433802897409837
-2.1613225707910027
2.034649490792882
-0.9580043279549967
-2.2604835856179526
1.3464694624931508
-1.295601081273552
-2.029328986209836
0.23980996949624908
-0.9792201401576083
-1.1861119174520844
-0.013604860010167147
-0.6231045111052151
-0.37770701431390497
-0.2616332608817566
-0.6673736633427642
-1.1047801331437008
-0.8991134861338391
-1.3169211359912303
-1.7239007884206015
-1.3469388448090145
-0.7786151270150922
-1.632787816220926
-2.155372833806867
-0.5716126096662567
-2.4027480907538514
-2.013514913009584
-0.8765313363125419
-3.2798233683497764
-1.4498621199653643
-0.6638627122576769
-3.91288456005859
-0.6726818811533203
0.16420265958082453
-3.842281538161125
-0.08465869512736804
1.207309912231792
-3.7056975102387546
0.25629724922728725
2.1163967806620927
-3.4648748974892833
0.6154894956753675
2.6291355858963135
-2.8035589668993026
1.2238595835560595
2.59843512771394
-1.7854222205867047
1.1232964639827125
3.14037535337163
-1.7606388755681457
0.26346536477275506
2.7438370579760303
-2.781144119759841
0.22215991328853732
2.0852863015559353
-2.060022749953067
0.253782308313826
1.8272296911771642
-2.9627658552623477
-0.18378423192374987
1.3633370123757307
-3.7043350648380655
-0.8552281562667932
0.3049719473104111
-3.7506293497987047
-1.1340661127651674
0.05141124384641664
-2.8839593337455773
-1.0000990096877815
0.839736814709986
-2.141199679094736
-0.7825321399524329
1.1782252510338194
-2.2024910609331867
-0.0924568906152201
1.490770626791579
-2.72761260747693
0.7544827281375593
1.8409854710138442
-2.2565937515081758
1.5551002829508258
2.733105091338252
-2.1014015851231265
1.9997126974412207
3.258162735278106
-1.3754082294084111
1.736379473654286
3.1545069070965153
-0.3210716924374823
1.254605233044697
3.5346982965574436
0.5527087929637233
0.9905280693198073
2.601104145730825
1.0582025385596714
1.081305063143247
3.062220722134615
0.3895311849257604
1.824345818663528
3.9505458134281652
0.822076999413603
1.9191344786140065
3.2583283152239417
0.9855690574547445
2.6473211462936295
2.5471128846222957
0.17533432701958176
2.6734054407813144
3.2777208753177467
-0.4298821128654208
2.341686410002917
4.163430730718142
-0.6734846596076698
1.6829598956569736
3.7550411296945696
-1.1873609610862412
0.770567185991427
3.902904297712357
-1.4493797306707856
-0.14554256397449955
3.1701821100382097
-1.9034891960306395
-0.6867972891385731
2.4098484330097962
-1.746861809543418
-1.4044871596606396
1.6170975511973267
-2.2042527006373103
-1.7396394614466393
0.4327350713453592
-2.1659503282681847
-1.8651728044879419
0.09677934602217167
-2.610470081871424
-2.6789077462534925
-0.8052220620598828
-2.2319895828955563
-2.825867241038794
-1.4304193953522029
-2.490564754583374
-1.9372765853100373
-1.574853505661635
-2.5862816725262454
-1.082627679939464
-1.6385075281988952
-3.234154574235808
-0.4280076234109948
-2.348370251988283
-2.646694944560019
-0.38285644769736094
-3.0160780694508436
-1.8774514390584824
-0.45125748618890743
-2.1552789280543516
-1.6970980182736566
-1.0450426461094418
-2.018927896440696
-0.9321519630589258
-1.4298161683154222
-2.401921461652182
-0.45398548726429994
-2.1335285872612357
-2.44111809452373
0.27181957739064305
-1.824931763583498
-3.000668754121603
0.7624847688251984
-1.1238726070260108
-3.239519578313569
-0.12903678031839202
-0.42075178251048617
-3.889811054541375
-0.6285059195073448
-0.8422251819170018
-3.7395099109199257
-0.915103641421566
-2.0104480426100992
-2.988287404193976
-1.230608744787041
-2.6284591043763115
-2.0273357618889447
-0.8599609690020612
-3.072080712831448
-1.0489787449352252
-1.024837444653207
-2.870668816628063
-0.21959007970322938
-0.631038986058601
-2.2257421885958752
0.1550350880664431
-0.6665760477473434
-1.3055560321515804
0.3094202060516051
-0.2911526895370363
-0.29215688364105236
0.0431543956162861
-0.03941685889056594
0.41727783311451505
-0.7418082626930099
0.2793716338465473
0.6612076508225605
-0.7286879043398762
0.7353133369550292
1.8395288008996007
-1.1628862758955745
1.6041547627077115
1.7438024675237824
-1.962296054656677
2.2313440724849714
1.334644507270021
-1.7623310877507654
1.8263730372336582
0.5280919920427922
-0.9335881877359782
1.7493169212395931
-0.30102361475273814
-0.7433839244029734
2.4760984882043635
-0.9409891037676492
0.10460204906669802
1.8383129460962606
-0.9939619697188391
-0.5100704738574783
1.9975867909256733
-1.8116273889938814
-1.3133708053611972
1.704232413291976
-1.1451748620778004
-2.059410714262318
1.4883328172870016
-0.4498281166550194
-2.317707221988778
0.6546018096543817
-0.17646604023518853
-1.5838425415957422
0.8962339197558525
0.24418424133826155
-1.6234410760223283
1.2758557475309729
1.1904401191251819
-1.7108446601486702
0.7899306268093084
2.149419558594587
-0.9826401836938852
0.27469063447375697
2.612555097211616
-0.3994043128422828
1.1344507715948735
2.608642018203798
-0.6668769440674401
2.0989268844739306
2.538580929734357
-1.7751998145270844
2.232682726034488
2.4317626100181897
-2.487250667301663
1.5863313509462689
1.921739222852888
-3.378876546477396
1.0264058464094235
1.6475438931554007
-4.055858144944719
0.5346650665792075
1.099902762451573
-3.936193670584746
0.35987135339548343
2.0730079870251195
-2.942633039148003
0.4653714699477971
2.2865721953876377
-2.1666810233840756
-0.16225877751774917
2.478129067301673
-1.4395955162831326
-0.7778658366368789
1.884272328179877
-0.6881997997717431
-1.205272552392746
2.103053278738437
-0.04017507436497318
-1.2734719833740487
1.3581605557401812
-0.7486219169952859
-0.3594489506687413
1.6078697302716363
-1.5882939885521783
0.33081541663027436
1.3112198756997684
-2.2633214037660543
0.21630914187352418
0.6551096366126142
-2.650366543320794
-0.7175874837178147
0.49266544485012126
-3.531026977265265
-0.8002399285283219
0.04264614527167757
-3.953527199720702
0.13163237684386014
0.04146862269281673
-3.8551401135253793
0.30468291984946927
-0.9814605446169188
-3.891468342116325
0.059190015957814465
-1.9738663884845542
-3.047050693124267
-0.083921102560844
-1.4659415003145637
-2.742902175824381
-1.4062150107124536
-1.7472316538438109
-3.005032957667829
-2.3503844906963667
-1.3653542645556758
-3.6385024654341236
-2.573444750394427
-0.5878079596479001
-3.7586229569642327
-1.8862174486290784
0.1463874647241004
-2.9945958957155456
-1.6575705961523794
0.7603497431404175
-2.714549861866384
-2.0337627461484105
1.6880754320832925
-2.446028214194966
-1.272367026300104
2.167692426253485
-3.30933333317796
-1.4892599010847163
2.2863427010901
-3.1171195499136184
-0.5170738074603366
2.344052591982628
-3.3227042482179137
0.10557752074865712
1.4237589745570816
-3.038118076478562
-1.0758324532166594
1.4648320094516771
-2.193914920544347
-1.0984083670827318
1.1870239674934293
-1.2245375313583222
-1.2926055576420663
1.266981514340209
-1.6975237286542675
-2.165920041884902
1.033362182283238
-1.681936724570017
-3.000618320336925
1.5458557634122392
-0.7594837162809197
-3.249064269875325
1.211010852728531
-0.6251869411158716
-3.5742391867973984
0.22955899635634985
-0.7339883820576016
-2.956547825888493
-0.5060815529257175
-0.7220704797599137
-1.8962740080150533
-0.7065985631633702
0.0896343011991707
-1.6195469010585313
-1.1005021941402087
-0.1881474173520689
-1.4996246438992316
-0.2045933048759654
-0.21297951594867787
-0.8123059090273788
0.4377472647982175
-0.39555723282941946
-1.6480085501186437
0.5892792036047448
-0.5371084924158909
-2.7266190840336972
0.48330478283709427
-1.4837305089556028
-2.8990000726780703
0.6418181497824262
-1.485892521440948
-3.9381323475242165
0.9655478748756369
-1.4986553742552422
-4.253895041780393
-0.08720326026973794
-2.2816850880214155
-3.576299976279492
0.3598262087574576
-2.5180842793025815
-2.591734953390104
0.5580339630344717
-2.150812690420738
-1.7366383666892413
0.18254682826701535
-1.995287856706595
-0.924548860216071
-0.5214019404665098
-2.9043872062756915
-0.9345229971348475
-0.7022307947676099
-3.612945684017444
-1.704455105300319
-1.1574680924041894
-3.4378114011266274
-1.961056704594429
-2.1043602628945512
-3.921049632111491
-1.3440167686257378
-2.7922300772178787
-3.551374343913747
-0.4111187397041036
-2.782683259469016
-2.786834715538856
-0.07559886481819617
-3.440709851943248
-2.71846875023971
0.921259012436625
-3.4419284657402947
-2.3517937072043673
0.4018376976852235
-2.6637461853294035
-3.117411298003264
0.6804508245302344
-2.0667708458118
-2.967354701269277
1.6129511621769284
-1.6257762828728823
-2.1675830724044225
2.171479008514089
-1.1911549413530342
-1.7022243404107704
2.5400661585453297
-0.2566619956034197
-2.571895935531291
2.2111544578154283
0.23150919629017833
-2.4963937727565844
1.2656411530988383
0.5394915462592182
-2.626116189629586
0.6288136728961209
1.426759178718145
-2.2546255913062923
-0.2205069031629287
1.4560456176851562
-1.591194315108846
-0.5980536941784674
0.9696641786497613
-1.63587956447697
-0.0755550306720973
-0.14965536429500104
-2.285782278115871
-0.2486791120527316
-1.0745487752352687
