0.6969142109504501
0.04459892135820812
-0.7496153585487595
-0.28722298165630106
0.04107983900557307
-0.9802288767270992
0.026592585760858996
0.3613671530146068
-0.09356505137814276
0.07946170372516342
-0.6177719631934399
-0.34154560158861147
-0.8067985088288211
-0.182447349206257
-0.13841020878988786
-0.14090372201452867
-0.3792519383373787
0.5846650285710766
0.7790397057718198
-0.18620346141092878
0.23147121817662092
0.31974261421463934
0.4564466833409196
0.8637635324034812
-0.6668256079232793
0.4621821154286978
0.6234653178813052
