-0.29853285591754886
-0.9980577053842394
-0.289832468458768
0.10270269024222121
-0.3695627736160601
-0.9492972363838246
0.23939073369553326
0.49565312906193426
-0.47820355438695195
-0.5862985844458954
-0.03748619915390555
-0.3038613225347773
-0.6211230068124575
0.9667171592579372
-0.27815695383465466
-0.146337174149703
0.46491367185623816
0.44298886705131185
0.44066379642658715
-0.1436701776530912
0.9776966131140219
0.8463384297234585
0.4818548341689425
0.3138808041459678
0.42169793168202896
-0.366315231046715
-0.00017475527155098782
-0.39850196044422365
-0.49404670749103724
0.5649600065592201
