0.8009331984616965
0.2534696496811095
-1.0203635904125445
0.11813471837166224
-0.4444965693111599
-1.0303025605595495
0.8295062654825696
-0.4733346006666918
-0.35177579031534906
0.7215303571789997
-1.0262503927094766
0.5007279789068597
1.383872721356635
-0.28623106852938185
0.45119504391123705
1.1063353978758008
0.49059234585866446
-0.11681155182441053
0.2710763333389245
1.0220031081404894
0.3703152531506679
0.16314370206228465
1.140578363056582
-0.6184659814621151
-0.3592890865316645
0.4428723886288249
-1.1145815727926471
-0.7033594259018918
0.8043807381058071
-0.28652778629466613
0.10119474681636134
0.17481058923045992
-0.41392355206736087
-0.5941272327729635
0.23322067826855947
0.4769390053027088
-0.8653729959294438
-0.17051605509176126
1.299191589695485
-0.15880624937598167
-0.8059252691810759
0.9875243517307256
0.4583085877513717
-0.15497590818692525
0.7036695360389503
-0.07740901256900219
-0.686925837914041
-0.0017561183248547994
-0.9833428149677139
-0.6226387200425222
0.4233882776467354
-0.7678573523471824
-0.14330790364582024
-0.4190541774425025
-1.4444718583004623
0.25267446430836105
0.16061164511263862
