-1.2640433044418724
0.9119400059451727
-0.4678723886531839
-1.6197557467453307
0.9749339034558503
-1.5109151485199286
-0.8835679394027582
0.9435469446292295
-2.1948538937484883
-0.9340337467141845
0.10828927746993099
-1.4676322745089756
-1.0780591604084688
-0.8652017319813283
-1.1757386588138774
-1.0040775777279383
-0.8924650585990578
-0.09086333637487112
-1.1522528678924868
-1.934490448778053
0.459067225309471
-0.3434391020839449
-1.6364002929042742
0.08159516204779778
-0.203832091536219
-1.053090437103103
-0.5643087049755474
-0.9507588178923436
-0.24932742023128038
-0.5723901392477387
-1.7330518370671495
0.07562908831022859
-1.0670656986996871
-1.5582828694178117
0.21964494197650888
-2.134753594089059
-0.5676915304757206
0.01215178016120707
-2.4342722978892946
0.2859849942664967
0.5520723904275867
-2.6750716584073366
0.36490056893847495
1.3477140955549953
-2.186277312830394
1.2016935208500366
1.5813293431885753
-1.7603291044677056
0.9754589549846697
0.5674194042170558
-1.8718026039275089
0.4535401841447352
-0.3197724238028712
-1.900336462515048
0.0838541207053854
0.5984878758377418
-1.7249796965085744
-0.6212704787886928
1.2490645810000474
-1.2291576798520714
-1.4246452901911055
1.8684214864840414
-0.979991659468586
-0.5706371953486019
2.0284867630233623
-0.5813397839225769
-1.2552943166166854
1.9148013359306815
0.21653291309583825
-2.0287889225841806
1.5488727660107713
0.8401383863271069
-1.857634907647658
0.8568676866021954
1.6460213890043245
-2.1116226653193615
0.1719076154758146
0.9251622615345664
-1.1613730699220917
-0.4422172519828532
0.6892954142526276
-1.0956973397691876
0.3717964096048197
1.3022181599689944
-1.2868247871449692
0.9369629069825034
0.47249983726595046
-0.6007598305511505
0.28529225981247863
0.31671090514025163
-1.6246286018020404
0.19366578571245927
-0.1295720901595732
-2.00286036743282
-0.5997029350137332
-0.41427472304144813
-2.0096391678567382
-1.5319998541535205
0.028662435711425304
-1.0822478483995266
-1.9633860594065589
-0.6334660227284121
-0.9147033334402975
-2.675827334530758
-1.0727521869652212
-0.054980718182237036
-2.8039918893254625
-1.4943389549224335
0.2927678565328782
-1.892632476933374
-1.6905609657164284
1.3103238122742855
-2.114858043520612
-1.6487729770369364
0.7602536256908127
-2.580900665608704
-0.9293325729568394
-0.2354308298448843
-2.1163678313563907
-0.7151894418972452
-0.6664276653202027
-1.8665069688016336
-1.5433503102239652
-0.07716254001260046
-0.9921466552903434
-1.6977018178328567
0.11309749393004408
-0.20880466738446174
-1.0494087564412675
-0.22477639219297837
0.6952692566477003
-0.5481361709301552
-0.6213096102812787
1.2993667944355
0.0022321006422697017
-0.3985121085737234
0.9329420861685295
1.0570597495724585
-1.157279813678648
1.4571748838229037
1.3589490172146745
-0.8467076935380804
0.8787029372069062
2.0010905770475858
-1.4232524956190795
0.12675507881752637
2.1944502237866903
-0.9702753632479971
-0.5414538762382075
1.6100692920919284
-0.28818979062113204
-1.040676620599246
2.2177339367894744
-1.0932708142035665
-1.4481344552874562
1.9055252775084912
-0.7721280026516427
-1.1997948816673365
0.9361835086496414
0.09556941217002442
-0.9250924146994712
1.1740633706223882
-0.47607436372965634
-0.7673163343133373
0.3174581989323374
0.5633886365311228
-0.6268078014443811
-0.3756743180054307
1.0843029746014479
-0.2749697831257403
-1.2663521363821355
0.9291283716624064
-1.0329367114255952
-1.6177630163746581
0.762194091769307
-1.4475236040930115
-0.6827345294780126
1.3626527743155095
-1.4990728665985187
0.08235477659067293
1.8468894959989464
-1.0772004228552372
0.9098505161182454
1.950723456158685
-0.040847221856448915
0.9605974059534476
1.6602680840622979
0.8572761165180252
0.8109823272204197
0.9113036684455369
1.6621110908350034
0.633360803654469
1.1062531592472695
1.5336583649023685
1.7179627299282592
1.0937283449055273
0.4225809910167172
2.0997230876877993
2.0103527109352544
0.20487653925085952
1.9126135831089517
2.4878326573332576
0.7406613492445233
1.1604662691231293
2.123340621567622
0.7222869435740578
0.14392597074978536
1.9946904313663867
1.332296529519412
-0.6953447100044609
1.1730136191307738
1.9662765006439404
-0.8210087455625409
0.31698240016611673
1.6117483222211726
-1.2192783348628422
0.3957606128735758
1.8303958762104258
-0.2498968552014642
0.4034680115809923
0.8518694695192318
0.33041263014436895
0.4430112713323096
0.648935451916613
1.0947423722926544
0.9822029874515935
-0.04781828994958
1.245534142541525
0.983590484129293
-0.8468091123489832
0.6670289544920986
1.590927992939538
-0.6305786410935004
-0.2655199226833249
1.7511004278264546
0.4273110645526496
-0.6452880449024676
1.249819778816876
1.038011094445089
-0.08924961332347683
1.0753089415633348
1.0117093179774568
-1.0189989882344228
0.6101826132131835
0.38330873800990173
-0.4322287517271067
1.315371145028435
0.23788693780465978
0.26549340305100033
0.38452451635174467
0.06024964128807831
0.5219131575640252
-0.06311010273647563
0.12373864792737146
1.370223857484519
0.11416713472973951
0.7443855182533347
2.0522179938464435
0.5037490754259781
0.22294651698870976
2.797512419123426
1.4529403356001278
-0.16289964353051414
2.6789389418763214
1.5007625237000868
-0.6745120096053909
1.8153276400423364
0.6332071852695772
-0.3763252744810002
2.069352012280602
-0.39422206146740796
0.056829704388816425
2.442892717627773
