0.3118189545969194
-0.2571127127516543
-1.7754661424775862
-0.2579598911740704
0.5712019058393175
-1.5784617481711083
-0.6931560159673977
-0.355313519532316
-1.5499988313493986
-1.011423969273555
-0.7431596254152605
-0.6774016722152355
-0.5943086447622539
0.17900555627360437
-0.6380447005748465
0.01785721161909389
-0.7333074968549576
-0.7993848812658433
0.15650197656503603
-1.2776510298723271
-0.061182153146786766
0.693949935449852
-0.8883778958441398
0.7254557157494758
0.4751881430075927
-0.5046997274219908
1.6132982197618961
-0.23788384184371264
-0.5859771920022947
1.0254360333003678
-0.6990042109625897
0.329693670701241
0.5872773685081415
-0.37868035601468825
-0.46075771638601937
-0.04640690186095749
-1.3462689532180998
-0.4229901382298324
0.21993491842745166
-1.3963282733652747
0.49112255245559516
-0.13881063093627302
-1.6730453634579436
0.32313362011487595
0.8184980790868202
-1.0711843535687087
-0.1980559716240873
1.4275391319620843
-0.17922234158692454
0.252494264946676
1.474329736795973
0.5813472368841754
0.10648692603230005
0.8742570869840407
1.5570353479901333
0.2622824221387482
0.7009109736969663
1.0919112678634944
0.4794403878242199
-0.15483203003058435
0.051748239996040245
0.45089598765079497
-0.009817251624804133
0.025528797695716372
0.9762321033874499
0.8395111733547789
0.042470712593255806
1.751457036780124
0.20753400095823507
-0.5927546988116342
1.0567667984871867
-0.16216552362213718
0.3922566203303498
1.1565391054463676
-0.5187914504492458
0.4076550587106467
0.22463724952366798
-0.8503883598081873
0.5553867748211136
-0.36270568038102924
-0.16792789849331305
1.3019115483321664
-0.19724593899365667
-0.8395338080869815
1.5244284151125795
-0.5289922047638114
0.08141047506507472
0.9442246724386392
-1.095042737528778
-0.6267789295379624
