-0.2422285031044761
0.35791471385022394
-1.2059469185769744
-0.670710212119839
-0.17616800658645612
-0.4751310387225629
-0.002894383717529868
0.5303188331356119
-0.2488275623722236
0.83715265889938
0.1011773905639844
0.06683295800054129
0.30145148768193014
-0.30473532369570006
-0.6817589867264265
0.7525148331150316
-0.8940110780553477
-0.021323055705043413
-0.029995681961134196
-0.3400540036107955
0.2687925859264223
-0.7435575494581977
0.3434063233002707
0.38578793716551824
0.1938195668352872
0.5183916375133762
0.7233139799824567
-0.3955522161704502
-0.13624048641517023
1.1882601010282734
