-1.5698337202150356
-3.2238491404784875
0.982309099902557
-1.8230613333978163
-3.233371058469438
0.049823217373599835
-2.446557142952665
-2.501563064123835
-0.25179136505941563
-2.3725979533562747
-3.3028976344784624
-0.8656570752855952
-1.516877231180812
-3.355869550000803
-1.4197812104982628
-0.5680762538391415
-3.3486090508289825
-1.688748552669728
0.4361074940242595
-3.215626132647608
-1.7034030610804616
1.346264579917764
-2.8582926182935475
-1.807201452990013
1.6786039752491588
-2.3244336446267675
-0.9786793223887668
1.200619459220664
-1.4435991988669634
-0.9810246323356601
0.758104777894549
-2.2534984985330793
-1.2807343202173047
0.6454778602573088
-3.1548532410549783
-0.6173202074392333
0.20232893975047964
-3.2852390889911858
0.28033258799161637
-0.36441627558096795
-3.0066708703946645
1.1384392728015869
-0.2755968518052485
-1.7728403333216258
1.1193484617873315
0.4031816693733272
-2.5384502249637584
1.1111806463069713
-0.04513120963938377
-2.303421701809939
0.22843452714247864
0.8701074024737439
-2.598921099332072
0.07072496620991589
1.5130163889368085
-2.2625504353868524
0.917501641574917
1.854631454618137
-1.3538077989269584
1.078523812451453
1.8221865338754515
-0.24894277454790026
0.8754649043135391
1.766781033851094
0.6073567057546877
0.4955013007484997
1.6310811261129345
0.5808809059100368
1.4117446741505892
1.1027180643434051
0.11236929344637551
2.152189782900191
1.3588690893011288
-0.7264062162913492
1.719441762681111
0.962219449341862
-1.5477974770363014
1.5166233214323672
0.19147026482948562
-2.0435006207656983
1.9327697631508667
-0.7149234936767006
-1.6866917342229892
1.897328048750951
-0.8048436445326821
-0.7484454762521998
2.1590451388676364
-1.6143703271726313
-0.585799915066553
1.6061236516536626
-0.9346259634710993
-1.1022098547483532
1.1140565338675408
0.09094627599255684
-1.139536883243987
1.7554453399787995
0.6393920891318556
-0.20356706192398918
1.3607428726573727
0.999711843083246
0.1053595187165025
0.8245115525829717
1.060986005120149
0.608083676859664
-0.2355363321662584
0.4916281008463892
-0.10002831593887473
-0.6463460144153899
0.18954813691103709
-0.989829610618228
-0.8842608142158885
-0.09555012078936087
-1.2869166490201418
0.04112139328484356
0.004575953605692913
-0.9454717232833348
0.6720163129159812
1.010187580554672
-0.8975705815547579
0.7901603553344092
1.3649598122727615
-1.6961313592544371
0.11204156919933092
0.4080739011723151
-1.9595820560046098
-0.38341618522312215
0.5968134737760491
-1.5579246434181282
0.3993888156718808
0.6121762761234754
-1.0258026350657907
-0.037481535564991446
-0.16567493481271608
-0.4544038022223373
-0.07003056487092715
-0.7003820683549935
-0.3366844528274737
0.5242173626535835
0.280300199918957
0.17274824244829004
0.2766301078973473
1.3616432039837114
-0.2342285806519669
0.07268348213222754
1.9950538207156452
0.30239981464013116
-0.45798001648612685
2.2864708825717903
1.2656369941385064
-0.20517404696702687
2.96696343444396
1.759009781523147
0.4230569680952065
2.3820811628567538
2.343527885474884
-0.2513614798546135
1.6614552144828514
1.8462736997934506
-0.6119781057918631
0.5894282670026544
1.5366199489740349
-0.7368232590048082
0.49132364137586365
0.6052218804750201
-1.461579629888356
0.6176474141698814
-0.39563382026762606
-1.507663572423218
0.6758174964406509
-1.3760207617312608
-1.5967471994557076
1.4623063822083502
-1.781726452181817
-1.80206318241264
0.71825191182573
-2.163290861956085
-2.2520447733524134
-0.21187106256506194
-2.473192156872953
-1.9918092227675395
-1.0338200019954835
-2.2314892851022843
-2.504681894192543
-1.8577503155676955
-2.7041548498381145
-2.1588806496383506
-2.0454871655689377
-2.31109784273911
-1.1288508475064971
-1.722581734709974
-1.9130573024733182
-0.34283714482031746
-1.1262418327441222
-2.74517809593203
-0.49446816613118594
-0.28567539065125913
-2.6359279005822804
-1.0041448087819937
-0.9819753104176148
-2.2729323477269854
-1.548204670472087
-1.7132836701198644
-1.721596552877482
-1.9010486498427341
-2.2297205924009016
-1.4109261130878488
-1.1994903174919416
-1.200854424671755
-1.4292486852620752
-1.143376740789458
-0.7928322298550441
-1.3956073530468276
-2.011566691594934
-0.30201062788727157
-1.7688312238387767
-1.3078403861928487
-0.5908371985586185
-2.127999699690671
-0.4722395383853517
-1.1327727070148719
-2.7238772520448298
0.23611735364725098
-1.1641894738604397
-2.324339083968133
1.2821878547647767
-1.0263680205471826
-1.8740078329842227
0.6064205749950745
-1.8849817226283063
-2.3994952771589184
0.5698508404819204
-1.9505617582736583
-1.4144490752196464
0.5300124984315633
-1.2528507240877422
-0.9335228915831125
-0.026818641661893884
-1.7535499469071263
-0.5323187989592562
0.5943307972021242
-1.5144849310187523
-0.1278935052617032
-0.3019335815076725
-0.7705739502445573
0.616653152358076
-0.23954059935861316
-0.43443042438840973
0.6183164605602532
0.8090848925367897
-0.4851354967576989
-0.0834611070943382
1.3931054418726871
-0.5164767369906108
0.8341914034600282
1.6851447425949675
0.08885718920094844
0.03606070163886842
2.2153130233362863
0.054862860908518586
-0.6803113881776361
2.642498448531268
-0.2479115838567298
0.13568706374223433
3.1070177101910557
0.5858898073342172
0.6580960721623905
2.969501857091903
0.33506838892064067
1.2452028556462271
2.286918378583974
0.6956673461885949
0.7999443275600557
1.366542928383683
0.4569017868004061
1.6046638904038044
1.5544330300444804
0.6334143208593632
2.7753162497220436
1.9553880594945665
0.13455946548415312
2.0555086876106867
2.3929718568888076
0.0031436237693219455
1.4522180294033389
3.1143021222815084
0.9057618537729869
1.6152502515625518
2.868858407579126
1.4165730807328085
1.984647576508653
2.0559922642839616
1.2010648480090935
2.437579739789899
0.93680734494126
2.0206941200798942
2.3680829785726143
1.417695466656134
2.6534238357051754
2.6457016776584306
0.761966758937485
2.26339866414912
3.3512439303394443
1.4335939916822606
1.5541366497149252
2.9833802424096953
2.133100352787302
0.8784455216202003
2.673167862635098
2.8572866272874538
-0.1367619667998775
3.0015352921724467
2.8141237976244975
-0.6439116515092087
2.9854289712405224
1.8499329748035158
0.16361596631867942
3.4495536274748932
1.4960591939856698
1.0876167359389994
3.313082983513724
1.2750307608737528
0.385738721598415
3.143645594179895
0.5734969532102572
-0.5991698501397883
3.2882868823758806
0.904560421393351
-0.09025797016252102
2.511999716530323
1.2962865457002115
-0.22514227539908846
1.7354656578629222
0.985190095828425
0.47238842118603147
1.959313388735798
0.43730087569111403
1.136932592850999
1.5524310240168553
0.04228675143215783
1.172923293913822
2.41373545627416
0.11798102586259149
0.2579923400372723
2.3837320041515957
-0.4575995526661353
1.118340817941072
2.658428852473003
-1.0238183748604088
1.22683907381371
1.7970896481810776
-1.5961073446647576
1.5988223228845433
0.9738826663090198
-0.9603811641903108
1.581831496673215
0.5822363711396925
-1.9585766367629642
2.0260876253303457
0.25314340481026226
-2.7496170267138247
1.9778128838835674
-0.7686834715428298
-2.6549191357354474
1.1246582745878877
-1.2638059964812989
-2.5327337934083958
0.08156995801414094
-1.5138141462868475
-2.6321095762188884
0.436174451881589
-0.5853999232441686
-2.888217940093951
1.2428468334078104
-0.1636326269281189
-2.4187657806180747
1.5759734583111915
-0.8822202908851997
-1.6906287073619386
2.180603194298516
-0.1551594395665488
-1.8969073534015821
2.3646616692979006
0.6158715525318001
-1.329337829157609
2.2306104227136303
1.576878422288314
-1.4384652884541267
2.164255568733992
2.601324461918507
-1.1664401103335265
1.8091535520372548
3.1165406435703966
-0.37489905179213073
1.736654718057902
2.953262574572028
0.6137303990393019
1.8089797496663478
1.9881188346469223
0.6270012085085663
1.2741798011048382
1.4087810461425858
1.072794534695365
0.34883288150999264
1.108682994487258
0.5565955769190896
0.1728688657664434
0.6830236817607978
-0.5221697207690087
-0.04080444833246907
0.02227376119898036
-1.253153327094128
-0.8581118834320214
-0.5824053135169343
-0.8650145751482361
-1.7581248125837938
-0.4188983117373723
-1.146247995206611
-1.8979401303773724
0.04211788117308567
-2.0518869001907176
-2.72330627129536
0.41083091920944237
-1.6246464222354997
-2.65216376534534
-0.5884301520437277
-1.7524625744185134
-2.736678052155329
-0.3200230037684622
-0.7891159315801033
-2.115290203289279
-0.8921871622300734
-0.284671668443745
-2.371663785174817
0.04985208689924954
0.06934268947030231
-2.110146533850355
0.4209531760800103
-0.8329906099885002
-1.2237399753043114
0.42280066992612214
-1.1415787163979845
-0.35309682739519843
0.8673564153448413
-1.4190369462007872
0.26594015637805596
1.5651400593089368
-1.7380358083559762
-0.2734645715565273
1.930537928310927
-1.0593738221437214
-1.1533835227973674
2.040058355307821
-0.21629773260688387
-1.091516028886244
1.2950515978654131
0.43691470612295374
-1.2098381277938866
1.4158442317066178
1.5691746873616037
-2.0393343768282253
0.9981638767139386
1.3037058479527481
-2.436221022108314
0.9936125575546697
0.46565873177227113
-1.91158142396716
1.803718638739427
0.7303763637143367
-1.0257331401140901
2.506744848652055
1.0758160550359817
-0.5315204016869902
2.4958479890895156
0.27028832196113817
-0.32931051459768257
1.670590700181104
-0.05456977069209679
-1.0725937049776706
1.2184739908531246
-0.8588853666773629
-1.722447600250147
0.9902626995285115
-1.5863817152022177
-1.067256043154087
0.5188754415496597
-2.0674837293596653
-1.0629685496841812
-0.4395356559694659
-1.8498334003140946
-0.16181274574832222
-0.5769479528319937
-2.0179432435405946
0.35027665540755415
0.24994835001826146
-2.2727563202601413
-0.2618974214784346
1.0918616132222578
-2.394671232352242
-1.0630426120404517
1.5560182240525697
-1.8388708335262345
-1.8179418668699203
1.7944854079249248
-1.0953821440095313
-1.6688618320602437
1.1392083196409142
-0.2011866118262798
-1.602761384417056
0.5173256165744828
0.5364764038421103
-1.2683298412383985
0.44452319841443555
1.439528493442194
-0.8737166617844264
0.23418284162618774
2.338490978010725
-0.8893544027540295
0.8985049797440091
3.084445518914881
-0.6456121523469096
1.561524142505704
2.348775461027748
