1.135500306427318
-0.20666721252402603
-0.11171779114911294
1.6009641627272932
0.54859962980773
0.321673325526993
1.2593411438674391
1.4794074387993956
0.11850554681133164
0.6494616659637292
1.313812341675657
0.8835888164541739
0.2566960321430322
1.3851573561748476
-0.03126493972170925
-0.6751780552834722
1.1104067738424077
-0.24064819112756625
-0.31947299588308875
1.1054975488230212
0.7176334260998057
-0.3566509487739028
0.1022239659140212
0.7581209412314172
0.6672566313363893
0.32488121168205986
0.5895235424511869
0.21887062779549996
0.6127252247612935
1.452460421947597
0.3681625554403918
-0.3837887370041897
1.2581031408615384
-0.006838104755317102
-1.2769101889538224
0.865471146688004
-0.5841995800595987
-0.6416538785982414
1.3985858870082757
-0.7326252471791674
-0.7223332687235088
0.4086307858861559
0.24274849206560126
-0.4983141033338084
0.3102344809449387
-0.33839955030724195
-0.5153718944191432
-0.4209857641611565
0.022542368431735852
0.36952044015824737
-0.08778939850765366
0.9037476505456296
0.6838038706894733
-0.3651936404935359
0.4722334425094838
-0.03122767724851032
-0.9067823931583542
-0.32772205840393137
-0.5216244490595282
-1.4451734877536773
-0.4894936299742773
0.37780431855321567
-0.9702492276167893
-0.9410797568144931
0.12580621522822208
-0.04650530123072856
-1.420402929588053
0.6657054111712453
-0.7740747486596482
-1.1874927580122936
-0.2990667752193562
-0.9235846890314168
-0.8638688485508562
-1.2204357177963243
-0.8758329665623269
0.023196921026857623
-1.4530347947907556
-1.1701060148754117
-0.1805990803410986
-1.4475903733164968
-0.16110495213105588
0.6033015436463205
-0.9873326762932098
-0.5515179557312444
