0.7743711329711935
1.916319287771025
-1.3536472511141084
1.389876730245151
1.0284011228243768
-1.3027707936557131
1.642328811939986
0.0014871736811675575
-0.9298812664486804
0.8508469909388631
0.2794642030315629
-1.3145275579357205
-0.1301872162983542
0.2936941742069903
-0.9850700622219263
-0.8884555589921267
0.873413525595559
-1.1900506716961285
-0.08855765222436132
0.7703847592038181
-1.7831930177193887
-0.23470460393032933
1.6011954248791145
-1.4172648697570456
-0.30453608067815086
1.2847762381940024
-0.3002290833316453
0.18196596414798016
1.6608901811045376
0.49572364588108414
0.7655932589399685
1.6615410499658398
-0.27813638097151794
0.46423124326872317
0.9489524210630295
-0.9671345617158676
0.346348566702551
0.560200194764689
-0.054195214372480094
1.1383230451847235
0.18555289317442852
0.26450905728833335
1.1092092125593467
0.664363293941094
-0.4017570768380144
0.9909272813709207
1.146096946288053
0.41496974910414014
0.3637831392929983
0.8365391134000625
1.11451964818699
1.317097488105507
0.5748543110851048
1.4267426924258426
0.909309670663167
-0.42524788445160894
1.2731032252426246
1.6393745558435475
-0.965113057438964
1.5557243637926343
1.9414837029865841
-0.30110844120608055
0.896819187986148
1.7923804940406518
-0.44982352617601035
-0.04584379193407165
1.270618246883052
-0.997481401452112
0.6608988019631826
0.2549825129077271
-0.7978516620770955
0.8586893115231713
0.695189825571386
-1.12538432517794
1.746263836246433
0.06307892887301186
-0.3977163988373601
1.6594601990696514
-0.6366590552787915
0.3897485782614581
1.4902558523970137
-0.9534790512472754
-0.5840576474249539
1.606194271409132
-0.5891736124213023
-0.9215141369960889
0.7322808590301578
-1.6938804677407007
-0.7159821231738762
0.9513627446086217
-1.6491430174025106
0.18374093400068836
1.5093237497827494
-1.606060135030098
0.9366783502318342
0.8618940090083038
-1.1197393582269364
0.18129682506858213
0.7085089080382426
-0.10141176567411501
0.005313535698591091
0.7886740453792882
-0.14498452409368545
-0.4191735632017618
-0.2043296303327463
-0.7805387101847886
-0.4896064111341089
-1.0124533373180715
-1.2842282542610364
-1.3261411562898644
-0.7423616341821273
-0.43510566856177546
-1.3699285278540656
-1.2380374098418332
-0.45821815348665923
-1.3034530090443397
-0.1982586405462543
0.44198900624875903
-1.6539411027486193
-0.032100939384648655
0.506882874640814
-1.540681304707125
-0.8849803561989567
0.11893351166062938
-0.5861851114333173
-1.1781148268640997
0.2225235946895258
-0.18296020988483883
-2.0463303162758666
0.3895117602095523
-1.172741656376407
-1.8962111280993423
1.2276153257679423
-0.898201931087425
-1.2698349691079764
0.8723336196636184
-0.34341568602173433
-0.2634406383717155
1.2538691731829958
-1.2665049493539842
-0.3785000612554792
1.314032725325183
-2.0091023167861253
0.31305950572931995
0.6907385092753205
-1.8211646982070233
1.082212268214462
-0.4426500550534547
-1.8232624288376675
0.7244468898978422
-0.33703039912169747
-1.2861898992655958
1.5007889116245985
-1.1701172156514807
-1.4785788446979413
1.236721192073611
-1.2638862070297108
-1.5011870812803754
0.27704312807752746
-1.1739737063703983
-0.5795037400456472
-0.1807434131808923
-0.8584084734437153
0.4207564367483284
-0.19467004462129975
-0.5153000151893578
0.8538665478005824
0.6196996468828584
-1.0622177571785536
1.6070258508998925
0.17867629463224216
-1.0348415178454067
1.8399304914505838
-0.7401333990483238
-0.060713162207408564
2.278867393132671
-0.6339057596700991
-0.8919453349580867
2.52105482851002
-0.11069522943683859
-1.7923258854594672
2.055423781271599
-0.2418796824729639
-1.5888575533322622
1.0868409542428017
-0.4643263488318553
-1.6484207355276117
0.08453341117831847
-0.7135566307425324
