-0.2864365680312431
-0.6955361352929995
0.06634975955534367
-0.7245382713925534
-0.36785409330397434
-0.7800600751749288
-0.39764421099721386
0.5657716149836426
-0.9668168510207799
0.21372117757527254
-0.10691645086126322
-0.5636041710609377
0.3815151436641214
0.5465051579098243
0.16729906041697387
-0.549546922595859
0.2625475765213739
-0.028747252450854025
-0.1105883597472806
-0.04726961810639427
0.8106651951233391
0.6522315373439747
-0.4106243187346817
0.2814942181801719
0.8212864741807803
0.25337626688446985
1.0134201164316679
