-0.3811727215644542
-0.8570688401363249
0.9492172519675912
0.5986880559854667
-0.7819498394226977
0.7763797494692584
-0.05836129494706732
-0.3152740311330795
0.238650213922685
-0.8707108998508194
-0.03388133455058414
0.6381649448890006
-0.07966481486160544
0.019977364286876124
1.2776631574343442
0.7474824928793364
0.24689688340706967
0.6825346649362047
0.8448383719597345
-0.3966187424891878
-0.1281000973992831
1.3340316650061785
0.4870816909683942
-0.04460798760169771
0.682108341671975
1.1660517458979827
0.31992010184805464
-0.16910740197102955
0.7555072128264316
0.5759766475149779
-0.14154706952999388
1.2900729502994035
-0.26740298259323875
0.41629855975233565
0.4902490037090334
-0.2933240855002401
0.08356598183392502
-0.2906094058722563
-0.7868265826936035
0.08987903765987526
-1.0847823516049926
-0.25262527820918407
-0.8217949006543586
-0.5927447397618746
-0.20289608148159802
-0.5188708273825766
-1.0502889068322947
-1.0503024513843646
-0.8505016085197408
-0.1019967421188171
-1.0826044951303877
-0.698285670892305
0.3861094891808822
-0.255161948053072
-0.20687529657487125
0.6632685933459979
-1.0946547419354669
