-2.0573250151514175
0.05852281401574123
0.14896073904478596
-1.9580855041302865
0.573571573976148
-0.7228554479832675
-1.8120702428184425
-0.4716728507670958
-0.710039803320032
-1.2175326560245017
-0.5401013084709442
0.1803547774461544
-0.3294422972527967
-0.04047356459841014
0.24224572643089043
-0.6754807239338788
0.0994724018343295
1.247908417287549
0.03398192068253985
0.3403562122936646
1.9440970811910638
1.0558532833149616
0.16144450763367107
1.6483475291908674
0.3285376972241972
-0.6247374028932995
1.752624354171479
-0.2936666169357351
-0.7464570337993185
0.9305802407545292
0.2131141353801185
0.1673760441401731
0.9344939845393055
0.5980203186066169
-0.040766293984202506
0.1479977111714998
0.7614929689701497
-0.7396914478953804
0.7489484194255348
0.8455884289734753
-1.0061740580939709
-0.12596015057353308
1.6443119562584372
-0.9647708847109198
0.5199750581121868
1.4135099817865404
0.0232157350224501
0.6750639202303772
1.5443844220260166
-0.3455115380933366
-0.2582997911678695
1.599599117525026
0.5851759504543826
-0.21721128927482233
0.9239595202441714
0.17687129448668373
-0.8755785617518695
1.806209181860021
0.05604191888767267
-1.0758204665379036
1.1318465472243835
-0.7162370721446725
-1.0568949951515287
0.5256251386629646
-0.24720633152079516
-1.6414309677187284
-0.41515265234113563
0.06822965064931577
-1.2857767252781591
0.19421891385757373
-0.48853723679539507
-0.7221783838511872
-0.35763252644359184
-1.0042636051080214
-0.041580322053602056
-0.8118388157103835
-0.6544823822900409
-0.8600398966883724
-1.3225070243661858
0.11521714032428196
-1.399036208382503
-0.7584726358462
0.9045639469649729
-1.0884231082835307
-0.12665744038509244
0.503865805504284
-0.5266582140228238
0.7866051003869173
1.1860538143617292
-0.38347087684470266
1.1179691620988998
0.992427540972297
0.5514408208222376
0.150370005503868
0.9005143260354597
0.39011672723754404
-0.7253497023397962
1.1121295024663185
-0.12181639061917714
-0.9569690259792523
0.29424737236455767
-0.46228845623269554
-1.2122287772896183
0.5140003046683446
0.4799513101626709
-1.6447861436385594
-0.2022148458906307
1.0322532385177114
