-0.46708086970418655
0.686611658663729
-0.9822925326711754
0.12226367052028989
-0.11436231980722161
-0.9188576627963423
0.960969636030683
0.015326728245991015
-0.3625569291571038
0.6747859314719863
0.19808440272073535
0.5882431880052299
0.15176354393012254
-0.4241473443084843
0.03590495736290495
-0.6727982416298697
-0.0012278255125412246
-0.2902733205491453
0.14431202894217776
0.5695044018150376
-0.19076364482959746
-0.3221661843002063
0.25141906332942776
0.6173262332079317
-0.7200896477813568
-0.6444956017691468
0.4835332804642999
0.1280401325203542
-0.5367131633775195
1.019736430963001
