1.2989200622077035
0.5347231679774225
-1.0571518504997988
1.1810910898946978
1.3774840996307913
-0.4232378093958366
0.3035895376900863
1.817668806009642
-0.6203469141057277
-0.6517958923939657
1.9920230524541793
-0.9286282768775982
-1.4413304190303813
1.4577148607383608
-0.5893937412367534
-1.8636000732087983
0.5487956719524696
-0.7725158756846806
-1.067149954265143
0.6834418797546858
-1.0648464023397402
-0.4370526311855259
1.3227673881411486
-1.618261493380061
0.320265671985949
1.1645078797684552
-2.2540436195305618
0.850598644876145
0.3961685116489387
-1.8868665548385533
0.47369306914321546
1.069429261598973
-1.2818139256872134
0.4055951655347934
0.49300266397025516
-0.5361818320234302
1.2220244658349873
0.13939458693989137
-0.18026475793129224
1.9778782559826407
-0.15252149278460903
0.31573955660564246
1.8610714093702085
0.771953586800663
0.11420139637535434
2.1291501456158217
0.18501354797392017
-0.606950541634734
1.4611629196598943
-0.45376665682169237
-1.0349982605781194
0.8260604477454813
-1.1770781805980308
-0.6114911799860628
0.3710678234988667
-1.9749793162396239
-0.5783766283597412
0.4222854514497742
-1.5286357631304575
-1.4957303718925405
1.1240745516775412
-0.8278037108780183
-1.8828393870461722
0.6172843372439767
-0.2918162077044096
-2.6229103396848465
-0.11792459002974393
0.38833889385309106
-2.6819323189248157
-0.9898719798788129
0.1225500015052317
-2.313753732820938
-1.6677085826768816
-0.04569568669848122
-1.5515765482713486
-1.98404838167828
-0.4809667625992607
-0.7026333479012512
-1.4703350046488672
-0.9619083976641875
-1.4300472235793482
-1.4175551677051506
-2.125663642696895
-1.275649366460678
-1.2258118004538014
-2.3074844452206227
-0.26378251269805314
-1.009909157660049
-1.3881428218591672
0.07254741699909406
-1.812586620811423
-1.7970533772754975
0.3685238314514345
-1.7168768827559777
-1.5320344318858858
-0.42728027926190815
-0.741775115826137
-1.6916969641989263
-0.8242142392191769
-0.5907765763474268
-1.3170910181118265
-1.6912708009572037
0.05705808029171299
-0.5639057558493459
-1.826317058124067
0.5577677664130687
-0.088424148525896
-1.1590013161652675
-0.24397482184348995
-0.11064937411369241
-0.5614371559971287
-0.020028877659836807
0.38060076912149654
-1.749059261478583
-0.7235287263318114
-0.4646336505986748
-1.5464495897236448
-1.188794935361048
-0.8370560280397153
-2.287873207889208
-0.3134958007867346
-0.5816117853618329
-2.7172630845958494
0.4030270199561963
-1.2785451173601288
-2.508016577694024
1.1728796343255483
-1.7894179664819885
-2.0755704915686186
1.5564178098334704
-1.3931002243220814
-1.2008438843927594
1.6975167641923397
-1.0103160068010326
-0.27940838892176295
0.8195299806953087
-1.3364774242476765
0.30717158641575765
0.6697141922285258
-2.2970816773349387
0.31336362511098564
-0.3123488721724765
-2.2552409283827
0.21882304686858897
-1.008425606239011
-2.015351360307803
0.9405290649186223
-1.3763251619732981
-1.4108738953809135
1.6208618690126042
-0.7046923342446929
-0.8415255482158525
1.9548231413305974
-0.6394800409371765
-0.1145642023680391
1.0886174945648492
-0.6453622456861302
-1.0490881496151034
1.0808508910428811
-0.47075204928181347
-1.737087397026147
1.7212906762862363
0.15671450227659986
-1.6957682053397876
0.8579189209709741
0.8369849588657592
-1.1597505813167333
1.4317250891166384
1.1545541341919159
-0.21775773793400552
1.695706426416238
0.6421955126324923
0.3647153505217749
2.3494689491330902
0.5772590509387057
1.4207052618430807
2.0535875497815725
1.4271215368015409
1.8081770253942968
1.6346663315605265
1.4641938391526255
1.5491001376072344
0.6762060335201796
0.6892065990132449
1.6296245725087875
1.1058535573668529
-0.23705529409541382
2.0943692926098034
0.992723518565975
-0.695660184415785
1.8059174536834803
-0.0035842277572649623
-0.32155410720762223
1.047604294056478
-0.6314077836914544
0.15271545033447914
1.3226554061543498
0.13141396097264013
0.8758799320671857
0.7210486888908757
0.5200219809127017
1.579787035233771
0.38128910130965793
0.9668566531697135
2.008859325780459
-0.5186723721703229
1.2190353301262145
2.1121594353325452
0.1615874689034751
1.9249075034874636
2.573657758263601
0.27747242995881105
1.0122873308157092
2.17226325908773
1.1962831512683925
1.3148718046901418
1.389418908149357
0.8711876649603606
1.8900555703953248
0.5271529383518917
0.6708306289552631
1.3133761038175429
-0.2723175504105967
0.521371148679152
1.865323025932107
-1.0791194438809386
0.059280629459463344
2.0646836400046453
-0.2648492271027752
-0.15483996559971028
2.661451721690344
0.20346199572618498
-0.3860770535542059
1.8706882386050667
0.29552935012676035
-0.7774611753799007
0.711336973236809
1.0132375418100634
-0.28047698621469275
0.65797850887513
0.34023335423244944
-0.4487477623832185
-0.02782317733559553
-0.022874011617850173
-1.1839421326890331
0.0759248427483867
-0.21050844325584595
-0.9098950542619051
-0.8981506687629406
-0.963295258230107
-0.837573565625662
-0.6239130646418475
-1.7844581485952373
-0.8722759138733722
0.22624125472005738
-2.149993097222323
0.18465135594911067
0.05622503782687465
-1.328175356627757
0.13385474699976693
0.6967800615041725
-1.0051238377021958
0.8236492365349856
0.38491265615774606
-1.1070598137591203
0.6849621355897246
1.3892448184819046
-1.404154408221418
1.6443413252823487
1.94725415613236
-0.8165010296753326
2.422198634335331
1.6105087620831655
-0.14289845962424097
2.9606452504682665
1.004136982875612
0.07136133900542481
2.359344739671645
0.19267190903966838
-0.8557252284024317
2.5384459949999547
0.5024646121828175
-1.121042915924194
1.7362075129142922
0.9845385037416269
-0.41170999357530597
1.5379588460095799
1.8009323797173393
-0.31999754502462646
1.0045816962533507
1.0872675939342693
-0.07760351520906136
0.17907467586548115
0.3464988822710201
-0.49483905645333404
-0.521808021728756
0.21344871948213243
-1.1038378254153716
0.23562155729500486
-0.2534304214992737
