1.0530446093324914
-0.38479225119418237
-0.9118261377930853
0.6713366747961911
-0.6531426880557277
-0.024528861844780037
0.15594181716542443
-0.8264481844192094
-0.8739051615210126
-0.6088162535106655
-0.1758582343545647
-0.9153743733362791
-0.3245245326462664
-0.5563828761928827
-0.03686582069449273
0.217191696339125
0.11070019086995994
0.4626776863992494
0.2674678209800349
0.10948434046220624
-0.5298522255146928
-0.5723950801997996
0.40300531444191795
-0.09808769073997432
0.24199278688393053
0.977032891371508
-0.02427097965642601
-0.3739798500375011
0.8631759715449443
0.7587006095250544
-0.7088889193904453
-0.08443139733348508
0.7644612373605992
-0.018370769712517783
0.21765692285951876
1.4288717178158457
