-0.8376845893086735
-1.5979098347197114
-0.9624472770833437
0.172675836233527
-1.4540258342148265
-0.8451881267626811
1.0375697120783565
-1.0490031448265273
-0.46790447115566414
0.4340894852118349
-1.515767348570405
0.10866341864450287
-0.0038178994393798403
-0.9205279283673585
0.7567603152812733
-0.6126477565112168
-1.250291251222169
-0.010844914095717249
-0.9183279561363127
-0.38713266653836725
0.4809214030339072
-1.628746990503505
0.12260850382434389
0.9604408691489141
-2.0150778411264474
0.019659685722948045
0.05710813281777116
-1.9658738394844943
-0.11315078212250952
-0.9849091285940311
-1.89319232264236
0.6823913984852634
-1.6501555552239442
-1.5647068846616443
0.9938760527435351
-0.7197023395476351
-1.0500574944438763
0.2024486571983969
-1.2253777260766707
-1.264208260413787
-0.7637417592277895
-1.407898750073042
-0.2766875732514654
-1.1489867565991625
-1.6804525718508154
0.6608831513333084
-0.8521285293914483
-2.0411857498746175
1.3200037833618443
-0.376125171949905
-1.352546964963377
1.277193247178764
-0.10542485996666298
-2.267202897344892
0.361267227772803
-0.026957022203769096
-2.5749012092373276
-0.19835976867188398
0.8387522865803455
-1.986371547987247
-1.0632167849658558
1.2613241231895975
-1.8364360945890947
-1.1067299858839867
0.3731222563764353
-2.204286446695157
-0.4320272750841399
-0.2650153554119129
-1.8050466947256933
0.6220044058487142
0.17653578462205455
-1.6107705749254477
1.3260970891199595
0.5945280873433478
-1.1418591446020294
1.859953661170237
0.5509114727369965
-0.24038601200523008
1.450585510290763
1.2494249573096197
0.3447454157764623
1.075215160205627
0.3663036569038933
0.2637007943917773
0.3909724084876432
0.9276009618838588
-0.12390002503083143
-0.23006834705092583
0.22681262480639913
-0.7710328214687442
0.2834203678717195
-0.550348503659554
-1.2246346914430095
0.7587269894628982
0.08100751779558132
-0.5719203619501725
-0.1600589594847998
0.19807851930507264
0.1121975229707916
-0.7334857296730413
0.5093060828678809
0.7077153969977727
-0.9263464181148179
0.292892188520716
-0.21133927377377934
-1.3882101670380778
-0.6112315092495078
-0.39638185736684717
-0.519194879017822
-0.5505006978718188
-0.9757189270978343
0.14636530366845388
-0.6947308273921123
-0.2395821367629551
0.7955583320329255
-0.7546557189473758
0.4064146576862926
0.7107773806949181
-0.8377566795715108
1.3690398788336373
1.5832879481969815
-0.29535247048565966
1.114659466523274
1.7192269190176932
-0.41079101715163824
-0.028055438420888836
2.479102522691307
-0.35642313406265885
0.627179258416574
2.0285249147749522
0.5155926502766041
0.7421787900859523
1.1142912139405359
0.6820141735500204
1.2537503625229773
0.16507410338479594
0.7518658371483853
1.3838605178090295
0.37184699254804043
-0.03080797780641915
1.0928529566319063
0.9822314601228918
0.008037193886161833
1.7854297596553104
0.753922742553142
0.8789298638970027
2.149878101851557
0.4330896719861535
0.09881763586386877
2.7330420136803917
-0.1565889075134034
-0.7077551326640898
2.814184555650053
0.7376778063875326
-0.8603298578048275
2.443033906885606
-0.051852838049607324
-1.194237146445218
1.9380255024289184
-0.7900047236676703
-0.7196201787339809
1.4587301509362047
-0.9534577267954195
0.19102443253197912
1.761272775216024
-0.020186355556333854
-0.18873126243904725
1.8341819522679368
-0.2511465562275925
0.6818363585966413
2.3004699464662854
-0.762004363924363
1.2036860211050846
1.5815317427164435
-1.0296477495681313
1.670295306423355
0.7483427876876774
-1.5165269127551866
0.9404774871632334
0.31975290188292804
-0.5679699279802622
1.1051735429837863
0.0411878053896066
-0.6129049282171768
1.1256932288990067
-0.9758081190080984
0.4493833655352944
1.0684318090762626
-1.1570052105505608
