-0.262582711314064
0.9145931956651269
-1.259408328748945
-0.89765378377641
0.6572006795346214
-0.546483118903481
-0.35394349571565004
0.06318457346148554
0.09518529836164867
-1.2927361748899562
-0.20143351421612107
0.4683878475599385
-1.1372321090554691
-0.7288141666619635
1.2851430491334863
-1.3477990677131926
0.24412408484378129
1.349080270007465
-0.4458249341554138
-0.043760551493233005
1.0362418556193502
0.34941590644442533
-0.43943615034047034
0.5523039164828086
0.3100932029286361
0.5041508774791247
0.572701550720271
0.060601458751090645
0.8551504391067825
-0.31393297312270796
0.5147197692574675
0.09017986128902902
-0.13339401720066518
-0.20704621193613135
0.028663786542802543
-0.8546355675600361
-0.9311548096167455
-0.6528302905506074
-0.464290073262035
-0.5616882130143025
-0.8910157963805807
0.48079217899934246
0.039512116216558986
-0.8133418896580965
-0.2771352912899332
0.7064867471750919
-0.5797948270998637
-0.9533452401141372
0.6487185648487158
0.6500991856395424
-1.0613189867496329
1.504101581600667
0.14832074715281227
-0.458270916870591
1.0372101224701542
0.8880438569228755
0.018894193711163614
1.2001046110316878
0.05808040318241699
0.4936476140209343
1.0666974304627816
-0.75136450441945
-0.03016326079423321
