-0.407491190882297
1.0554242628071595
-1.5801409821957277
-0.006187768522365494
0.33891374370436084
-2.218282543889711
0.42496079992499475
-0.3697616048269168
-1.6428232047678788
-0.12906129712981793
-0.7144476514621909
-0.8494788626705916
-0.26765809511865635
-0.8135518006526694
0.012027640731932167
-0.6425316084510336
0.1930966071591594
0.46297760490141354
-1.4514294535131453
0.4015768612819004
0.9508563970184015
-1.1915310605418665
-0.5654843217076786
0.43961363208336457
-1.1847939690932847
-0.45922925057359426
1.4485448925489348
-0.6407281935205231
0.3365687684128516
1.4653059971274456
-0.27644574576852293
-0.5863374639334313
1.0440904718084918
0.6372880298457132
-1.0447066309511606
1.2313004151888254
1.327060626214603
-1.2956399267666057
1.9552242253751537
0.6119102545869533
-2.0143324178814193
1.7547952316917081
1.1577694822147093
-2.854163024089538
1.5669357500317633
0.9682604293980955
-2.821828518124786
0.5227608783295187
0.33656749360724714
-1.9100061892180957
0.6367028752869699
-0.2399637351370257
-1.5055911585817066
1.4813318951765388
-0.5234296415041763
-0.7684050086400398
2.1062526227019127
0.4246786618624024
-1.132689765638474
2.290358066459741
0.47490363835681737
-0.21152842071333278
1.7099402850167817
0.6356212472770338
-0.34321203025302083
0.7388472511138788
1.25442053948715
-0.17672975412913075
1.298604980433399
1.2339350223634427
-0.3124355433177991
2.2445942385767212
0.9885748954726679
0.4989061527996917
1.8497935676471975
0.30720327723358276
0.4921570049239337
1.0750877798530212
1.1568643502988993
0.4401568989520166
0.663638454832162
1.4768971031156357
-0.4284686784766908
0.2872239328265668
1.0216099844731361
-1.2103469211876339
0.5098252002851393
1.4000495302815446
-1.9690652731527298
0.936815299305438
1.6853232864744692
-1.1881881342455711
1.000472276846649
1.8880778057900836
-1.626692527104195
0.20062157431409275
1.4354901687553465
-1.2739344579295526
-0.6375233485823938
0.8222108598707406
-2.210708757199261
-0.1780292744259541
0.24078958364767217
-1.3281141945438921
-0.49122733515528805
0.7246098013854985
-0.3814353985839336
-0.625709348738721
1.3331657702483761
0.17058017793674216
-1.3787424667074772
0.7705854644911998
0.9180558748505292
-1.9167683368418587
0.13403880025345402
1.8390300765150018
-2.298176025624308
-0.8470771964916876
1.6409844952938561
-2.1580974741995353
-1.1481882344962568
0.7137089688798753
-1.862687234796785
-1.430503734357658
-0.2661218954564066
-1.5508140750199755
-1.6833989940365919
-0.5516567932403003
-0.5689984761246574
-1.044183355414766
-1.123676348540388
-1.1805264050765933
-0.9329375234783354
-2.094281894047041
-0.865564396861353
0.07144807263421978
-2.454997430606784
-0.8045204055053022
-0.13630484155764394
-1.6080201996419927
-1.2715936467161764
-0.4304323400000836
-0.8717315763216996
-1.9458555091005147
-0.5834542459816793
0.13694175621221572
-1.4205448277868702
0.29200496344850957
0.503544402145113
-1.0809069260468798
0.0837418583855731
0.30458964342480066
-0.239098357026494
-0.7614193194319893
-0.15144003231732087
-0.505299251100036
-0.9914442678983774
-1.10612223616986
-0.22790684805237169
-0.6171234530786078
-1.287994895415742
0.534366535476614
-0.5341839410671251
-2.369660916214593
0.8071167125611609
0.1921989139982498
-2.766258337048777
1.1841815504098858
0.08105816301041728
-2.7648115574115812
0.16823598748918694
-0.28910559722409607
-1.9335318218847146
-0.002109788835839955
-1.2823120244225046
-2.0259209535755276
0.18068893181124868
-1.377049083181354
-1.700904489579379
1.210713153487058
-1.9666873910587128
-0.9691923558158485
0.9958188162123267
-2.3005510065122787
-0.41009065056437244
0.21114557702152792
-1.5861416713737522
0.2826724031251248
-0.027992219449823382
-1.5220323773262574
0.47448371399662786
-1.024178567871297
-1.3399438257108098
1.1865609942583153
-0.1931519228364414
-0.408986181606664
0.7673919813646795
-0.7430640147611627
-0.45795054601176743
1.850213364345905
-0.5619829560680716
-1.4630353560360874
2.197621131525671
-0.5436546883692541
-1.1401837746492371
1.4997135954447702
-1.2715751605163474
-0.34523641635273317
2.2284597226056952
-1.494766896614108
0.19964823209764998
2.502065751006339
-0.6553254683992625
0.05265550979263482
2.059675915131016
0.10381540303332362
0.4807462475075964
1.1938256033860069
0.5310428025561037
0.9452376841038552
0.522101459571051
-0.27732239417867444
1.5000277117120213
1.3308814649914196
0.17245465124425266
1.613446016699301
1.1888843033712884
1.1915396340089814
0.6438897389742276
1.542946287434892
1.363917250279876
-0.23479715833641726
1.309778162232708
1.1587037791746493
0.06469546276873962
2.243717612787275
1.1357716251963192
1.035361627730264
2.0390905590009565
0.6556143964641791
1.0086305244547282
2.051151714206797
-0.46044488537922645
0.5175384965818822
1.8090928318654342
-1.1419080062697522
0.1837887564741828
1.314995508387933
-0.6117495244963029
-0.46635938131598637
1.2903610438215782
0.1181598863325385
-1.2296025760834126
1.383784399330002
0.7840842564748536
-0.865008014073581
2.168864366132924
0.22671667588649874
-0.7481836721126499
2.8617419194321547
-0.5597428604073232
-0.06025628302555834
3.1512530118348603
-1.3872959081644956
0.8839594824760226
2.619805620363578
-1.3175600455989764
1.270738399156713
1.7999156527410525
-1.7764342808903655
1.1916427739490874
1.118163418741605
-1.069055910514005
