-0.05067893236015714
-0.5768283694083872
-1.1548735762491606
-0.9006296951984258
-0.13010013342800067
-0.7862559790626712
-0.356429415612361
-0.7280245932343646
-0.205369178003665
0.014965906120023314
0.18711861889443154
-0.47115337978981814
0.6239247846441606
-0.5696142217060104
-0.38342113092523095
0.8713342946551
0.33817396285195134
0.001348850385205925
0.6681394152657807
0.4721701197331881
0.9957613618296067
-0.3418967354996819
0.31284627596396075
1.099177096352863
0.17540618624998972
-0.21275382465523587
0.42677261164018715
0.01966356101701038
0.7861605067810019
0.2911510723047498
-0.7237993692814365
0.12085165820745823
0.18686225151794134
