0.7027690891303414
0.4120449099005306
-0.27830666239778323
-0.259625509361103
0.6646463756733781
-0.24629799804551486
-0.8233175575465418
0.4440473164216751
-1.0414651504060075
0.07688302222145021
0.011713501839078062
-0.9375724337454581
-0.658678085106353
-0.23813484449523015
-0.3317424470967702
0.29334197214667
-0.5014853030586423
-0.10092943028776478
-0.515334078153598
-0.9307425142930017
0.35172659077586477
-0.2237747646260499
0.027737086287600285
0.5453507521798598
0.3214114899635667
0.8773721858241914
0.5320009262426052
0.7895157510964338
0.011332865162688983
0.6221445448997718
0.2968086702351818
-0.7785315792622735
0.885091307881208
