0.5150336402207469
-0.3467662022620057
1.7899764934463551
0.8970032457846424
0.0144178805131191
0.8986590132916872
0.6804331173329677
0.6816319713393506
1.622260511964519
1.365880783523406
0.11552857703958591
2.018053962020553
1.364244357562651
-0.6947682891957804
1.6031902537307974
0.8742503503449587
-0.879939418438248
0.5466264904884943
0.36007307341992867
-1.1714531124108747
-0.08304930953243873
1.2262474079654897
-0.879586893760072
-0.3438676569964788
1.2256736209802703
0.06599523252294902
-0.6087676180361852
0.516127269081011
0.7428531101307906
-0.4152996193392508
0.43215369030379885
0.9936354441062277
0.718327807761966
-0.19580964055185238
1.2357078403695352
1.377449846315479
-0.6600577068849428
1.0992547037457725
2.284013660743924
-1.1573569710955507
1.631933845571575
1.5992807272359606
-0.6286195013509602
1.684682563453857
0.622591322275213
0.16823868794942423
1.8784693227622997
0.7344490851931609
0.835780548328993
1.6170317795246334
0.08645302441027629
-0.0808729034305294
1.4404842664462219
-0.06749063612114733
0.4765309918435002
1.8670990539066301
-0.797313305720817
1.3777951106826738
1.6891018721712334
-1.249355919559363
1.5886639252310142
0.7048779405978893
-1.472685719207833
0.8842628036969937
0.5984233394071599
-2.191467398789891
1.0987419973598
-0.24792197708869632
-1.7042470548525812
0.644083060424033
-0.8490958230636984
-0.9581172850154571
0.6283522127372976
-0.4198986880364023
-0.23911200162693735
-0.16589377094051533
-0.4762855887395864
-0.46469770264420457
-0.15447797035329502
-0.8283157597611785
-1.529345754597925
0.6540909605713813
-1.0914899896594183
-2.037770367689989
1.3353114524363312
-1.410202669981875
-1.3911001990351313
1.8261356717337573
-0.5946014115237305
-1.101986641841649
2.2966740323434127
-0.6463956056516318
-0.18041349606841914
1.4983668585155914
-0.08965346847635516
0.17713707569634438
1.795233204374118
0.11497094638926664
1.1287433227957595
1.4070017490978495
0.7897947244982308
0.5345658123087808
1.8896072549886198
1.6490923843175767
0.15702602603264948
1.4031886656739894
1.0190779674125596
-0.5220894535991549
0.6479367235693729
1.0175072650257009
-1.228585448303007
0.180930397916263
0.1305288735323032
-1.0646056975672264
-0.22416604725163503
0.7925867019911466
-1.630086969114052
-0.6305602121445748
-0.03197434090725761
-1.3872428869479365
0.05528832868596576
-0.07370895263725262
-2.04868768765521
-0.7902193423018077
-0.49673379833505993
-2.203442395908598
-1.257987750352477
0.39388000925249755
-2.026801708340442
-1.3129017242204588
0.8379562240643159
-1.1562374780382503
-2.0267557540172283
1.4897694978084834
-0.8252515713696341
-2.5101338427910216
1.3646803864957235
0.04781736331625565
-1.9031221288387663
0.7049005438595666
-0.15909051727540513
-1.572533709537552
0.23909497181795147
0.5326789219594517
-2.3857478556704033
0.5760087298123772
0.5963820340061948
-2.826392491755426
0.5259524077675277
1.5535680738689195
-2.7207907687004074
1.391166249103989
1.0256869605593615
-1.947173452244966
0.949126585330758
1.4532670568782313
-1.9860114483620772
-0.06346409699929373
1.4626933390678611
-1.3170889103797354
0.3655665762748641
2.019268006172482
-0.5121746665400266
-0.14517586797198476
2.131581621214909
-1.3997067089070305
-0.5933359709769588
2.098464768459751
-1.0095218874060305
-0.22812517789877157
1.3464918615650057
-1.0252338345335092
0.6323967183237893
1.1605269713545403
-1.8236713289113675
1.2407288691472977
0.6060682836570426
-1.2068672651908965
1.6604701884185131
-0.3130113460893651
-0.4887228788647406
1.59362218965395
-1.0391041764600688
-0.45110984801712
0.6244221219445473
-0.700978468376385
-0.8709874085751751
0.6814615160147461
0.07222531039609129
-1.1848243407946297
-0.01635762718057262
-0.4601970663164476
-1.1498371751052776
-0.8624541261513021
-0.9720774916793135
-0.36871770766635836
-1.6025098512021234
-0.8531568687354845
-0.06971600912322387
-2.4268927541544794
-1.095991891581949
0.8898648974311438
-2.7078651350107905
-1.0076679990645394
1.6110628022845488
-2.0841041915401566
-0.6357328719630823
1.0245420824054445
-1.7768650740391627
0.21109636099968182
1.939995612362358
-1.5798851231902613
0.20419742257583323
2.054830777977648
-0.8313017446557777
0.7325095272715897
1.4084575677300923
-1.7122352044777445
1.0586481612608472
0.37178261927242395
-1.5981293988846967
0.8921677970964691
-0.6237663692214448
-1.2422515630867461
0.9878060187202405
0.0760029388908822
-0.660483287074083
0.8447120140496072
-0.20219357843207858
0.3021425955126646
1.2174888490510216
-0.11700174240342236
0.027346562070713537
0.383281985934952
-0.79951644066461
-0.46288796763353673
0.27003307191521364
-0.7965345809621684
-1.3608414777750324
0.02380487667175104
-0.12863680743437028
-2.1619980703518937
-0.14487404212760938
0.5313876444511401
-1.773911477552049
-0.8002864174829427
0.6261523444437523
-2.0555133717124834
-1.7199829530632484
