0.0806719582059085
-0.026933299308935052
-0.6283435844014867
-0.45197629124166705
0.46901510106697
0.04108722262466715
-0.5852963114356668
-0.5234853031918368
-0.05779459415273832
0.28982122507539737
-0.9492629569425489
-0.30291629997856917
-0.08318416751314356
-1.0809169544997888
0.6118150600308595
0.26018920589234845
-0.17907210432657447
0.3454799730640692
0.10763823397914418
0.6677476509777013
0.8469773673590261
0.5134300613293925
0.6902587257565201
-0.06940117415175245
-0.1312939142917167
0.9326491404684889
-0.786903970394081
