-0.47066885064094854
-1.5990795234247783
1.1192710561196708
-1.0204471336127114
-1.4675123259346046
0.31272491197520086
-1.6425398273355465
-0.6887632873889471
0.2513023666584559
-0.7347182571031085
-0.6013503887924588
-0.09867569287070718
-0.7895396761877509
-0.7426215212609724
0.9305575811630913
0.05018064986394645
-0.8149113668020089
1.4419163599997245
0.740596956577236
-0.40755849930700805
0.7533548975114627
0.05114403071283155
-1.042912085462215
0.5893394877833962
-0.13850334573310485
-0.05473710649492317
0.8167657793990613
-1.0228557542801722
0.22438707186966267
0.3793408441171396
-0.8175852436569492
0.25954932061255276
-0.5929632078093252
-0.11699853144502799
0.652534485505236
-1.199676441376329
0.38107469805670735
0.0220068232505213
-1.8296560647598072
-0.1390267230109302
-0.3465929935849581
-1.040632297086254
0.6916889243794575
-0.7794844539645885
-0.9838375764126887
-0.11138570507644796
-1.2730174567219619
-0.5704388724407407
0.9037352361419212
-1.2661129036069236
-0.12890441119000318
1.2872276500432902
-0.39578460499438844
-0.30008839026421497
0.29139343164486403
-0.22137897606494983
-0.18863617048317805
-0.15786971705560665
0.42459928066723446
0.1084796999710184
-0.6109509533998825
0.9543314492596621
0.8413239513305606
-0.9923817182622484
1.6692052126274763
0.25248156743468547
-0.5719134278537584
1.240302675605172
-0.5434612547421925
0.4955462632572785
1.0867824979802239
-0.5512424559972955
0.8905194601573567
0.2930396222912724
0.11209528463071661
0.7660138166183071
0.19471710149013283
-0.829984721738518
1.4393957056946316
0.8802177491816247
-0.5288302295411301
0.9972375404276531
1.4505361529433998
0.27090943744474477
0.35269080152780785
0.8041128409714605
0.8988240192737669
-0.0010603004491114337
1.5454952095501306
0.3083405418996709
