0.9259746207637998
-0.9685743139162094
1.9971347589729287
1.5358651273751076
-0.47943953193858674
1.3625160168452226
1.2002743100253443
-1.4201809066315505
1.0984323861917944
0.32940873933469317
-1.3860963290404607
0.7685121858288446
1.0960056674384893
-1.5901480164814934
0.14064851771810893
1.408268199125424
-1.4563748165141364
-0.9344321683426752
0.7960578846697464
-0.8762828336178586
-1.5449216476317837
0.36223271557752823
-1.2455816867002418
-0.6759746825713806
-0.3406296175691033
-1.3145845773321834
-0.10296059844202743
-0.6734160422330168
-0.8370127833012221
0.7800746060913402
-0.8235818968029949
0.1876555394546494
0.5642279881853172
-0.01599879796704516
0.6306082908487751
0.23101131502693711
0.10970405637356227
-0.3608525513105989
0.3906598609737863
0.3695571794214049
-0.6001457844375492
1.2575018997398333
0.9191418881693664
-0.004192087325054954
1.9841502297412699
0.9062435722658784
0.30442689164475834
1.0498231998217318
1.0579207151406098
-0.7614567300248438
0.5333988781664436
1.74524354983568
-0.9134977125279727
-0.17828647797346214
2.0106317055912126
-0.2657451549189707
-1.0440145646373853
1.3815339833627096
0.6230610793265534
-0.8617361034377568
1.7883178098309638
0.11912856194923291
-0.05457424810930728
0.7224034848319225
0.27065426538385506
-0.11226959238743262
0.9843398956655072
-0.3582206660208707
-0.75173195376403
0.08211817950051929
-0.37126195581994514
-0.7485249391208605
-0.688549825524453
0.2060783300987236
-0.7257011584241173
-0.9878115848698461
1.2299526789821595
-1.0578449270969201
-0.5765046139649868
1.9861321355683048
-0.5522652920250971
-0.13990447748670187
1.524830088559885
0.0826378597094762
0.4305305843030082
1.1236550108616774
0.9317815386152241
1.3053946335961784
1.402801197856663
1.2770857021381556
1.7947031048237299
0.5261904240688406
1.267885519002859
1.4183781445933676
0.7423628112839552
0.3994281583322904
0.6881353954930657
1.031006203419875
-0.3810069610703377
0.8907522250201237
1.7627579958867403
0.2702279301338584
0.06909730667336231
1.952072330957089
1.0690233912697222
-0.5647955870109205
1.11587594588438
0.7474142507668088
-0.09853989159023857
0.4101502299646447
0.960885579681042
-0.12676427513516722
0.18102525839039058
2.024825366580845
0.5741608506205821
0.9408689435470647
1.7214650735062018
-0.3307318573720615
1.314546709731446
1.7648470891171892
-0.9435039651400196
0.509774877383067
1.4914865214962634
-0.955289188712195
-0.4857447737480246
1.6625862084143612
-1.7371492700480253
-0.025275267872409496
1.2904612767220596
-1.7258663730986668
0.6586481571756586
0.5088844471764556
-0.9511302492498099
0.9518799562186973
-0.08004939696564617
-1.4988987201219135
0.20474780676088836
-0.4613718232334444
-1.8456101683632078
-0.7349973715882712
-0.5483065676943724
-1.2762895899553628
-1.210415566280168
-0.004728913626546476
-1.8817295662360962
-1.727438043990844
-0.416829015879159
-0.9620756630905055
-2.015897570142891
-0.13482457826772218
-0.9573421338216761
-1.808687494708141
0.8164360296836463
-1.601706000254282
-1.0727191084884709
1.2051747185438904
-1.7817830189013368
-0.2990606105524898
0.28496251441215453
-0.9388995577783791
-0.44892985286081305
-0.17052763743993393
-1.1389844493437564
-1.3783911881148212
-0.6801434799625362
-0.3188466944319542
-1.8815900901297151
-0.8597459364473194
-0.18123149982393444
-1.0120015317417472
-1.3340451749688618
-1.1904228375417594
-0.29417679543724967
-1.1180535336218225
-0.7671623241690664
-0.45242213692894867
-2.083211655981926
-0.3229169708445563
0.31174842252733165
-2.492653018503772
0.08973144359901068
-0.1995247340438512
-1.6932538629875715
0.5357809269436346
0.3387785288411729
-0.9645335076546687
1.0623439599392328
0.15860805917213347
-1.6341508846003672
0.7615356743650205
1.1865955657778893
-1.2976624207686642
0.41230836183938696
1.933132328482913
-0.6777138475150811
-0.22745192429273
1.7934658899782918
-1.429006467090713
-0.060315298664272356
1.3170396642814668
-0.7763936050284497
-0.15146725363649222
0.8702795271142941
-1.6616695746131604
-0.9807947110633249
0.43638086710484786
-1.6904708007201181
