1.8575321430786436
1.153417115792127
0.7445949855145064
2.0127110158710098
2.1933611205331323
0.5322476075670138
1.5386949733666062
1.9190607197142187
1.5389617022258204
1.0119806373107163
1.0758481691993795
1.3877938455667727
0.8608890008272965
1.8564363299749016
0.5960130480093282
0.23489967253071092
1.6595466136815478
-0.014623639094146781
0.0633493548175822
2.0629470684724605
0.8439304855390652
-0.3238824266982689
2.916648587226287
0.43348420577878694
-0.7926911099564755
2.507806102816758
1.245674375936935
-1.5805021165613355
1.9935208354854235
1.0715251402940094
-0.8163583693499734
1.5085156524028387
1.1441769154559769
0.1311785198450165
1.398095945917989
1.5907313690181775
0.4745373721843831
1.1036805827898606
0.573833675853035
0.43858806180083965
0.3611543162523525
-0.004152159365421704
0.5966167537971603
1.1747898285118081
-0.8528309390163374
0.31211996798080566
1.5865414272956846
-1.6622133138216217
0.537463050118087
0.9943999592310663
-2.4772253831231246
0.8876789892386117
0.12009611152979502
-2.051458940546759
0.06917979512120451
-0.24713856408310697
-2.164581431774937
0.1544002898883855
-0.45778261567657497
-1.2750397700204994
0.22170238715320142
-1.5560632286821616
-1.017958358750727
1.2497651269499188
-1.8332727433080576
-0.6695009054816224
1.5172827929891923
-1.1326771878884143
0.04880895291795825
1.7167905752199484
-1.207726331194906
1.0054009705028415
1.2295872743431682
-0.39946828220396857
1.178698051101472
1.0289181066282735
-0.37090621173671967
-0.028256489355934306
2.0019616144880747
-0.40914303061608415
0.4519279522191959
2.0386659078727183
0.33231633739813804
1.1026157609584566
1.1758771826995222
0.6021170585956424
0.6384005024851693
1.0883996203945452
1.1262007139850654
0.045902564158288056
1.9867214171175358
0.525586191933125
0.1074384523079053
2.712625804761162
-0.2597992691309937
-0.16535424312818137
2.669883110635029
-0.54983792402163
-1.1798484610002562
2.5217078966282904
0.4611479313171946
-0.9880177135963922
1.5995582864596498
-0.18754726723272094
-0.7984953138953077
1.4216988585842079
-0.6159274121472378
-1.532933235471489
1.8011774491224035
0.30121016367602593
-1.5712584479247858
1.1220331246295177
1.0433166117648376
-1.642016023831093
1.1663177618229523
1.9036216349086612
-1.2129337834491731
1.8013284111485974
1.8416245605289805
-0.4013943459385523
1.6095787515895565
0.8098048307885711
-0.8793907855380373
0.968861312972526
0.08971091530780309
-1.016726543031155
0.9804970255700767
-0.7479319065114498
-0.8057088055825854
1.9042335062847813
-1.1399517902829994
-0.8829559937719135
2.0567226471462927
-1.9383703583243652
-0.16207360094212403
1.2271951973916773
-1.9163622724260392
0.5195289133154372
0.7569944158676993
-1.258896720906612
1.0170828238455634
-0.1958666404914359
-1.5456049805876924
1.5363933322803611
-0.9630944018141482
-0.9381760076553847
1.79648131145421
-1.2026143672572271
0.12032857622927418
1.595492401754065
-0.4211642930423603
-0.11378354088672349
2.2133883976700175
-1.3510323108774385
-0.3540600996146067
2.6364078900147265
-1.9987933660014874
-0.586839560780433
1.8151765317818511
-1.6665302454505857
-0.977953964390283
1.0077209243339553
-1.9013990375547518
-1.303282755044468
0.07791853819953097
-1.281123500532815
-2.1181096650846882
0.11072277437209448
-1.9960952732792958
-1.9599377029142473
0.8030053221955791
-2.560905561332096
-1.0993166376509764
0.8044457171372982
-2.240912703264557
-1.5045048999611799
1.6647619048514923
-1.3155169780171876
-1.888770999671707
1.5984540307538355
-0.7592392023114742
-1.5917417128002207
0.7239567103039694
-0.7763264129788888
-2.505338895801048
0.9193223612822968
0.0881191285907796
-1.9656943567247032
0.6718997494186102
0.559404445913062
-1.3487339438821815
0.19546294313656531
-0.17544068920732353
-1.0452154788649954
0.374161400155314
-0.4227948843080048
-1.6445569303246867
-0.13378239318045212
-0.5934323715930875
-1.1811433362598853
-0.9431029808815198
-1.1879224107320463
-1.8821536994935135
-0.8850951806225429
-0.5037905362085233
-1.7636857509602164
-1.6010172412127035
-0.5566777648223582
-1.0651085890215701
-2.3460499048178223
-0.9605861076585467
-0.13785590436685527
-2.465771121379653
-0.446162096898119
0.7829295288159215
-2.4127112050472976
-0.6123839918063172
1.187841384363102
-1.5286512097661382
-0.3793945543951637
0.6898002678308263
-0.7126612742164045
0.1727266939125255
0.6275189803941438
-1.7321309455187612
-0.5727744945900335
0.15116105031108448
-1.4706728365532387
-1.1220805950617303
-0.6818824241454494
-1.6019609797194865
-1.8678272712797435
-0.20422774124360613
-2.06756898951007
-1.378890489257666
0.6674314790399806
-1.94660289492548
-1.5330275513648994
0.06408000651407006
-1.1453393893114088
-1.6126866747056614
-0.03675505839993271
-0.17467112807101498
-2.443844490085878
-0.46776754953215616
0.030205968009533617
-2.1117147386008317
-0.17207679046513624
0.9149929166290031
-1.295219249504595
0.4756296437990181
0.7874217045571221
-0.6027727140695626
1.0666417951935625
0.10065372073084909
-0.39980948441891234
0.36737291708789926
1.0736795280761544
-0.8226483478011879
-0.4537188459185305
0.9500368692674819
-1.0424791526238146
-0.9238520198343603
0.08245697937386141
-0.7226394100330668
-0.12496718872402171
-0.6555131389858828
0.09714845775661321
-0.49569486935735935
-0.1766924261995873
-0.4052540599062133
0.1338346662880866
0.20366433904582015
0.375013347654356
-0.09724897501938382
0.6736869652205478
-0.03333173997941569
-0.5332091879446315
1.457585699373934
0.30365434265727054
0.3827290726987834
1.7369660921310626
-0.6463190675312747
0.8240991126428192
1.9138560243586695
-1.5299212320371562
1.0206647421869772
1.437970092805886
-1.4679819392192206
1.2954125020178335
0.43835021290963905
-1.2031031207013807
0.8144907909613623
-0.4439331399242759
-0.6785451017640157
1.6275094835590895
-0.564940240147604
-0.8784669317852483
2.019773742741115
0.30034559328645255
