0.34918752848641377
2.222199359492276
-0.558186433989019
-0.3878476111901032
1.5925692733045433
-0.9245573472774135
-0.9199625418212773
1.0646201631693692
-0.19890062958949492
-0.9761269437630666
0.08778137663420554
-0.23293242365707567
-1.8302741166518053
-0.1984919392995177
0.25412616737126636
-1.1913404496936235
0.5493412465485358
0.6586205007633713
-0.9122643170403206
1.4584722864560886
0.7084586511690276
-0.3382583615962454
1.8310738702225478
0.010079515548264294
0.5318568371815935
1.7733984188358152
0.3624377733950466
-0.13558527772418535
1.0113488569289169
0.3370161526586518
-0.23368577338442628
0.5091788183720298
-0.6494996564107469
0.402640359210541
1.2776883661435094
-0.437183654646206
0.9351660313804085
0.8730726599071276
0.3846231306041849
0.7624184587895777
0.26291097182506673
-0.3616673965854839
1.5946749803829319
0.13743879447527746
0.036257725373710845
0.8448183714651333
-0.2892831824776132
0.48819914861261177
0.04914581937884585
-0.6165800429603026
0.9933237644471133
0.3320834595733179
0.3282508540526638
1.0589573468068
-0.11890055286256701
-0.15598584729750228
0.1854643107407975
-0.4015102583053742
-0.5065741446359513
-0.6638496281578646
-1.1954888716980145
-0.8997684344033939
-0.20759696502846955
-2.0180103254211605
-1.1757069100727477
0.3082571164445924
-1.1015161745053876
-1.4438666112002658
0.6175437318806343
-0.8514485639648349
-0.4907122636016393
0.6673592436593819
-0.3171162633174967
-1.034969565618155
0.17779154243345907
0.5280282218311241
-0.684915507183865
-0.3439173802254385
0.35989869064009333
-1.7046321887738562
-0.35336223468807726
1.2696363519799574
-1.8608907651055038
-0.006020779819583566
0.6721409418088884
-1.2588565827578344
0.5164698971719828
1.4515045771135902
-0.8748253577872969
0.0007742848318964481
1.1300324861073014
-1.321415686020906
-0.8352672112119027
1.3188223869499354
-0.3343550169317184
-0.8241869697800075
0.39728090066025007
-0.1275152702401168
-1.1686312928461007
