-0.333767611069704
-0.9027755296075992
-0.8129431083952632
-0.5032771032842931
0.07049790749196538
-0.6892080599124646
-0.7760960491258369
-0.5983839559540246
0.027842784157283692
-0.13941179548273602
-0.4887956955160436
0.8048258517584028
0.19201330023081842
-0.38577152426026595
-0.1306417812296752
-0.4335014388519168
0.3112855833974772
0.280734800670696
0.2944111599183826
0.5840480886176277
-0.34021223790794797
1.1061676097886253
0.020632312121844153
-0.1826179892659252
0.5098013647119641
0.2458007974860967
0.5816952366002167
0.08366056316469778
1.143462016222912
0.4605245035246781
