1.3496364292884035
0.8160902681519038
0.4099146611517569
0.5052585024078945
0.5958761531738073
-0.24305445059939065
0.5960765580783971
1.5416797105366906
0.2049047166646468
0.35202663579536986
0.8187803477359108
0.8750222478913695
1.0828934715021645
0.08731618120653312
1.0074127213694426
1.787497386498878
-0.040925269233118663
0.3524826032056414
2.1472557443724574
-0.331483076893813
-0.6007294173938592
2.3577782659433564
0.5542250383201933
-0.2504751351785142
2.123882891628712
1.4067844715590845
0.22243033486251523
1.3921318357715204
1.783610347229408
0.8112399231125111
1.1402789040312276
0.9975403743038136
1.4137863052179278
0.4388535649674602
0.33646258331617096
1.7395219321479254
-0.29346607252832396
-0.09985379639659835
1.1740893485855537
-0.05968865023024161
-1.0244171386295686
0.9239336630630611
-0.9620509173360544
-0.6377155613691474
0.9750488406253676
-1.094415830576323
0.08248165557905031
1.6611860227850188
-0.6546139136447112
0.8139749978037466
1.138844177652308
-0.3635755085620129
1.4802262769428167
0.39555381907925186
0.012095198289665812
1.3547537532701626
-0.5877652953759384
-0.9667772183733496
1.6673819759305344
-0.3213999124105172
-1.3398331761951985
1.1452475252033378
0.4615511980039141
-1.273023070863573
0.11471361567189213
0.33250230272773107
-0.5515624787411614
-0.4657857256435364
0.242746868059046
-0.7953221348750575
-1.4475173344117285
0.4598155946517488
-0.7417082038268811
-1.534569575737467
1.463278959964723
-1.4779165983908722
-0.912539811592654
1.9222263981346726
-1.6681480931994916
-1.4135842445706048
0.9805131702924369
-1.463437435345279
-0.8148439051447357
0.1417269964935773
-1.954458347041583
-0.09246854015852322
-0.4005280804327975
-1.6421655932940662
-0.5904297175386343
-1.2570020261737103
-0.6305761268253824
-0.41537603101617754
-1.505470070661228
-0.5136527974951428
-0.9881539471747289
-0.7689769779053621
-0.9970862220352501
-0.36604079183536165
-0.5240862462451289
-1.2953183450947863
0.3629731134473227
-1.3663605022392677
-1.3419657918710823
0.7932431888969467
-0.3435879339090772
-0.4936868888163644
0.4937223808197968
0.10670502309167725
-0.19161809558304996
0.5208564175952146
-0.8055318550888076
-0.7885696354548174
1.244213280550151
-1.1855211440500752
-0.4212430071786117
0.5447694294420321
-1.7823322122635312
0.31317511680042304
-0.10516858285988873
-1.6824724681615986
1.1096816470788937
-0.27090812546721366
-1.2459547689500106
0.9439212395746801
-1.240380287879884
-0.8511865710260162
0.3322199050678157
-1.1610243441744064
-0.03421458164852259
1.0079527973675158
-0.6447003904399723
-0.16894967782005882
1.377605784484874
0.5049564331082473
-0.4786173772855921
0.5895359227946823
0.6076610256686532
-1.0721193086203968
0.3594820237335518
-0.20412306987650214
-0.6624420280651924
0.1685059650570984
-1.046500761832488
-1.4570082168428395
0.1852295651974345
-1.813203464625059
-0.7312458357994103
0.9273854466365801
-1.7901998953747518
-0.024150053446852834
0.9086481630601122
-0.9844304218508612
0.6498242331857929
0.46687118794991206
-0.2331967337362441
0.284920085574168
