0.49002803660621863
0.08063925677295429
-1.1129146299687962
0.645024564512762
-0.8483579444899411
-0.586703849353498
0.6336441277814708
-1.7657769034292354
-0.21292566926233605
0.15001344567452052
-1.8516863477381091
0.6391705107279732
0.05546669459191558
-1.2646526526917305
-0.03563653205144905
0.007265906664274295
-1.5892536587098507
-0.8947274904442233
1.017048038490355
-1.4806003358157862
-1.289692529021508
1.6480292708148385
-0.823814852919775
-0.7173526348240497
1.548861750648255
-0.33823081468091487
0.20663810305544406
0.7283203166234183
-0.18112253143922313
0.8482453696034788
0.798477572025078
0.7729540023371428
1.3146019493315728
1.6270059971476505
1.2409328048529826
0.9348432848950946
1.223956779356667
0.5120178625983958
0.3119751352006531
0.6498760277687633
-0.1380162027275176
-0.00707746110644682
0.8299170793142757
-0.9777255539354447
0.33905244826686726
0.08096009618488814
-0.8929041400628416
0.9882036646883972
-0.7309352686215584
-1.5006072607233731
1.0278827891528945
-1.059003497691376
-0.9431154087733142
0.3358242505917799
-1.069989626479378
-0.013809175804809476
-0.23435924895887922
-0.2702807362910945
0.5381407894054652
-0.42682194937925577
0.10531813481247687
1.153024426048926
-1.1911036010175444
1.0511074201777653
0.8289348086592981
-1.3649632257775988
1.4435409165082238
0.19237805075051057
-0.6723945974813309
0.67432338669315
0.8809622296838043
-0.48751638482689275
0.7645770879044952
1.833806301693754
-0.780307664072798
0.41388973375637683
2.3557932131848984
0.05792572417335674
-0.10270072955874912
2.7698496690500876
0.8023615508035551
-0.5827249652718948
2.3047272925809272
0.062172741537192336
-0.06611431529770392
1.7802179914742673
0.7200563343267077
-0.02622111456047616
0.7826080536167784
0.3972439464151577
0.7787864778727778
1.532129308085585
0.36319741952433604
-0.05605146541224877
1.5052781148227592
-0.17888087584565243
-0.818105418026731
1.2595084386172042
-0.7664208708402281
-0.7967125407504747
1.0703756252405896
0.2109035828951454
-0.5034988481925659
0.9725875082562138
1.200917185615879
-0.1841070907579831
0.015887537043515157
1.284903280961308
-0.14709939831425486
-0.09997092582924287
0.389053885558452
-0.9759053076425208
0.2659625413986555
0.7852587786562373
-1.1626177343369348
-0.6108125724730415
1.2258529982476754
-1.7698537213646106
-0.31699189327109956
0.4563736842842155
-1.921938780434991
-1.2615983332347431
0.401097513853994
-1.1895593092351857
-1.860479321764479
0.20651591687458612
-0.3026695059415295
-2.083994138509546
-0.19915942613595683
-0.8499257540336705
-1.3228069014347448
-0.5839506046638849
-1.6787143545776184
-0.7671124974849421
-0.39377036153019795
-1.0852534834835572
-0.46590230019039375
-1.1241201032945927
-0.23602151629678264
-0.5044764264184733
-0.6925883876807373
0.22056562064306223
-0.7448967316221081
-1.5568839517041275
