1.173068552033492
-2.2644915887441046
-1.4985563827137927
0.562478598376997
-1.4936830608426839
-1.8836712331834538
1.4512441289720786
-1.2526737741646012
-1.4895491010604256
0.9469825143615854
-0.564096912270247
-1.9472047637869303
0.45951656131148366
0.26862820894003037
-2.0190017238779623
-0.029418560506490794
-0.6821069114487075
-1.7882982025439147
-0.3932077788891989
-0.5945131854861992
-0.9484680277152014
0.018973189279624186
0.23360654059559294
-0.16331332424265843
0.40894036591819166
-0.09944528550780413
-0.8738214668329929
-0.48075482911685746
0.2543254224332209
-1.555696762864619
-1.45402337464972
0.29134528559555356
-1.446170152300965
-2.2158562623955227
-0.1971280604147019
-0.9173029927234703
-1.9706359111717193
-1.1503955657419762
-1.1958031647037206
-1.030588110752154
-0.9446602639219284
-1.5695754808423796
-1.3223435811686128
-0.681383665714085
-0.7203775176043107
-0.7065341041040497
-0.7148304870859832
0.1842871358552899
0.3969082571497065
-0.5973974362691722
-0.0019769655217908733
0.7992046380539443
0.13810832121520528
-0.28573947389254256
1.4150194326412922
0.783702654616171
-0.420230536716827
2.376795908982481
0.7722824347343882
-0.42154589451277485
2.5801491880232335
-0.14817868048482824
-0.8125748273105305
1.9227473412709564
-0.005801027854500852
-0.22146933483888215
1.8245423418137023
0.41529398396603795
-1.141509417569546
1.3676739880897817
0.6514651153792305
-2.044301378252375
0.9357705967630382
1.5388446253765349
-1.875526554000807
-0.018487165225092757
1.229238788922647
-1.764212188511844
-0.8714975684430158
1.0805086632147272
-1.2241071510206434
-0.9765533462113376
0.39721943990411074
-0.6548343473410899
-1.6552792172453459
-0.06366685542107743
0.005105945454366808
-1.8370212532727852
0.7696606726629501
-0.6717712427176494
-2.8141563503291414
0.7137511931524703
-0.6380865485400546
-2.6180688518118798
0.9509796982554508
0.3173785723660821
-1.6020946725345961
0.874500426605998
0.4603670478081173
-0.821517008725331
1.208492366745192
-0.2300415763807202
-0.0688123550436909
0.948562312083914
-0.616721035032595
0.947764250266444
0.8378838263224236
-1.1917226402939483
1.44230298323219
1.6206176163595458
-1.0182435216897108
1.832328687062872
1.5973835539696397
-0.00018310361664870562
1.0386494550719467
1.0382961088526683
0.46236479642748346
1.4806966695626667
0.0990201011272876
0.687746251136659
1.8602314090525833
-0.770460946084191
0.6741185754356422
1.8443448848773483
-1.6263887236968861
0.024893686194298915
0.9899308282537236
-1.5878091900857862
0.39997125089883373
1.5175771663615303
-2.297003766831062
0.6951429795744767
1.5997639871096574
-2.5344574148480237
-0.27638134101575235
2.0002215488408046
-1.933602341662103
-0.9245989565405184
2.0610317929137514
-1.0570218259368391
-0.7173687164930819
1.1381448815428727
-1.7490602899991865
-0.5021063894096793
0.3629967381856753
-2.142182336801832
-0.15070172970949777
-0.2580669760202752
-1.3871573260381567
-0.4034012929847591
-0.10483527638457388
-1.3134136301935349
0.6176337402347326
0.19030766357214066
-0.934263325045598
1.549387570262923
0.6579736269704156
0.013976353862276083
1.5664590689394002
0.02563851678184562
-0.3515490467113159
2.330720548495739
-0.7278449602376802
-0.4874553641055479
1.805968225678131
-0.9497137086638213
-1.1727392817225453
0.9556742667296099
-1.4738453523582027
-1.1319217006399682
0.07041774831068914
-1.142867303141935
-1.5865832893445686
-0.7918342555865071
-0.2791152465329134
-1.5508601353133313
-1.3395386335021147
0.36460327531727627
-0.9301463570181384
-0.9528708742659858
1.256007509749478
-0.2914303788491493
-1.0369112360078032
1.162256700130235
-0.8930266580945382
-0.09404260696940721
0.9295791413699028
-0.5533335298668285
0.8496389597489741
1.598165461956732
-0.23920604130602974
1.475472643760977
1.694930142916664
0.7816713015778458
1.227652400183231
1.1255861696685574
0.846808287067421
2.018222745967152
0.44383979756705877
1.5942455267027325
2.0978342621223187
-0.08664326282100691
1.8791401712059987
1.3426570010843124
0.3683947558855594
2.0973613065515484
0.4772200830137991
0.6392781554993517
1.558075398995311
-0.26539747492534665
-0.18182928548188812
1.8465574522215271
-0.3162740129435134
-0.047338875084478885
1.1272073689624271
0.24142160782542696
0.48979954647464896
1.020324175272456
1.349365513622421
0.19167689381806183
0.703717512297325
2.191139826859606
-0.7258529436065336
0.3374899562488823
2.305341805264339
-0.5275695901808954
1.2656174757315861
2.006953286888791
-0.3776792863134911
0.5816566106860389
1.4623819051561637
0.4038538940962803
0.1642764224352836
0.6357381356357161
-0.22856093976225147
-0.4715491202886193
0.9456161821124286
-1.3195016790780907
-0.2511350254190736
0.8058600018847387
-2.1602606488187606
-0.6391316829718602
0.6419268363161698
-2.42970703913324
-0.9450575100771679
-0.3060842334729628
-2.6195572510619085
-0.0201471635941617
0.045457231462297173
-2.1559720765967607
0.2526240642095484
0.9216208540347248
-1.502375782201825
0.20029862891802494
1.7104241657102706
-2.431637910817673
0.5501869974148782
1.8990274505458864
-1.7390316858183137
1.1475852188129965
1.3540262722377934
-1.6057338780176333
1.829802942048276
0.6864497098676713
-0.6623465036352532
2.1396632005374103
0.5253875406238918
-0.9070760618895923
1.2321302241715608
0.8970206492277126
-0.7660783118943609
0.4184122069569115
0.4076253076239774
