-0.17404982366151447
1.0081983425584717
1.0955099153270864
-0.8089595503217255
0.5905522065669467
0.23307745653984666
-0.560531945294204
0.02043476118409991
0.9778467391084764
0.1758544472733463
-0.7269004415265807
0.4896988820859747
0.5005150562730477
-1.5377108769086691
0.3401589106374731
0.8514558820468819
-0.6061091409683242
-0.22299535028331643
1.8119017478362904
-0.2919386075001647
-0.36417856939711246
1.5928202194514889
-1.1594245308744773
-0.57900258013659
1.1586671355502516
-0.4361184681850351
-0.982961994588618
0.8189328665416087
0.28916420768563167
-0.3902150899215471
1.6680944694899347
0.7058574197352239
-0.7564404022196732
0.9480182663978836
1.281402627259018
-0.24990514211659284
0.16993124264315157
1.5791920258777723
0.45283753965776435
-0.1653124773108086
1.9752236702675414
1.1824576235092916
0.6473974483573405
1.4760028859822207
1.18699433774305
1.2288700464947402
0.6365406915100396
1.3205757489281176
1.5516377978478095
1.0060946414000147
0.48916452797871807
0.5867312524530943
0.6787850208184374
0.597032957446632
0.6399040561119371
-0.06582138319359757
1.1804404374519093
1.077143882592697
-0.8222773975798437
0.798627154064457
1.3014781787314245
0.020198455639414345
0.6292946703205282
1.5456436957495925
-0.2524625891434141
1.4418192972206738
0.8434614649039532
-0.8617930905503697
1.7551861050803426
-0.10669293696952761
-0.7683899360018657
1.5006585732143582
-0.9822352328224422
-0.8375966924800957
1.1707516668031455
-1.5236624083353076
-1.1301982421789711
0.4554293859993009
-0.5139396459526224
-1.4699317609608775
0.5010351365407684
-0.974406385848187
-1.3809136370578476
-0.38536579050536707
-1.6082641007542706
-0.6889373421998352
-0.3937952993182361
-0.9157129674848743
-0.5692844683963592
0.14671552851200087
0.09418729620304543
0.2752446691807218
0.06625761507647407
0.023997925701943125
0.8717564755714213
-0.5561071017414306
-0.6408199732741099
1.759870372836732
-0.38277903547717684
-0.8363351600305216
1.6159151391973432
0.5890647866225028
-1.2592578293879997
0.8017024772125446
1.1518512992376004
-1.4176615442211917
-0.08977785361000096
0.7468296887936813
-1.675620377807131
0.32725317718583513
-0.08012434551461901
-1.462669031172785
1.264251473604228
-0.1484248100696049
-0.8698625630299364
0.9688887380738632
-0.8788092343971553
-0.05931568012477071
0.8647940962451919
-1.4346200568352412
0.8675197292890932
0.5289836579994017
-1.3121383297201132
0.11646553195455625
0.06398367650671387
-0.8039218540620637
0.14111538456171166
0.10098834126296552
-1.9109767416288674
0.27976468529869813
-0.8979850933126555
-1.4558243199500605
-0.15645979730229365
-0.8669754438348962
-0.5967726098122703
0.617931457416418
-1.3845839218952667
-0.8143071444043162
-0.09131182069361961
-1.845583493236526
-0.3199014277273306
-0.3230137648470476
-1.5323302162142285
-1.1735239002390248
-0.9268044924252004
-0.8022750632283951
-1.153760158660215
-0.7185788331094407
-0.010200799884349934
-0.4786394861881084
-0.7572779359962795
0.18764513640657451
-1.544751838398638
-1.73068488899411
0.13659610315430165
-1.1290733705864267
