-2.6534185206118432
0.18324619878486334
-0.9131359588469365
-2.0885588067747918
-0.5510555898356023
-1.4118502329911655
-2.3229859877901333
-0.7064773573439392
-0.4440103700011997
-2.005451099772604
-1.4592483442993867
0.10177288034090981
-1.7856561328495169
-1.9028331431052283
0.9587838128253751
-1.0511485650192682
-2.5457462391684
1.214766290524641
-1.8624808471167027
-2.4748950686905347
1.7780427634187266
-1.7023914560984592
-2.012713742529015
2.6650750500051807
-1.6218024094435934
-1.0126958449321455
2.841791511226342
-1.8768778950282412
-0.021957929687198993
2.7439407813278236
-2.5989537182888243
0.5806997129139961
3.1748196684785737
-1.9724274952161829
1.2307795356528004
3.490482281232707
-2.0661765629658815
0.809723042780341
2.364005641224873
-2.871187166774211
0.4536553157297599
2.231891767958606
-2.848279831930334
-0.4214916239359762
1.7044695023200502
-3.2272555921134316
-0.44499359050871345
0.770373595947576
-3.140493084265757
0.4250395788019726
1.2771428549300496
-2.567488720484191
0.8094610910340752
0.6313066428496956
-2.134534693471781
1.6481109806748444
0.7205607382545401
-2.5121079816552085
1.0948779750974262
1.660410514827752
-2.114239794977924
0.2010926636497344
1.852227892210792
-1.2377730149546002
-0.5954463709605949
2.099581186920964
-1.067435305310263
-0.26472166131022545
2.8200439241678117
-1.0631556662136499
0.5329044562743468
3.0775096080350033
-1.4082630926368453
1.7172431472174892
2.8049179502753003
-0.7105191654850849
2.3550739547466715
3.034705678374459
-0.8812656214136202
1.5340371590085062
3.627950646646846
0.114922781823852
1.7675045575173687
3.271167396524405
1.0289111836058662
1.7064231915294643
2.967277241000838
1.356444304176486
0.8525234395886381
2.532585393616031
1.5300543705695193
-0.07638916479527523
2.919844016906775
0.5691602031153646
0.1495719470744797
3.269580901682609
-0.25822510596540926
0.841500936092214
3.4558589855035686
-0.27758593427523026
-0.14818245812146047
3.6425480352351696
0.05446624751823054
-0.4774540357826234
2.683536031838349
-0.7193192961393378
-1.2586667528563031
2.520438356290417
-0.40975778529058143
-1.8666890746087164
1.7608781406529463
0.7314755921275471
-2.3187735309306463
1.7547364177756848
1.346858423037192
-3.0646821214941067
1.8952933491498196
1.7075703028784597
-2.942882271351317
0.9730528074096515
1.787705750044341
-2.2209176008639786
1.6865041150879434
1.1000213480587973
-2.2072284538996962
0.7822210980685376
0.9608182274154251
-1.3980627513975075
1.5284543239921375
1.5462456131834406
-0.5847366050407862
1.5452882461722937
2.0022833829084594
0.3379777399295496
1.5803870332509222
2.4495616385618626
-0.37856924544522297
1.1424591137595923
2.912539085909632
-1.0206882757477551
1.6822798126294953
2.7157018162123308
-1.5520520302148388
2.485545969071561
1.7944423833889604
-1.8905285191151444
2.5963873035559697
0.8310043067903611
-1.674867447853962
2.440370868670483
0.2436448639610593
-1.128630537210108
1.8770276287203373
-0.5990905321292365
-0.8730467342143233
1.367705288494059
-1.2413845492048177
-0.9899129376274766
0.6206800370541488
-1.2443246108394137
0.015091951790327903
1.0353231068844362
-1.084943045928759
-0.2272971964514987
0.2242496647998002
-0.40636451930084555
-0.625084196060979
-0.6202855642425668
0.3442611638114764
-0.48432782163905475
-0.01999325942870659
0.8947691572730564
0.16889006907428553
0.25014619844076186
0.3944016070767895
-0.38955477281593864
1.4254771421837626
0.8997277084925313
-0.7556353380386149
2.2490739508896036
1.9206640781431603
-0.941815111161303
2.3129631365495773
1.9984302700716872
-1.1135476481909576
1.2689260620595142
2.7115468710695345
-1.9395172534840255
1.5595898300137963
2.8589338512577167
-1.3730413854505916
0.7853257933234271
2.1760972594984964
-2.0642665626391428
0.6600651264385122
1.6687733136669374
-2.509242284107434
0.092530526719478
0.6962541941644818
-2.788911283028129
0.3098941268433737
-0.1948384516551639
-2.975732993085634
0.5155254405012534
0.6437704592717216
-3.1011364439462654
1.0425154874315434
0.399842444036494
-3.6512976325913895
0.2590559555703065
-0.013488374443087058
-3.0196874449783215
-0.38127323599387425
-0.36924037246604907
-2.150181034623823
0.04510173628664627
-0.5219385659783178
-1.046256619358017
0.18449396110387864
-1.049409922973272
-1.6774329625199178
-0.3957134319993887
-1.6191297649184884
-1.4884411908232968
-1.1889357272970424
-1.4474969808930531
-0.8714679731418862
-0.2869304108618008
-0.5811859352898776
-1.3128600546154645
-1.3167276483409391
0.23840771350035575
-1.7535825345398848
-1.3781338644542824
0.13974170358298202
-2.780894298896728
-1.461205974125753
0.6200319870365297
-2.2097198969878753
-0.7120622453480708
0.015406263322230704
-1.4164160798087182
-0.6164778551851089
-0.5510852617450872
-2.152481893557684
-0.8975210734246883
-0.7090576476535396
-2.3049144150414516
-1.8892577999405813
0.18567856917567635
-2.340018092123367
-2.3445649925877308
1.0550137519857083
-1.8948252501305636
-2.421472802515564
1.3409863953542334
-1.2037666265182836
-1.5878914777204667
1.559836088659748
-1.8310187408959921
-0.7544336092636943
2.4046124054506057
-1.614920325223089
-0.2444829210133942
2.1478288545773365
-0.7766633592717453
0.33818280341088297
1.8835287151874234
0.1561702129669102
0.5650134739895681
1.1244400523198548
0.27711668790175914
1.2896926441479857
0.7050747156982629
0.20022542772514731
2.252308999006229
0.35121408001610693
1.0905410129999054
2.7291353605506354
-0.5001610881733011
0.4080909260461365
2.5265271438781696
-1.240701469815991
0.3946273745278814
2.205783545610847
-1.8232361994663953
0.8028089278572065
1.2033465629156752
-1.6057191637593589
0.5735740586095334
0.4225801440804176
-2.324914873024732
-0.04472981964545872
0.8062346417687709
-2.0682098475975135
-0.8998435935661957
1.4255710146361502
-1.3087193626081395
-1.5670294228678467
1.8693607206945522
-0.9443097660003107
-2.5062913939648683
2.1769646841285923
-0.1962466907206383
-2.8806913457281995
1.6016356014726265
0.15791578831701816
-2.1369079145494636
0.7892453568257406
0.6851208362987751
-1.7498317944095623
0.22954347679517267
1.066381426472317
-0.8310649907683392
0.7145220455569087
0.2178863911467505
-1.1628823123955856
0.9196999568418303
-0.8306230670460139
-1.7213678215386068
0.8831224806152045
-1.4036035382624303
-2.2886332291183606
0.2105187403072083
-2.0880961512607032
-2.1061121990733778
-0.6113424399493782
-2.6076487231747048
-1.351219112496484
-1.1016684431437191
-3.0518996267523204
-0.49472105008436706
-1.5242257157829682
-2.4686268778344176
0.28379210908565955
-1.859606260442019
-2.4187198286184683
1.2593651999164313
-2.1824938598488064
-2.20216228929871
2.2326924565468866
-1.9895370740927607
-1.2195829848710449
2.4224932444268923
-2.185625626218566
-0.3263349674545609
2.5658869212274573
-2.6925465040358687
-0.5337895690744172
1.62714310161468
-2.9726486141783712
-0.5497669957572514
1.02189436769365
-3.85064543631452
-0.3148378437335864
0.07573618937300108
-3.5667926640977208
0.14788354845089816
1.0169726169777205
-3.2145753224752562
0.3488719038670534
1.864328834907048
-2.8458187662400123
-0.19047656047858938
1.8619234741375705
-2.071321818360891
-0.3209804640588018
2.8530380787994134
-1.7332320600840057
0.5285267067771117
2.854071641267435
-1.1154795867904304
0.5171851166659371
2.583761969938479
-2.1587066186373853
1.3034689171813025
1.906704139844209
-2.4533280564590347
1.1286146490491424
0.9231120188121239
-2.755589278823928
0.30813312405636445
1.0813637378616066
-2.174148668663503
1.1749377659357647
1.1103829724719962
-1.6795039098088376
1.9657157162636218
1.3367745105693998
-1.2566452383633424
0.985225537157935
1.4667488707971452
-0.8703704729194267
0.07428820047533875
1.237465260274735
-0.32527347030680454
0.11753466859510825
0.25352735058367604
-0.05062969761177093
0.36694453735318733
-0.11682198127531504
-0.867303049088275
1.1896939062179586
-0.3175662707032901
-0.40536907594043975
1.6875660204968266
0.6883175788268544
-0.5984617549511717
2.5818077075265182
0.9571843078674688
-0.3389604510084996
2.9197020124461153
0.9389117208687223
-1.2514575157887253
2.7789253306632817
1.8399757550589395
-0.7398155223911924
2.731411108374786
1.788407579881605
-1.7832061293204169
2.1192188048259784
1.2429208086148598
-2.3067012332340515
2.2019274484810634
0.5005988944021909
-1.70350939121932
2.960784198233162
-0.08145834048514343
-1.4578871029041816
2.5475279379037974
-0.9623474753636215
-1.7564581076457983
1.9854584329586271
-1.4344821699128092
-2.467283900271058
1.987431300611117
-2.153645286141929
-1.6933465644096928
1.0104172412154073
-2.598610952758545
-1.466523369009621
1.4462500285284055
-3.1030591617698384
-0.8122706423746093
2.350902208034238
-2.6272522535829426
-0.8885257181296596
2.562217489570834
-1.7545779390986405
-1.111697906268318
2.92835896489209
-0.8703053571819531
-0.771364719212017
2.1377565103275087
-0.08227797301598523
-0.8632056083874557
1.115065238075796
0.280460556202729
-1.307517705965826
0.6341037021042457
0.5168185344103873
-0.5935130685638286
0.49420696545865483
0.8595363592181366
-1.3848625774492345
0.6899805098434685
0.12090840632375595
-2.029531144444736
0.7102884535665219
0.04982104506965147
-3.1020158600420333
0.656924402863997
-0.7949503758747564
-3.510974418655779
1.3305914170657862
-1.513039022451503
-3.2266013286697888
1.0841361547008732
-0.9292629460397932
-2.5021665230629524
1.5024307389267206
0.028416656304794057
-2.5965592857779836
1.7620260911156327
-0.4646628679063375
-1.8181737520685035
1.866292438256381
-1.053658240959112
-0.8574371163778203
1.4807016833517932
-1.5800284212946683
0.00010625018024652518
1.0163016505776243
-1.0628718841053089
-0.8657539651833767
0.539761521450608
-0.8577593375218348
-1.7115501224345167
-0.4796292299960151
-0.6447050340334233
-1.8954819135001675
-1.110306308156084
-0.34466061479782356
-1.2002827310293733
-0.7494678721680715
0.3886704311160459
-0.6460434607733593
-0.8151628626580694
1.0235285309774347
0.18279169094486186
-0.7708561672320747
0.8177371771623715
1.1288276798237515
-1.2363453238126996
1.414476857351051
1.9980248050462124
-0.5020471531309931
1.2777876492842382
2.6379165674436384
-0.6434779722369584
2.1805343162996396
2.0194725672887137
0.13478291454194147
2.4828694552809383
1.3910011488165739
0.35620189339288816
1.9069896660461643
2.3234722522199687
-0.19962375288214546
1.4023713143667489
1.5435762938141204
-0.19195528913846124
1.5861750827583754
0.5074553725269147
-0.7365649556746912
1.760433392832896
-0.3449840304507854
-1.6561237209348827
2.1001461742339473
-0.06631667199192161
-2.429613575452163
2.5639419699815322
0.22688342812873938
-1.6194497980760496
2.469940726340993
0.7994717615383555
-1.227125319573933
1.7043491922951606
0.6058632602700211
-0.6594425149048139
2.48820862942794
0.5471260648029628
0.04433548900741129
2.642658642361612
-0.3155627311861159
0.718183360406073
3.330083666487862
-0.28710133110430053
1.2711507024545157
2.496300409042761
-0.5975693382760087
1.483046314463199
2.025748629783128
0.46524422313348235
0.7828243951530542
1.6641726492355413
0.9460204429628614
0.2760865925544399
0.7792947858887217
0.7074316601831683
-0.12048632352926965
-0.29591800213882913
0.7554133900246178
-0.1359897392766879
0.4327740481825084
1.367458712058948
0.7020877990835093
1.0816495390728011
1.77768083072109
1.2144587242191784
1.9200705428640874
1.8302615599199341
1.5314745057782129
1.1849798052985387
1.3093176484526396
2.057160286287039
1.2538211446683987
0.4785062740482069
1.910711533816855
1.776091793971823
-0.3606700635625708
1.1242016664033239
1.1102089009366896
0.2782798780256276
0.5309498021081961
1.8607890315704132
-0.07386473490183475
0.6251929614862342
2.7375293421003004
0.5593737762189738
1.6319314592859149
3.1567604819240533
0.28091088704752587
2.2739286523312834
2.624504379948649
-0.3183437973269459
2.007874919655578
2.3626922852208634
-1.1366697585962926
1.1254930198322706
2.083951305556543
-1.3397855935707736
0.21916996967521157
1.9191524673244713
-0.954277130801083
-0.6212182507320251
1.3198234086904974
-1.1108917020865736
-1.2779072267235083
1.1099422420537102
-0.5805615151007802
-1.6475396618569718
0.15320493905765034
-0.5474688595994637
-1.3971089022452265
0.6391405125959972
-1.278103991726226
-0.6217906808497642
1.0202318332898503
-2.103777483857468
-0.8612376483329163
0.629214444622648
-3.0567240274390715
-1.0722611149383854
-0.3921821216236376
-3.019570141782193
-1.3779198559325163
-0.9270488817137762
-2.131650213065151
-0.6250145072359871
-1.2290098354971124
-2.6963817366813014
0.38766429813363285
-1.5244932206414183
-2.8902306962612765
0.15732012917857224
-0.6385833757409785
-2.674964758423639
-0.27869239554003455
0.24046112166674455
-2.4169321617930177
-0.37164153765877544
0.15362981985493732
-1.5575014481834566
-1.0772433915060469
-0.11418017829881172
-2.16040128382809
-1.6701052001406904
0.7498759346114076
-2.468355437223777
-1.5897234282586565
1.706602312980728
-2.8024400339982476
-1.5231227405371266
1.5855264788020902
-1.8261811811410145
-0.927498065464372
2.139490515128499
-1.2371487629508457
-1.8890565753295037
1.959468965700539
-1.1039413825232247
-2.248994835913985
1.0281871713025912
-1.2107779621894845
-2.3909556257725755
1.1950678498047453
-0.19791107135217262
-3.124788319851895
1.0789333204030167
-0.7361998399593822
-2.7727998839140913
2.018391950724522
-0.5413615823585869
-2.954288778792006
1.7753115105240262
-1.471264915288443
