-0.42205240341381334
1.549673791630823
-0.14788683015287743
0.3882237716380011
2.116774536112396
0.46275936871986595
1.168902888419218
1.4446941600514362
0.4358590056570411
0.6296198525182997
1.5431389724380715
-0.4077937133195815
0.15889615669306462
0.6441194386424005
-0.23697521680461386
0.2907975091930485
0.9700405675002128
0.5607041480179518
-0.5333648400967026
0.6172327569995937
0.8803102884586176
0.10990191676286622
1.2073149349925023
1.4630742963599197
0.9676661490346671
0.7447068258155493
1.1436395180732948
1.3279868536988004
-0.1462462347792444
0.724821796715715
1.4921942325605317
-0.9612503692523905
1.2968386624866575
0.9141883047809263
-0.17437402256589146
1.580234705826543
0.49725658352993646
0.2046491058528409
0.5044826818881138
-0.009926225194231161
0.27753582265657545
1.6217225042782226
-0.9622807510134845
0.017924664754391615
1.5513828340139926
-0.4324540933995157
-0.41687746888683636
1.020980838048961
-0.04092578274486815
-0.25818921532775063
-0.021155084464719018
-0.7426791263911353
0.7053669649873026
-0.1517733846058169
-1.5859642595141437
0.7167038059871366
0.452999540812831
-2.312640792607605
0.11870359817080724
0.17152930283983364
-1.8503046809641779
-0.06526372033965311
1.050396018293775
-1.2010846599840428
-0.8617731930662453
1.1261157585470944
-1.844409851758813
-0.7509727994939094
0.33086533438962706
-2.0321535304546225
-0.4318158289222393
-0.6068297012472612
-1.6877490782591686
0.521116919293293
-0.5428006090720019
-1.0779031025097532
1.2998902488747184
-0.8097854451803537
-0.21169173845693257
0.966703852665781
-1.2073050925319668
-1.0508438091319783
0.430773167116317
-1.3107086853697414
-1.0827949600370115
-0.30028631398335676
-0.7042797281701312
-1.1546068781649201
-0.1682627928379807
0.453182620753062
-0.6164700653928344
-1.0272739004180713
0.24951206160831382
0.24293115719353098
-1.561489891055346
0.29998243098438515
-0.33618142665736606
-1.3872001388426876
1.1260387377508083
0.5704177399288316
-0.9317707670249267
1.0708761813072805
1.011038385125986
-1.7546566715620864
0.9352051707407978
1.6034655159008506
-1.2368483375188748
0.2898570216577915
0.9318922488113203
-1.4586629824130188
-0.4651380272017399
0.40224410947108835
-1.6359183415195424
-1.3551151176110352
0.0749110494954478
-0.9216462571021792
-0.6659209346126007
-0.16001066623912266
-0.05797596349033586
-1.0201083989541988
-0.28563371821931816
0.2347179602322249
-1.9373096599400335
-0.8795138522652439
-0.49812471324077034
-1.5909241651146184
0.0807132088896889
-0.7066180729575575
-1.7207679731113514
0.9671574589240308
-0.7860643027029726
-1.260571814347677
0.6536108260562858
0.09393485326707651
-1.6327761092171358
0.7454173803351521
0.9129789736157268
-0.9907688022351778
1.570627968316934
1.4023014204367508
-0.48458497868561734
1.6961399066904308
0.35481983675379275
-0.8917535289936678
0.6916624554366709
-0.13680495339775267
-0.599564024082649
1.071774106251495
0.5357024915123062
0.08461737497275869
1.5765426967959832
-0.31487260415910984
-0.20314208409260753
0.6774598604177158
-0.6802798134992445
0.07775090591576395
