-0.7853502460438572
-0.2611554253408212
-0.06145080478538297
-0.07661259287805988
-0.5364649711986601
-0.719438599151904
0.06303936774365636
-0.6363437033539058
0.2674340303872106
0.8234452013482929
-0.3484476483958932
-0.2987702465751563
0.665734456142141
0.08288497529500774
0.599560744008607
0.22296299030123495
0.9740913497647794
0.533145768459179
-0.33209180338184996
0.16262908135494342
0.7278200833913552
0.05798941494674905
0.27788955428273776
-0.16765898773437934
-0.6391167881783044
0.28491678759180905
-0.8806419879995284
