-3.126706210874184
0.205834557207216
-0.3216946431378214
-2.3486096333813298
0.3000549429195726
0.20323677913499796
-2.186863953473433
-0.10788938991151711
-0.6869368368583314
-2.3828723351672947
0.04254545975388862
-1.6453833456652414
-1.7250953280310786
-0.6115547582264661
-2.0462734726355274
-1.4407177731588607
-0.26795895591632657
-1.1341768661729414
-2.3820820548261774
-0.8452037601734369
-1.280270450340153
-2.8584932532363423
-0.848652479487932
-0.3372741331538211
-2.9798550641409647
-0.3134769408136952
0.5115452675336373
-2.0842539172796433
-0.6821855591191149
0.31828716976333976
-1.7486800059440855
-1.5840036517943086
0.6567752982900686
-1.009923218254926
-1.6662090068097297
1.3145182310886565
-0.4489211549854403
-1.7660587789328765
0.45911928927085804
-0.0737359629568521
-2.218515963159289
-0.2660481183309036
0.3648104490570385
-2.2226930945382906
0.6295447007881095
0.810968456023519
-2.6646609286412515
-0.1649942967762761
0.5538800065520956
-2.3080600653237444
-1.050444517437757
0.5496880861260518
-1.2863340891272936
-1.0957925789636391
0.7428566447793064
-1.6922027103645478
-0.34160626096939123
1.4956551854234679
-1.8092769092201497
0.38669388787719394
2.300765124906169
-1.4077367029617203
0.26340257043775955
1.718291855025569
-1.277663182995179
-0.5328797172029869
1.712428074374382
-0.1799490500987162
-0.5734570827539328
2.382803948021864
0.40700364487756097
-0.3772739683481436
2.462327681852693
-0.4751188902641531
-0.11639493108533666
1.5310716807157316
-0.7596415503703101
0.3850318700234223
0.5821389268888373
-1.161967252096652
0.6446858705172505
1.035169076742721
-1.7274255437320318
1.2948418815458196
0.04439951503556475
-1.580587462412053
1.2861510981028448
-0.18641201314128275
-0.7005227479299433
0.775711690645142
-1.1335440904527216
-0.9754372918044083
0.1888628140134984
-1.412118128087989
-0.17213185687211985
-0.09004914127745006
-1.4625215279205193
0.7112079076470331
0.7244642549079596
-0.7299509921433843
1.4906847555163336
0.6147979141216369
0.0719638163309102
1.2057724089801214
1.1443975152578256
-0.20644675767882104
0.2542294317156214
0.9331240149605312
-0.9535235421043824
0.9455174637897764
1.3967895658592244
-0.5321447566235318
1.9435451295777282
1.8341462074925508
-0.2764544471136692
2.327012001869267
0.9305259651560316
0.6892354133233384
2.535152312429493
0.699434171581116
0.4415282872031277
2.0818895565370577
1.5570787754923952
0.720324627586779
1.4208454909376405
2.2547685650049716
0.593790391919506
0.6660413430825501
1.6928121974217443
-0.11936799573806973
0.8608698483881266
2.2568827928943573
-0.7678236655776802
0.14265972672397464
1.7715296528714404
-0.0009934267065068343
-0.05224408748228892
2.238041635039699
-0.15930563288704833
0.35279263053007104
3.0500680889396783
0.7001133802116316
0.5079314778107866
2.603322436397288
1.269641203646905
-0.0022214702916392684
1.9454147930502943
1.0556285474258478
0.13027431149098634
0.981230033468828
1.3944827599959213
-0.8020521276525303
1.272366197564999
2.0155468647490404
-1.5219013092793963
1.1923365023776118
2.99509754256923
-1.3536839897106556
1.001618312839139
2.2851828752719214
-0.6005259382370985
0.8692857218129084
1.9536871861364116
0.05621848903779008
0.3184953616576322
1.0632896551299025
0.38729746696816536
-0.37536264414966886
0.291883551321888
1.0379253002796456
-0.48851896839171355
0.1990695871151349
0.20331194291815452
-0.6668727747162685
0.7822325770587277
0.6600237373810431
-1.0764640576153812
1.1134735989143099
1.2901555260859945
-0.7150580604627401
1.5683483416226605
1.1624679871251682
0.21316482020644464
1.52371202079566
1.0035114275931862
1.3065633393672276
0.8816745817051647
1.5851254038885472
0.8456459817396794
0.3795310622748857
0.9023347816085407
0.44854194976843137
0.2308818342328096
1.841940302537604
0.2476908283672834
0.49870229111997805
2.026856235837245
-0.7136463980043584
1.2165518136246993
2.015101173459114
0.017749965251599137
2.1421670262743553
1.5164876406710772
-0.4368113325399277
2.6605354672181125
1.0864972849396832
-1.2355200481571789
1.8146887539746144
1.5043095627206549
-1.4852774646613576
1.645764362161149
0.5180778216941664
-1.1674976249347775
1.2208335870832105
0.4161891302227684
-2.0125592035089004
0.6502036162507148
-0.27705860046234665
-1.404643294437355
1.4025813339275297
-0.8763565065438691
-1.4320746707825507
2.3847885824227566
-0.738354169756449
-1.1106738572748798
1.9524861491750518
-0.19339974998661338
-1.8609341890760924
1.0761454363541145
-0.4948512901375726
-2.2845902802726568
0.2346412425891579
-0.9437001065408331
-2.02735168900136
-0.267976832223407
-0.634096597514388
-1.2499324052993699
-0.5425763961628275
-0.2944331974892383
-0.04347175081978037
-0.9846157341353649
0.04045909409431613
0.6957412070506384
-1.9907060399996148
0.12076929372993067
1.089152450690093
-1.4783403530687063
-0.835756210111721
1.2243032841374497
-0.5397559569001424
-0.8143005268997192
1.6347332354504132
0.44092624329179614
-0.4879510695383781
1.2709033674599166
0.4463728922925546
-0.27836836950134736
0.41490719794647457
0.7309279425945657
-0.659195062444181
-0.3925799539302806
-0.09039127620240461
-1.311366951435295
-0.3148764793747115
-0.3292845256304876
-1.7890298199123957
-1.125605364213972
-0.9673664668554488
-1.7229991128859552
-0.3857629136006944
-1.6920645715288178
-1.06134127257597
-0.49110590501170137
-1.073020892170807
-1.2806597597374383
-1.4134349948429927
-0.6465045025952945
-0.6403955028882088
-2.123950805000072
0.13946240243962696
-0.049388418914475624
-2.415443285760489
0.3605936061949173
1.050670473107429
-2.24103144399123
0.8706809612378741
1.7075346524045416
-1.5896669477066314
-0.045762672461652665
1.4522088383853413
-1.2670587189261475
-0.25670550309538576
0.2926334035034132
-1.4786258802316263
-1.113343632939174
0.22831253947466582
-1.9229632246647377
-0.8436905271013665
1.0553196092022354
-1.5050308652131144
-0.7494023562054577
1.4915776864748218
-0.659286907898703
-1.415177163531301
1.0225890989972009
-0.32966955981282614
-0.5476159166246667
0.5879720399680581
0.15911338901917235
-0.8215332084507468
0.3266433376400795
-0.7971160838180983
-1.7479662368970614
0.5775982609154535
-1.1563295890660574
-2.4329725191627505
0.8846745158310362
-0.6060756613558047
-2.956285521232741
1.0524562671045572
0.18293406167092016
-2.795315686489547
0.5397880073350051
1.0064065489156833
-1.9623387421065894
1.0261799082431255
1.3919019920284552
-1.3684980526275106
1.8256671478626163
1.313032945364186
