2.4991000232284306
1.6333021205487888
-1.4101174499296214
2.116195227507003
1.8203531680504919
-0.5321323242505048
1.5342382901281828
1.6820008052883355
-1.160044291431101
1.2847239575815717
1.7649350234416545
-0.28229392810186416
1.7424298023572653
0.9278446280122696
-0.6438946333564204
1.6897896992622605
-0.040583174555536464
-0.8711135896621811
1.249324656815676
-0.5889691777699139
0.03307639527107464
1.685949691064295
-0.47194801064377134
0.7176569373560383
1.7924851983714523
0.33602575958420927
0.37880773422500585
2.4581899926515787
0.18878789439576624
-0.42098515250252033
2.2000170915628146
0.563452027353498
-1.3354213441884422
2.8342180221642534
0.9970960352707655
-0.677702877745833
3.1741204885345953
2.0260068581947404
-0.6859092754679801
2.932153017562271
1.5360914118183207
0.2902798539972727
2.5032554896599493
2.5851192512951653
0.18070879416583593
1.5436805500416215
2.662080612616239
-0.053391370488012055
0.8232917343154329
2.6026744398181423
0.6875193690589295
1.8451403276345444
2.249564251918108
0.770531524650089
1.6517121816454972
3.320314024070052
0.7562090913856956
2.6085975112086546
3.423195094941263
0.6133944411137096
2.348557038543029
2.9436219575469442
1.447059269097967
1.3117290107187891
2.7525726416032454
1.6935887367925584
0.8615535626603642
1.9635636866580812
1.9266728752861644
1.746588369197458
1.8601383020841675
1.7702338688471213
1.1060769124054168
1.6262080161036037
1.0598533335835167
1.0098583437825421
0.5927209812939891
0.8391011028921274
1.2432350800453973
0.15113438195335266
1.5333607493370773
2.137703273731906
0.0065022736483374135
1.4425484388419925
1.6391005620055479
0.5486718547570748
2.155803733390233
0.8151903144224409
0.9086645923465695
1.6390649825804888
1.6913085513304205
1.0238716284752756
1.3185729751270983
2.5099463889990634
1.6326265992656461
1.1138735858586826
1.9880036907490253
1.5144616062389122
0.3804732942053776
2.679860262072418
0.7228017138304846
0.7217252377421108
2.5585583509389442
-0.2729469729179944
0.5099339718574759
2.0718108855276607
-1.0538278333563285
0.039634579983993896
2.34657356995252
-1.342860373165495
-0.9263460316509935
1.563162449133531
-0.9035731555097443
-1.5911643581284485
0.6949550255642905
-0.6096014196026002
-1.0897418392245752
0.5926495442075284
-1.551282861310227
-1.2138325323807406
1.323931091760159
-1.3989045415321604
-0.580067882530496
1.9995981328466461
-2.0483537778336895
-0.277066414686048
1.485082527007083
-2.593101821588927
0.48683794944280157
0.7957868876329381
-2.130939875434099
1.1347118339451556
-0.0897070725049043
-1.477996047752137
1.315876389288675
-0.9026442291309713
-1.3609534500554115
0.6373402549262378
-0.9264607126826397
-1.5694267629967433
1.7532658702231922
-0.3047960244513995
-0.7741315004759253
1.8031023903378565
-0.10473969072810616
0.08077261414624516
1.5164205174516507
0.6117077065600769
-0.8892531284352077
1.680147469066696
1.3751632242675453
-1.346219428335671
1.2089860555209937
1.2445170821124925
-1.5771652636548128
0.25238333893821074
0.4177282212944407
-1.3560839453807338
-0.3520569460111417
-0.17927467073171097
-1.0268660113777914
-1.0670857956112276
-1.2357643444248751
-0.9857313005595113
-0.8765271412246592
-2.082079939353966
-1.2077194534058278
-0.9353249724818659
-2.6515009845287274
-1.719861038138538
-1.786407954806728
-1.7633877190110607
-1.1217515768230775
-2.091544147285335
-2.649743267209512
-0.623700069926688
-1.7033272958598074
-1.865439238879883
-0.3089477936755964
-1.1695257998350648
-1.5491881020677327
-0.2130792298091009
-2.1679421732852995
-1.2836115938515877
-0.8108456294871169
-2.8258606696889355
-0.4685095255215088
-1.372374784660878
-2.750691226717848
0.31682181035537993
-0.9385627020117783
-2.2551675964809634
-0.19652445601844304
-1.727605909320509
-1.7957087222710546
-1.0493086109518235
-1.826343580493084
-1.2202751405049306
-1.1432134739918174
-1.8403653571148242
-2.140239824922958
-0.8690831554915851
-0.8417182896029598
-1.9877571624640302
-0.3756861130238445
-0.02186030717599345
-2.123919916449211
0.5731282191655925
-0.11502320871386071
-1.8503206147677467
1.2462830645766458
0.6273977347722915
-1.2912858904348172
1.5710678989028652
0.03336537396110727
-1.8834856185861752
0.8989748489629803
0.7882914047494589
-2.3092668987344114
-0.07893764255818896
0.8669297889735774
-1.7743043933616647
0.5760335867804873
1.387795431191815
-1.1024393428589525
0.8872022859946429
0.6800239107125743
-0.2843314425021788
0.11746768638670095
0.37487395555529135
0.39114384956263426
0.48410271061527627
1.481192723564937
0.44495438564337286
0.15494717587086837
2.3605296884794558
-0.024983196958100543
-0.8668780440561416
2.8007784646992673
-0.16372795899221146
-1.5309593941379307
2.6543134293670017
0.7153285090875777
-1.8003153409019819
2.2992152490464925
-0.186925977729487
-2.2990874188163217
1.4403834421885249
0.0386397204969256
-2.379985930344575
0.43190526670660667
-0.2503984902633687
-2.0148552260081987
-0.6295641729044363
-0.2371531048040517
-1.876849052356134
-0.9659790753871086
0.7361119575014619
-2.435685320738527
-0.13798467028767614
0.6140304586477479
-2.4819548028304106
0.53221928571972
1.1750832005267489
-2.1919553293993044
1.4465259417077847
1.0412138935519992
-1.850370354197036
0.8293336774893841
1.796335738580156
-1.6192818660390484
0.07420259257137417
1.038412219411863
-0.6694939909943936
0.12533297896328638
0.8012978941996595
-0.7873972299497707
0.8637497053639982
0.15776314724744592
-0.7791746597726565
1.688693856346505
-0.2021220625206687
-1.3803188617666933
1.5468840268143684
0.517837609326802
-0.5142618365177904
2.3134676176236972
0.596484058119814
0.1756413192682266
2.0586306948544397
1.1305130071036664
0.37266095078959255
2.931883407179631
1.542507433731334
0.06796611271589012
2.447418634234314
2.4149727949918813
0.37674390256839024
1.4891721117554944
2.7762073485471697
0.01874272691503865
0.5590891294674255
2.285665862324545
-0.22524839994844198
1.5449519938870437
1.950709659182395
-0.953301463084044
1.910928258833305
1.4333492562128127
-0.4341519971225974
1.4715305499398694
0.5773229460410387
-0.14138314336142635
1.13264576469494
-0.3596393292555102
0.2015572430605166
0.27552276528541575
-0.8071775990600767
-0.6240571575890197
0.7136354077589471
-0.9220364338127416
-1.4386951199047668
0.27310566940136405
-0.48215311011816514
-1.7709397086395617
0.6997915538664337
0.4971441414597223
-1.1220947949492837
1.038388983280658
1.2679315615430156
-0.2492637057064066
0.7757380451457931
1.5571232804091149
-0.8389703860051451
0.22483896991382565
1.9353514225335569
-1.1074273697113222
-0.7846703233419493
1.3074342074137084
-1.1559153726545934
-0.6123705991634081
0.4904989950112828
-0.4115389806059756
-0.6452295574072249
0.7328019766640594
0.701641232183258
-0.2298472225006099
0.5797635322649989
0.2402089335721713
-0.30014493648529367
-0.1637995183958156
-0.40802225382500834
-0.1767916699523701
-0.36882258980830374
-0.892548213219523
-0.19168094978488054
-1.282567556860935
-1.0486943817187127
0.6669100697212504
-1.8731247180194612
-2.0620719107372945
0.6315480355015258
-1.6131196668293382
-2.778062579176179
0.1034001138148969
-1.096325143938823
-2.9893282760333597
-0.8743732625900457
-0.7849578596997179
-2.5452158718724047
-1.3875117111490898
-0.10914968179800025
-2.0154808191344777
-1.9998170797742811
0.6574748709429896
-1.2607449185882262
-2.355215759623308
1.15423118454049
-0.17785160748475415
-2.5413033241802907
1.2411578648940518
0.4965499070171218
-2.7931360658929427
0.43549294435198516
0.7890045939918298
-2.182425027004729
-0.4895602198159735
-0.010175841763245182
-2.872069431022126
-0.4263687077112634
-0.9653963956044427
-2.96249569724284
-0.8453970935458326
-1.6906423060750968
-2.621946793681161
0.003966666887792489
-2.585657119307066
-2.41119103563
-0.09734058294036906
-2.9108433139708474
-1.8661453733420132
-0.8507314308723469
-1.9246306386881007
-2.131184381702559
-0.8502057521678132
-1.9368573069549753
-3.107359106359799
-0.847678186271448
-1.4829063515005725
-2.6272211353054855
-1.6082451584005057
-0.4216580640749197
-2.643662315457774
-1.630781817062499
-0.030446574850710582
-1.9882268015580105
-0.7745941853743719
-0.5533100560054285
-1.4101336133722977
-0.15813391058299744
-1.4681399527018377
-1.3920472373723098
-0.07395548405363854
-0.7807708272931891
-2.206387625433788
-0.12279002229370517
-0.4927168505808948
-2.905983180107645
0.4136259933079701
-0.008737003463182822
-1.994459292460289
0.297599541037387
0.557027037387544
-1.2346747695968052
0.6437484537405631
