-1.5374436839282395
-0.9525984930415956
0.12552276590178543
-0.6498416350862257
-0.8917428290361084
-0.31481092398775495
-0.6801018195142828
-0.7463154842945834
0.6843440114105092
0.14841374173756972
-0.5111232276176305
1.14920310809071
0.7855045998326923
-1.1101724782020912
0.8318386653053682
-0.023611175302618324
-0.671752139974212
0.1353019791834892
-0.10154633630359572
0.017301932814683906
0.4138928025900718
-0.7091929542426383
0.07952318326838866
1.2476509189876788
-0.454321826000106
1.026446355489636
0.7936068412792414
-0.5787105411098712
1.0563865682556282
-0.21060074116439373
-0.5940527495339007
0.18058605774476616
-0.5982931448789753
-1.116543842571689
-0.061145650595317874
0.1828540592610139
-1.5272872482435973
-0.33200155254038877
-0.7225636990304058
-0.6535987349643138
-0.5357006390398625
-1.3444091509133613
0.013073720392537751
0.17787729970211089
-1.3438883681250946
-0.5166771174352819
0.9665489026873758
-1.1870518389657825
0.3714596617112609
0.9705796417529404
-0.7455995196951463
0.47353114366255405
0.8027545331222915
0.29568805302985784
0.34191440786205735
0.5231154343097031
1.260467986529496
0.3976313190838808
1.4569754645277548
1.017221158818159
1.1422776535568502
0.8509718685069869
0.8912076205457138
0.952255267456597
0.19946750803388225
0.681068439554997
1.1780848931100563
0.4292811252352449
-0.2689448574652345
0.995152797742202
-0.08805412522351344
-1.1423019941227939
0.21829465968052225
-0.7304381679936437
-0.8260959632040108
0.3365378246797835
0.03558824703528056
-0.3513664643740903
1.1366405858853261
-0.5934888655333685
-0.44936632764773804
0.652157387842523
-1.5488704693943791
-0.2045754169132685
