-0.6535016769333202
-0.4076797548693362
-1.0273131446087092
-0.4533429312645345
0.2642800424843924
-0.31742638111943516
0.22502119514630564
-0.4358826289480261
-0.5503412566941412
0.5137704855938606
0.47630431075190066
-0.24842278218997838
1.0291076926820812
-0.3178728742895443
0.05680791980049125
0.8208483012388473
0.44571281033139315
0.6945740696565008
-0.11760035307658169
0.7693665826002724
0.47886284641877225
0.09588871839716984
-0.18676081538926897
0.39933172884584317
-0.8346976024836278
0.07260106762163161
0.578429466814435
-0.6254938293001967
-0.6800687402934105
-0.06450246692376739
