0.582910587443901
1.056494208690132
-1.1609349360086512
0.15077276320248387
1.448354791747131
-1.8649212415381387
-0.743256676471348
1.9715372629757684
-1.7305367084380971
-1.3380037650243857
2.2974455167269285
-0.9963673900175042
-1.7882458481655412
1.6773175144403742
-0.3600084341529129
-0.8300279207999762
1.886066789367203
-0.23930979957219378
-0.14177240192238252
1.5782474731221898
-0.8911866377671944
-1.1948934963348126
1.3238126054471404
-0.9892924799955305
-1.9308311819895863
0.7625276507765186
-0.7942481332094247
-1.7327931014368492
-0.23663932771432683
-1.0762669751914358
-0.9259495508400718
0.08239068280978752
-1.6882375989803462
-0.7147829346702528
0.9724720203009706
-1.9521574882432848
0.09350414978172829
0.4103292553878081
-1.7185722367843559
-0.4363942492868345
0.5797496964411706
-0.8492431177583093
-0.9011018918954483
0.9343895578202521
-0.17136808850237772
-1.1063080632915967
1.5174769078206336
0.6235777079083166
-0.5774483122639099
1.1207554598076295
1.4431013112091033
0.40722029643513274
0.8706293081437341
1.4795675934307684
-0.20140373311162332
1.0317664836183496
0.5457634985181392
0.6479881715247363
0.45469787610108864
0.5076998513998531
1.4816852333582278
0.9715577233913573
0.4393154331854019
1.4290038865496875
0.6098248337971482
1.3193104242294336
1.6576244793838208
-0.4315177012720807
1.470656790582637
1.1489962017237296
-0.9215784650158181
0.7467793730546926
1.7447307547554733
-1.4010973451461164
1.4718678834890997
1.6915481679610425
-0.8410128711881568
2.3424517660988426
1.2205127804523006
-1.7491267967055604
2.3086863766990158
0.3990323967015491
-2.2059663688808344
2.001561271093138
-0.10284442065556679
-1.3537833101768741
1.7054756560313837
0.8049418639628508
-0.8929273476085049
1.7387948310635304
0.7023618322360732
-0.2363029094350017
1.1086074774609618
1.4625612442014029
-0.017645338449890958
0.41328487035355904
1.0803731017637834
0.5207212038394761
-0.24300670688840775
0.23242586227984946
0.9352365668262449
-0.3242728328177144
0.17146244378593098
1.8895301715325676
-0.05336999360751393
0.669723353797974
1.4558141171871788
0.6575982656371595
1.0578545470793879
1.4594357612545408
-0.32159401145095157
1.6731586244154106
0.8607326497389653
-1.0245686670434928
1.933982996289749
-0.09014407674854483
-1.364880157137215
1.2030364342050561
-0.8210770891408034
-1.5123291935045604
0.4970644926439561
-1.0517124130650455
-0.7538045326183238
-0.4278377151744374
-1.3951324740401116
-0.8516155771541583
0.28513885032069153
-1.550979493092538
-1.549667635323661
1.162727191520714
-1.73232951175327
-1.049183549113931
1.324950894090864
-1.2167596753586674
-0.15757543766582538
0.6578621906314931
-0.3966822811755985
0.11472977715731925
1.3259154303480882
-0.3861978196892333
-0.6704924263812667
1.0131416668368276
0.13381003047501297
-1.5302273404548714
0.29042334430739225
0.0783551331485958
-0.8442009854923668
0.043276792792980544
-0.5660435269783214
-1.4706634641094456
-0.7446375260229683
-0.42343951891922144
-0.8067148130578397
-0.3166621587284633
-0.7610019015327482
-0.13085509205920398
-0.3725174433063246
0.016528129574055382
-0.18006621676606593
-0.9596314476634173
-0.407008530203197
0.4453792919333757
-1.047116559904391
-1.378055980223684
-0.030268107405847396
-1.442568016743055
-1.2161662837659546
-0.9454490838869132
-1.805692318927144
-0.7364265312282031
-0.16923144257801723
-1.3700154477035718
0.04080314381820732
-0.2352457489567873
-1.9025316083463983
-0.08701666113573632
0.6039468968962207
-1.848702694170381
0.8887368068934032
0.2611813360082181
-1.1634651629942672
0.4765756112873103
0.8046290722337082
-0.3411759208074476
-0.003276149179372769
0.999493888296438
0.03096871773858272
-0.38715232361910157
1.6995467754928621
-0.7687062250716881
-0.7081901340530617
1.3800803847719112
-1.6109231105474726
-1.0767167939224946
0.8740492921796243
-0.6664971056920974
-1.530821569261289
0.886911880960216
0.07109020126550242
-0.8221847074269613
0.9811865650813109
0.4917692635332609
-1.5588623628252496
0.15084282797224624
0.6129968006419925
-1.7231473543766793
1.175855911206055
