-0.4571993414987338
-0.10006845766001297
-0.13951108622716704
0.476959673160805
-0.4099862236079589
0.11338437512610429
-0.2936542627685829
-1.0276404326140898
0.20269818324095687
0.03551399596627465
-0.7486381249338596
-0.7201927079566682
0.3321725562446138
0.22403181210909323
-0.6454005246652131
-0.4337925718560671
0.8456930869894032
-0.40307535133579164
-0.766905007869962
0.5723294621774134
0.5144663589924913
-0.21239648909870826
-0.22086502118843923
0.8147369442381199
0.19999940887808354
0.5286909831769463
0.29558475939541495
1.1193020388422847
0.33645291555151036
-0.03269095080824569
