0.5190584772095441
-1.0389691265669343
-0.7848176476850546
1.1192587726409622
-0.40342817569157985
-1.2553994567026057
0.13887280351134434
-0.24333075549676794
-1.3045676064748923
-0.22276890823928197
0.4112592663145368
-0.6380682973487956
0.49587893277644585
0.8257910656564378
-0.05101395563368748
0.8711142347902116
0.010653371901362915
0.539493399063906
0.6055572516038479
-0.11869332676382606
-0.4365217758029825
-0.30800764532119285
-0.5478255353040334
-0.4477337862039762
-0.11756672300928908
-0.0755619733214043
0.24960111043252117
-0.7692423482725202
0.20068190784952217
0.9575914910167449
0.1315930091687438
0.6348367596629897
1.0576318030719414
-0.6895550668729656
1.1744799599397606
1.1690172407647164
-0.5737622901796061
0.8723717166026931
0.24131135550802957
-1.0178773389031306
-0.030052818742164544
0.029760189166463245
-0.5829009471917196
-0.8335506275673423
0.4674794258825253
0.40034778628861967
-0.8386617084732506
0.20623651094513998
