-0.8695657221422591
0.9887000739593526
0.7223334193556064
-0.41961640277662565
1.771682637684195
1.1752600621862574
0.24611567489347727
1.8756661486087267
0.3592571759317567
0.7856519411642633
1.3848128486543827
-0.39360207580828155
1.0533527428431482
1.1118632830629223
0.5356716685259654
-0.009355188044790113
0.8811072539585529
0.41197055054038534
-0.681272331243897
0.21683513309849387
0.15560579116205148
-1.2936582657879476
0.10388441704115875
0.7371171192419032
-2.3257829306500652
0.15870678229569077
0.5760794985680949
-2.4568439141583314
0.1457705166649071
-0.38700768254332746
-1.614787936306801
0.5415061058436375
-0.02940312964306578
-1.9196367252752649
1.0301713050968515
0.8275875755672898
-1.9769064640820213
0.29172364301324544
1.5445467607401664
-1.930411419474001
-0.6513134151115261
1.0624079261632549
-0.8797401002998028
-0.7441096469343839
1.356093504321048
-1.0060232666261542
0.25198665304252726
1.7122538154267843
-0.3469333903395173
0.5768949612780625
2.3494533796332595
-0.9528241880146566
1.2466620526622483
1.8911850078061414
-0.08383510520927606
1.6203004870750386
2.080686350120721
0.5353942236722101
1.5258508797550505
1.3997410473660068
0.6104799591918729
0.5140761688718517
1.198721915715608
-0.22424947926913003
0.9546522444758709
1.4124236287252738
0.5798461046792566
0.8909321544287059
2.084824921936691
1.395661285389318
0.98003630394376
1.5462773928178477
1.978944620880329
1.1455437011127336
0.740588657374994
1.6418763272343069
0.7747062965057265
-0.06532048827986998
1.9074062257789788
0.7957409647270507
-1.1150387704685427
1.0037296220528427
0.9189054752692051
-1.8025315387886895
0.1294093428336944
0.5655386385473232
-1.426817581284266
-0.24813670984026678
0.541540350437756
-2.329235327298512
0.6338357180554158
0.059172876070928054
-2.1610182427391225
-0.30730860227007384
-0.3130865196433689
-1.8665236329511685
-0.41894085504756434
-0.14761953331798686
-0.9719241838966277
-0.007335635674715844
-1.0481070092856828
-0.9070944540900563
0.3821290796453341
-1.7939480508241135
-1.4992058611716208
1.0997467785925863
-1.107300833279305
-1.3211650754104993
1.5397586087125834
-0.2480383458587282
-1.190217849533664
0.8948354966372017
0.44355587400685415
-0.7461340147285266
1.0239495198405186
-0.40636299996153513
-0.3865575116650316
0.571530471040947
-0.3193807123132973
-1.1215834310517852
0.2015330199567293
-0.2901543378072174
-0.2299852853794699
0.1508354034808927
0.7318752610596614
-0.4437933433061534
0.8680710907743108
0.3139071170610194
0.07917537121795029
0.7185505217018763
-0.4300561540436719
0.8447795557967038
-0.1335011173740567
-0.09522700090837871
1.2783612094185284
0.08733472662722697
-0.8985220722692451
1.4246907696174331
0.4074713213082523
-0.09392369082442625
2.0104535817193963
1.320123717795865
-0.012649318767994905
1.6345191926654472
1.6599672331597135
0.24691298299188688
0.668418688872581
1.9940115843240795
-0.16857644690482165
-0.17132450079718822
1.799634776912284
-1.2077413241935357
-0.5229618994163335
0.7236055706848238
-1.4214343447294278
-0.3189360629145827
0.4748024746401557
-1.3012668458431889
0.6300810353839268
-0.37896506498503085
-0.7472597011529437
0.5897850271259262
-1.2391427419569239
-1.1896199514026333
0.5485695373377907
-0.4755727269252223
-1.5635884222982195
0.9373752276255359
-0.2101719710231306
-1.4872514700295174
-0.06735854835585044
-0.8047662065584523
-1.6242475139793247
-0.8608767783089103
-0.9786926467773381
-0.7764465641829298
-0.3619755566162877
-1.7859582267502903
-0.4167421944441089
0.043189821247210276
-1.4490989626885513
-0.058485869001616946
-0.8011000685907844
-0.9701882031193867
0.8108767581494571
-0.737929216276785
-0.9577032647490367
0.3492103905781541
-1.6406417158210085
-1.1723368256163227
-0.6379227089227928
-1.5898929223377836
-1.4002976106946508
-1.60986420898304
-1.6832081673579566
-0.45643118157966484
-1.3189180611162856
-1.7750989512599846
0.4989416389554627
-1.0108543499628693
-2.0975892155136537
1.4056179512398914
-0.5994117135781376
-2.07955166770615
2.0618366086311113
-1.0218774091568814
-1.4668814359441484
