0.5921845313921177
-0.666418120826657
-2.775656923518632
0.9891531572155764
-1.3511881907704404
-2.2145140558122045
1.1307777257258225
-1.6823410575493147
-1.1649337987463495
1.8731012350852971
-1.6367509268070395
-0.6762698804245865
2.780764020102181
-1.2373698532578032
-0.36337736903081475
2.4182431527584156
-0.9091201061943542
-1.3660022058904886
1.8331418336367011
-1.62922980447629
-1.7986897713018708
1.0912214311510466
-2.257663189371345
-1.958967212875352
0.26764190266267945
-2.7808893290378185
-2.1754345768105323
-0.013362720537117427
-3.537844561452315
-1.5730846539601127
-0.9416247320161629
-3.0217743613238515
-1.6413660973915474
-0.5851099748662665
-3.4652048195138083
-0.8132985053257811
0.3568297897792374
-3.4788190750945973
-0.557946229762909
1.3511939989859223
-3.1738120092444473
-0.33935570910704815
1.6561238518540646
-2.6793687054962003
0.6224384543236438
1.3588859736837933
-2.2111609588345345
-0.2948405874964426
1.5812444077887187
-2.4492360426733
-1.0735579493222294
0.8902253712668194
-3.0819723906339758
-1.4996665461023158
-0.13468784883215162
-2.6442357194839925
-1.2882773113081412
-0.967029966642165
-2.476660799010877
-0.725483401885255
-1.4654562920979957
-2.9787201029167636
0.02889179568743733
-2.345554247724002
-2.9189828425400886
0.5159468858663394
-3.0832720889029117
-2.739411049945086
1.2020479435047873
-3.242566570209021
-2.103375098571114
1.9535633911671542
-2.4056427016972775
-2.089311078199885
1.4610502181875427
-2.838259363344661
-1.9663232213030968
0.5052746351658105
-2.869351096410063
-1.3251303511044537
-0.27618732512283317
-2.777198280998318
-0.655953647215733
-1.0852999231831608
-1.898018223166433
-0.3539146892477272
-0.8947190722149335
-1.6379718120681568
-1.1369729089591298
-1.561452533024794
-1.5606622393424714
-2.179310562287569
-1.407790253962396
-1.7820213183491915
-2.1425267441280837
-0.3914076874525642
-1.8413017101499334
-2.035632849642547
0.6152585889583063
-1.8001888666681845
-1.2582830782021135
1.2005795810400086
-0.9265676953058384
-1.093693608095449
1.7095332517538906
-1.2157545700098753
-1.1695542223182833
0.5404940971824851
-1.3822244031976059
-0.4014937554688065
0.7597545958136858
-1.472105205436195
0.3991152304348579
0.589888888536836
-0.7897846383779725
0.35213027241257905
-0.24675844698496355
0.01915476833076562
0.4165231370823203
0.7116451301208031
-0.7728945811958257
1.1185678548208235
0.826790601218991
-0.630789397964693
2.015180982540615
0.3859054193821722
-1.337163421209079
1.7827450891879328
1.013824356375913
-1.6227886636573419
1.4439513431866398
0.16458110589744593
-1.6993103492760302
0.5141526062753553
-0.3805220376476264
-2.398110448449608
0.646907729652387
0.4110412158459468
-2.1731246647953437
-0.14750718328388207
0.957515124618755
-2.7814248026704425
-0.4223356026257047
1.6271632620169236
-3.747530487812417
-0.6231845543528796
1.3452998424016986
-3.4520330718748506
-1.1347949390234018
2.2092429708796693
-2.5100310312666725
-1.2606382507159215
2.089897687004199
-3.053459156711851
-1.391976555760688
1.2907385507276619
-3.4753246400975004
-1.04409854336645
0.4731484096841157
-3.202614651935235
-0.37806337221422837
-0.260932187051701
-2.65347919975042
0.2572752524025837
-0.6639881210944267
-2.0098941858162735
0.3866852431563265
-1.4839830619459582
-2.1831749063164247
-0.5213952133737891
-2.0770303359232662
-1.8312570574837497
-0.24617443413843232
-3.0947456543972924
-1.039772836386692
0.2621515760160067
-3.569678033655515
-0.9422020452440579
1.2550810552490457
-3.5361049038589614
-0.046939471224695106
1.6973167140766499
-3.4002172620915774
-0.12264623939480815
0.6704214763586516
-3.5597791500190485
-0.7371712499071901
0.6174405383453311
-2.7239833103549396
-0.3163472265053164
-0.1740226679822035
-3.137219494494965
-1.0541170740519263
-0.7255393442680494
-3.4260501576686306
-1.333683857184181
-0.9628455701883777
-2.479862912601679
-0.30965539589796015
-1.1262638810273673
-2.4467583371149115
-0.8390580618923519
-1.6303752772630247
-1.7371678656234415
-1.0719710463868501
-1.5486815509338157
-0.7989673592579843
-1.9009017324433697
-1.1522677431657464
-0.19061044289481702
-2.4751243830559053
-1.1806596042656905
0.6088585324812457
-3.1717677891937783
-0.09529844784554978
0.802863299183502
-2.106044170651522
-0.17657915350293615
0.04155353092561834
-1.2530151076478762
-0.2642916344632558
0.011323245066398452
-0.9162933015684137
0.0639163765268725
-0.8966431308630315
-1.0438182691887532
0.6387981463476768
-1.4519803790637695
-0.8055318670139833
1.829217457851118
-1.4779813093471268
-0.7340045561569839
2.183687224201625
-0.6740367732742775
-0.12428729299972455
2.457474226917371
-1.1346020620878408
-0.10891235101039726
1.636513336457323
-0.7562600687159815
-0.8221994294810877
1.2832210249338893
-0.6074371376369831
-1.7841772843788906
1.2746058336357138
-1.0818082817661712
-1.5624431248107165
1.3755733393590241
-2.231465111385202
-1.7616316476292524
2.1106872899746727
-1.5317180323081603
-1.7479212226085352
2.731303145721788
-0.78318616676314
-2.388756219216899
1.9574520866565144
-0.8374005218331283
-2.6945461764050016
1.120140219079677
-1.315520564044561
-2.971847168311413
0.16025706560516903
-1.6744175223923543
-2.382200810140304
0.4680374066131286
-2.391162685356182
-1.3015248319232577
0.1440013640695065
-2.181050095595256
-1.5936810255197034
0.8711162582060717
-3.000930828769234
-1.5570068624417477
1.7677084939457313
-3.032951954840836
-0.6857461243161305
1.7573546950017798
-2.6006606205008262
-0.13412412077124086
1.0007395186777017
-1.9928903261194242
-0.2146317615652379
0.7143278699496187
-0.9290676675935258
0.36184488283952526
0.002995465220751097
-1.3696902965136697
1.2727183494437795
-0.5922515095902804
-1.4751920312585336
1.8033661476439096
-0.48085159127613986
-0.5818695608609007
0.8617568569868309
-0.4981165672898686
-0.6825707991380658
1.5388799642658553
0.1404741714186871
-1.1612327989813604
1.469848554438207
1.2269985940707968
-0.9887993717905087
1.1590611364182624
1.8696153466560397
-0.19813463685153795
0.9490689123734397
1.888409767309739
-1.3517053564664205
0.7279794741039023
1.0386138367529918
-1.8857180409697225
0.32603315052443044
0.6688133118937045
-2.6327567013507753
0.31523868801606103
1.6408416201202158
-2.4929567656705083
-0.2912385137782773
2.541406881147541
-2.227237672768521
-0.958856609808347
2.786007153190301
-1.4902772628293695
-1.2317079242809594
2.419987181960544
-2.4297093959958747
-0.6071479972884781
2.515450254106109
-3.1198522559943465
0.36142818694307466
2.691256684630763
-3.030003269763094
0.8455997453102723
2.515016273483487
-2.149721416927331
1.306939672513219
1.750032035992986
-2.0803311379891505
1.3276836537004775
2.369735829755598
-2.9487298285208183
1.7401224931649064
1.882373467318658
-3.7354747685964034
0.775945150959802
2.141757667817306
-3.744918939136725
1.033094541461969
1.428707401451198
-3.1941518812402676
2.0783389586744634
1.6345082603270946
-2.822785565989577
1.6347690202403924
0.6924061218825427
-2.5150805533556286
0.9931471441809818
0.06492561991704886
-2.1912615513000504
1.9582530424802194
-0.08540573519652067
-2.0362304046966195
2.0823645107446667
0.775279905126854
-1.665991524951531
2.6539115190783553
1.33081490171305
-0.9458037044626578
3.4136380978322762
0.45168223675336105
-0.7803281868425276
2.8944749269849197
-0.07308720301067388
-1.5751404622491674
2.281481988657818
0.2767547247790874
-0.8839935712437716
1.5783347529630123
0.40447858370680145
-0.2869340506358157
0.6870281468637462
0.6685600157846773
-0.4208997351496457
0.19440202618430996
1.1337639803198842
-0.014304939078517487
0.4319828849151927
1.7167542888119225
0.3781377455215062
0.04039174548761931
2.5716386522368504
-0.2818599426092744
-0.20143274141133344
3.356626200073538
-0.7605610432241043
0.15996296503942112
4.183698502709841
-0.24075421291477406
0.6063342465322242
3.7845039565124994
0.5994247842121253
0.8654969743620533
3.0858528493008794
1.2923228290369164
1.7559668093106975
3.146405763603014
0.8299687424540328
2.6369906996383774
2.82986865293594
0.43158617426730317
1.7086778935321885
2.4070093510128263
-0.07751529786851519
1.8274014328140487
1.414312499130916
-0.24918086736912037
0.9866077803799753
1.1515761780495901
0.19543749899860002
0.30714619305977536
1.2058592674489879
1.1049130579916138
0.6669086439911824
2.057174737111056
1.3312696299348308
0.9687170023686096
1.2565477366747042
1.831839435697613
1.590953158630658
2.078895383345663
1.936314102135523
0.6350307569169834
2.0930816051666614
2.297864051133865
-0.2178626470313442
2.6231630284867005
1.998471174570197
-0.8539046013000671
2.7253060604932484
1.1012015834196138
-1.1226649020363009
2.906928061050892
0.16696167667151918
-0.25036141673854656
3.3857058490863383
0.22767332164411605
0.036809994143620815
2.7164846290651483
0.8840446180403974
1.02455207081093
2.7222163046107437
0.37819848335280387
0.6721976141206069
3.304614267344773
-0.30832601478756344
1.2440033273737883
2.7036308163403175
-0.8316504259523563
1.6642701912777094
2.5802558725761524
-1.8015916569217063
2.255783384033828
1.7450432476019984
-1.8175114924437812
2.0163962334447536
1.9132767333032703
-0.7934678196441269
2.647531415517381
1.854586588264403
-0.21044078572756236
2.3625381414158966
1.5331356373864198
0.6977318668445768
1.408049306258214
1.8940993996092688
0.6677729836529966
1.8689143272240285
1.1266214816690792
1.4195640987286016
1.65461559931102
0.2294737709293132
1.7009674683839369
2.5864993730760872
0.5788300405186962
1.743452414913295
2.748162577616139
1.5423410553693944
1.575041184956078
2.5549957536256134
2.3783707389247244
2.0998613879835246
3.0941849482785297
2.746722571711552
1.3037851834683827
2.263950428843985
2.28049594790844
1.1387844567668655
3.1872182857975018
1.9880654961946205
0.6709549145695649
3.3810220845002235
1.3016574611877865
-0.1956574808624935
2.6313512053345294
0.7157776302516285
-0.10095687271722537
2.751670025313104
-0.2925010401330903
-0.1840198183646119
2.4619247383762475
-0.8497497589604023
0.5243439016048121
2.3999578541990987
-0.3887283811529286
1.4382820586932437
2.12972700273835
0.4469259551292941
0.8680767341116344
1.1777095455291242
0.5490115352945344
1.031324592574198
0.7209045375639148
0.09836505253030926
0.20378844389219083
0.05831351093640013
-0.021417675787291878
-0.4810053205422148
-0.4400748114089711
-0.39667955860954185
0.2925043716908025
-0.1013268200353301
-0.5598741226220988
1.0588049076053723
0.3582729537157103
-0.7956989142671889
0.5004849928409739
1.4458283302930361
-1.212101177354482
0.09411887083993696
1.6133470555809917
-0.37444557265438566
0.6205983849666024
0.631950679534201
-0.21602136507648886
1.198130726248488
0.5162867531558947
-1.243392276332242
1.1980015677461306
1.1517285190719204
-1.8265774006590982
0.7559664069627077
2.240684548127938
-1.755062981714433
0.24785484977162872
2.542696822701732
-2.4825378058035645
0.9503043017961297
2.536029473853999
-2.1769797386755934
1.9389347829301262
1.8121674142807538
-1.5435382409411054
2.2092162204053323
1.5507781770092723
-0.8526831739106673
1.4342677574679477
1.956481239400298
-1.797882274549843
1.3039161986206664
1.109075329540131
-2.1157037367971383
1.659320667234164
1.7739617916805857
-2.732382698241317
1.5632628814179137
1.1208127121405183
-2.761684001165304
2.36426467179319
1.2781688014668715
-1.9548510734397464
2.942931645206505
1.4020547269061163
-0.9454081554430671
3.095347025165972
0.8456052671789644
-1.4952590167774804
3.720932093110606
0.5318561032265599
-0.6529095631645279
3.137899676481017
0.04914988202938652
-0.4924610652231689
2.296403326035918
0.935308254767332
-0.10384074434582824
2.6751473310337666
1.8245427133742185
-0.5368957141472643
2.3403637932625223
0.8437815901601153
-1.0212244690427434
2.3490719216066496
-0.10550805306996938
-1.3898422004149107
2.001466668731822
0.3177054617502317
-1.7109494456133592
2.743178709911188
-0.23364067304966749
-1.3830244214137555
3.6586368912590097
-0.24390530975811225
-0.3926086556772398
4.045758904062876
-0.7512270493123867
0.33701134577413366
3.5656196291897055
-0.5515668561337312
0.2935228085369328
2.583861670378626
0.010859535203313021
0.372091536367347
1.6095134867161078
0.534344945334158
0.7630864945795529
2.5220513747878957
-0.24906560509078896
1.1376425202338718
3.2056414128118402
0.21376230921238157
0.164573889999796
3.372029633923487
-0.533919504322018
-0.4460427317207024
3.073579515263306
-0.6910825331590963
-1.4594521203836592
2.752393911513129
-0.38390612545883435
-2.3942093384184178
2.851389838708015
0.2416023495279738
-2.3700678940625304
2.0931272065448945
-0.7721780647899184
-2.645471641212778
1.952079425842829
-1.1695562740178398
-2.7221071101229315
1.0018719185525369
-0.553477755984644
-3.149350587155035
0.3655941144164505
-1.0364954068762722
-2.192452558229623
0.1494450764154352
-0.09245427151710589
-2.266136553974867
-0.19750979443896258
0.6315435689583535
-2.3435427796836654
-0.6005152065658597
0.6052025528398347
-2.752371204417941
0.25862341650268794
1.2245095552987257
-3.6384354060934676
0.5741971779168749
0.21326205577655707
-3.5806452298197695
0.7756120844380129
0.841944608459541
-2.942863493459947
1.3200489537970326
-0.13101590791910178
-2.7319124110052857
1.1531882844153678
0.3757345987719367
-1.961734419701932
0.6401945364849263
0.48447887664946176
-1.6224472447658551
-0.3512812243684754
-0.13286916524325654
-1.7571070716205586
-0.9012391190215524
0.20505156905636004
-1.8542251720365854
-1.9493187459273265
0.32854583853035496
-0.8090510055792883
-1.4871205541656716
-0.03187127900445094
-0.20180227691064173
-2.0756440691885123
-0.7707696064923719
-0.6577278583029664
-1.822984272513134
-0.3495331807124353
-0.8839290917509571
-0.7670737729113117
-0.2737519303841922
-1.3158499662459222
0.09384162297520403
-0.6984791706973694
-1.8410288613420223
1.1675328462598173
-1.377202376137794
-1.869469654146779
1.9355776428343725
-1.5665066203605436
-1.0297649759820746
2.7348476041273786
-1.39610256090069
0.04759054367758454
2.5838489736105332
-1.1158023993572976
1.082022125484792
2.6798120212659575
-1.0544520695284827
1.9596605054762937
2.0430055534021596
-0.3073550937484451
1.7759269210885529
1.265948557892468
-0.29657807046376417
1.3851086958727814
2.178786917727513
-1.0172903562907214
1.026669239531038
1.6874637163982775
-2.1090505614548167
1.2471659813844949
1.1461784818803658
-2.717858266936457
0.5123827688029536
1.3523164292842997
-1.7253575203267186
0.43067467377091556
1.4464817847234472
-0.8336255050503395
0.07528270061909847
1.7842794632189056
-1.7685491836154292
-0.427557196936489
1.7792463529430222
-2.3426927509486664
0.19605312643408787
2.2316314002572937
-2.0804800131589
1.1272057263373925
2.2386563517322315
