-1.8354332678945187
-0.7149630081928599
-0.16522466740861402
-1.4821979441156963
-0.7064977584302037
0.7510848963025653
-1.010150298754439
-1.2508691687518572
0.024491041800744552
-1.1356365237182808
-0.7504596177449678
-0.8721433911059142
-1.462491161357592
0.1756870905559879
-1.1553780850644693
-1.1804606881062312
1.0163529815622399
-0.6164836671319452
-0.20286003135569455
1.3148073637953315
-0.4240819646211639
0.4880837829923594
2.002546376042722
-0.1474622093849983
1.0090509761140694
1.6128021885885508
0.6322073180180559
0.5414722426650806
1.2263328051500209
1.456119947512465
0.09600217437362588
1.4035926393698213
0.4833792691886014
-0.7433116382586589
0.8249496332634714
0.25246560417929903
-1.5767845731542216
0.18730791102866562
0.2153994381841526
-0.8702867081905116
0.1946696185975694
-0.4415841240115937
-0.640401811666861
0.6475634246751738
-1.2934178242229057
0.08006295845123745
0.28470306286844355
-1.9350363263524741
-0.7406420888522687
-0.2880452577727067
-1.6647763973415013
0.024231768744169973
-0.137271825441837
-1.0263916619904596
0.8731407314382267
0.10553861583372842
-0.626103885010118
1.4165259504886132
-0.5855161904857339
-0.19681730005488884
1.2232774684624192
-0.3014544402526881
0.7259151191113309
0.2591077908135534
-0.33895295735094005
0.48092716407219005
-0.17692287280584143
-0.33696332258738854
1.3936999606547158
0.7115459751489944
0.1111906829131227
1.5271561560475047
0.6157034010065253
-0.8540959013149261
1.2066484114561933
0.6266602039542375
-1.0675054403923414
0.2702563149561361
0.5656437874629381
-0.8807773465541938
-0.7477359773852705
-0.23531666223177755
-1.5555874714768116
-0.6122844541268869
0.6782422383412446
-1.8910750711677864
-0.49287864039368756
0.06558977238240947
-1.8944539103850715
0.2907484027838482
-0.2143140965793214
-1.0023952182994524
0.7299524247262597
-0.1484669171038819
-0.7362268410765246
-0.16657232811656336
-0.6261799031806785
-0.16198825521112145
0.5773530243035806
-0.19695366315372467
0.5241313255287021
1.0781872220618107
0.8378571772784518
0.6787799606441837
0.6939988688391936
1.6301159846389635
0.48020541849071796
1.1316080464312372
1.5328693162415514
0.3978877684030644
0.09972084379493144
0.7585522219503907
1.038704172292709
-0.18308131499322625
0.3745027356189431
0.8045589148306369
-1.0548963354204348
0.07057219191211196
0.42278704845452303
-0.1989689202877165
