-0.0261234926146968
1.7392547841173738
2.7110298813634572
0.4944831560223731
0.978778002578202
3.198745957643193
-0.42641707232363507
0.6095729559800699
2.9249648528955596
-0.6355566553193154
0.2634011546021652
2.0461315215131037
-0.7867324522105965
-0.28603172582738356
1.3220899497315843
-0.9656381836744018
-0.27430627301544347
0.12278548842002664
-0.5946375269336004
-1.1410102434236695
0.3149195166468983
-0.5737182041487381
-1.5252389364751546
-0.5538392131205416
0.06971102720599529
-2.0661782644681597
-1.1804623022876959
0.8912991200218772
-2.557924911020302
-1.224860380268989
0.2391541737718127
-2.62431470363752
-0.47435847626019473
-0.7035796936217554
-2.4625772598575675
-0.7169165088357171
-0.4247630408032496
-3.011859053852733
0.12007442402632854
0.003879101954682605
-2.3910491618889207
0.7982375969714547
0.7504184762995387
-2.815722500701813
1.2891670169290963
1.4614549724396013
-2.320376654667463
1.770628430017415
1.263246485932587
-1.9465133506765566
2.7531440681513826
0.8168930216415122
-1.077129379214815
3.1081559585695313
0.7931695001012288
0.041643077738016704
3.163035481997646
1.1696336318230576
0.7279808696668914
2.503431129217708
0.9421758444779463
0.9076314221762816
1.5353454213134887
0.36906017176138434
1.6396719592872613
1.4320735125946593
0.014277859544884582
2.556864252441139
1.104202957211168
-0.8789698286198794
2.3447886759174983
0.5803237262019076
-1.8260748717488202
2.035495784646304
0.3128380257454646
-2.3272956537943927
2.0843094834786235
-0.5687117579141648
-2.3693495999997496
1.3257026743797065
-1.1903546137763588
-1.6490174604479482
1.2564326640072387
-1.9615445573439803
-0.8190172177929335
1.6926584839414358
-2.4022676155082188
-0.038767025083314054
2.331758848388835
-2.1935933455035865
0.3561491898290504
2.137009743560864
-1.3664478011341932
-0.15145332571012432
2.296432404816582
-0.555394371444722
0.364785829688536
2.0622557805391337
0.24459090327896837
1.1450722379696043
1.5965721099784254
0.7896784746343645
2.015524522328066
1.1086658811701509
0.9864002094498162
2.3907647979315088
0.2283032644083004
1.3535840763299993
2.1189237001437395
-0.6710647891944154
0.9217618781078806
1.8204477878522174
-0.9382908861590494
1.860571134593407
1.0880457315514147
-0.5173077602654403
2.2230532863869246
0.07813275670315069
-0.06783466166540579
2.323818270189187
-0.8105954462887996
-0.5928108208554035
2.249214211855361
-1.5282381899154636
-1.5023032299902357
1.9787631627030162
-1.6855591676999109
-0.6515160406214
1.3580001173003295
-0.6109730358792567
-1.1559961686161564
1.521758727987709
-0.6872150996519206
-1.6481306187535343
2.509574442445542
-0.19899387141465813
-1.01773228850566
3.1028793961758514
0.24692772289188264
-1.8170672993945622
2.7415912999125838
-0.021165004467051152
-1.2030335839680817
2.0611068884760004
0.02629396801157928
-1.3824308429156016
1.0216844716484892
0.5034528631668432
-0.5277193346335023
1.4390175515264336
1.4795150092759155
-0.1396939814653617
1.5015191977127675
1.8712356077611336
0.2845723615858611
0.5767625071685591
2.224717710442299
0.9518268857780878
0.014581631683675997
1.6898556875007646
1.2656761888845467
-0.7642405934361178
0.8421699696498062
1.2427117894746105
-1.3951322314299246
0.05825565685510717
0.9654940338304119
-0.8535961611486926
0.7183684107300482
1.6010161709232358
-0.4552760915952411
1.1683089977099705
0.918044658441963
0.06068134236718945
0.31975383916909667
1.0944903352768307
0.5048453421603957
-0.6129690639665435
1.5319252285432259
1.0053389065848553
-0.5924441675096006
1.3933923858016
1.9703238822423463
0.25658149024713695
0.8667051145607311
2.200107513504451
0.9019818622121692
1.6620876078202118
2.2064353789003355
0.9815504583417998
2.3725297122656785
1.4329028463592728
0.8481405588550804
2.907199030071948
0.5540499871852538
0.8340600876664858
2.5710294892674312
-0.45701848826292296
1.4345066709066776
2.2073765858332655
-1.2022177951574042
1.692455818462284
1.3613768642089048
-1.955584615412305
1.3503553570452251
0.6602334455319345
-1.9789907803556674
1.950522333640195
-0.171635044038571
-2.454124534492528
1.762932331634579
-1.1072055128164988
-2.280160229162557
2.36677182022007
-0.9134325102302281
-1.4759944798702198
2.6634238421746512
-0.265424120996199
-0.7707447053831002
2.469473306615507
0.7004802194762828
-0.9310631684194611
2.3895211854419034
1.6394515210891694
-1.3851690484179022
2.025351810083486
2.2916956540584508
-2.1242816966334352
0.8960633563909648
2.134364054081609
-2.2145218223520966
0.2835494244247489
1.6716725703488884
-2.851417708172031
1.257854950128972
1.433091856758954
-2.859561553868817
2.2669061202819796
1.4688474795275057
-2.6701556806656512
2.376745080194079
0.7765574167556489
-1.9267602102583967
2.0471765116645586
-0.028787483981473197
-1.3585216006636334
1.8654746283702046
0.11417854084411944
-0.47712672795158095
1.9985217605697354
-0.8447629340397779
-0.23631183353220966
1.2950852707193012
-1.539510386762151
0.2903097538899122
0.032401377492996215
-1.8440494702923798
0.18333968859012809
-0.7903541104893356
-2.0564148834719105
0.21377040130374486
-1.388802300811495
-1.580808391622267
0.7777326215089669
-0.8924286773062875
-2.0803913101920095
1.497198434860254
0.08531054827890014
-1.9527483809427149
1.7892572969910987
0.9262397812866513
-1.454857760654341
2.030703894557565
1.2901871166056051
-0.8822966873140008
1.0295860781826849
1.2551978229599021
-0.6690390203194918
0.2304128401951956
1.2262668898641944
-0.8113974636131019
-0.7897914158099477
0.16879346160046427
-1.1816152972072798
-1.143541256996863
-0.29442928038134486
-0.6419955105625211
-0.31662985556691736
0.08198007359454638
-0.367742135620772
0.5678405902703108
0.12848559914492547
0.32306989524621244
1.446798410713375
0.6869330432297892
0.2688370934867136
0.7592953839710456
0.32172551304990543
0.4188762503129582
-0.03806911607485587
1.1031783264623205
0.46650789297035683
-0.951907493320271
0.3503266177636729
0.4130421138580017
-1.6221841450257357
0.45349413431799523
-0.3123421397296746
-0.9066269290439387
0.5741073678889693
-0.7760515592944315
-0.11774960092219221
0.9644192562280229
-1.8359158111058416
-0.6648744270755114
1.4157945580291178
-2.69399881879481
-0.35251521084070137
1.6073804808235648
-2.5208669457947046
0.8023708918867029
1.6674524354153375
-3.258724857317433
1.4363296217066601
1.1129366278714734
-3.3739266607131624
0.571919574584607
0.7453525769982399
-2.411583467353229
0.4711713694003432
0.8559892876099909
-2.0548200132050636
1.0717784040862866
1.9203902346393222
-1.685835256225961
1.1447551729109684
2.454476014421461
-1.5055571197654798
0.38535353759031343
1.8604030871873973
-1.8288579637350773
-0.4444847538582347
1.5221578298216427
-1.5449797163720265
-1.2800744690035077
1.2770871025515762
-2.133165393604645
-2.102057380930994
0.2547569297104635
-2.055658825297523
-2.196454414419558
0.7011943294379525
-1.1493161644242205
-1.887976069871969
0.06333793055514743
-0.5852862566550209
-1.6484244612719432
0.9594376194535293
-0.3956722581874451
-1.635490610707122
1.0367433333079814
-0.5619708802323308
-2.599798066836631
0.7066885142895519
-1.4683657800283174
-2.948727724725898
-0.01992750019056692
-0.8726467483092017
-3.3139067917168807
-0.7094531247541978
-0.05251834263312223
-3.224899206966438
-1.3571709250804576
0.5218408048655487
-2.6777382021630336
-0.4112256996508737
0.6900005967061659
-2.7309411050347006
-0.7496126373401653
0.07543126191396601
-2.0764048200971565
-0.9493914123031824
-0.6278019419288833
-1.533152164603116
-1.2002479868415186
-1.6558964063353154
-1.2801609748710794
-0.4439609419484876
-1.3759262003002504
-1.8062588852248074
-0.6853902610258915
-0.8310226494314964
-2.5699756044962143
0.11250710937292649
-0.1420777856587673
-2.6831815508473014
0.6158074296552492
0.7289451107428182
-2.5695716004411104
0.16986086811657775
1.379763620220452
-1.9172721520524951
-0.5731153713256136
2.0010727248400277
-1.4833935320254734
-1.6073988982750054
1.8981460050144714
-1.2127523568427963
-1.7473710955923212
1.3410633868236441
-0.49500678022892175
-1.5352144385493571
0.6748401707258288
-1.2426765552621943
-1.9368028109530766
-0.30805775088168924
-1.3766624717742637
-1.584641035346759
-0.38755841612248276
-2.3156618410864818
-2.162960117217508
0.3825031346080799
-1.9971474100615016
-2.845549914197496
-0.03887428979311417
-1.3332994813047552
-3.2684640770903766
0.8077506147196158
-0.8932978702854654
-2.6659284286433054
1.192056929886875
-0.1459802576160239
-3.296072932749109
0.7144053787113728
0.4817455631581397
-3.166383903656555
0.049383983448123586
-0.24853973362977108
-2.4542698972368275
0.42400960863830867
-0.5678067042966551
-1.559459951392821
0.29170127245246263
-0.24506812734105834
-0.6507452302484976
0.6128746836412815
-0.2730984113456295
-0.4548026468407745
1.5763391974800522
0.10751531027556795
-1.133063093440298
2.155053879390108
-0.36989900448941626
-0.8954009202846539
1.290380550680981
-0.8438401534715246
-0.8134930400013958
0.8280612878513295
-1.5763535245228424
-0.3721273272346939
0.22855700997202558
-1.1431022709756669
-1.4511900574561323
-0.6928907877117695
-0.48862116497548846
-2.3558887163325792
-0.5270557561308848
-0.5198676211580197
-2.873872352639204
-0.5969656503781432
0.3966175170308115
-2.935292681407592
0.07196290301177932
1.1627470733908083
-2.5553498412604525
0.7950971382746327
1.7689739418223014
-1.7145747800685407
1.2849098768245497
2.185852978252295
-1.7682537824751077
0.14273719481288275
1.822012498939425
-1.2644193234161278
0.8924220833913131
1.2405311543741495
-1.2427359310916766
1.1348923033157685
0.5525803927413683
-0.49660547450564263
0.6639157423850557
0.7133844207753071
-1.4090487325177552
0.13643639520433207
0.8593538782050231
-1.7929130540584077
-0.6510879388006631
0.36327567930194565
-2.471892496740178
0.3253692399257624
0.34781295932336886
-2.175179979569359
1.1404970565453136
0.9140423955979309
-1.4941703523162182
1.8303075612444317
1.209146619736922
-1.2250905798475649
2.11062526701845
2.1559855757185313
-0.9896912153554993
1.438320833152619
2.854802761844106
-1.370634235973631
0.5116956060699366
2.7910347009753163
-1.715336955082086
-0.39444246534159483
2.646452986783134
-0.8663009233437166
-0.2519170912318838
3.1699241020651825
