1.128744600202974
1.7966366334496575
0.03066162906005105
0.7249552502625104
1.4862560314548696
-0.8357302564592614
0.4254241152279794
2.5927171862307232
-0.8441787805550662
1.2403592839437425
2.1902135953431694
-1.3379965660338076
2.046973047157069
1.6273885139757684
-1.6218058456926085
2.1408704852434366
0.6433948339654874
-1.9414965597551639
2.287072471734321
-0.016292660317717873
-1.1277463589083934
2.0913592520032367
-0.8796198674222752
-0.8971560725741525
1.4834480343720577
-1.6846842147937178
-0.4168242753867979
2.0851728125735947
-1.0632920995219697
0.163605577093967
2.614234698470307
-0.34916904654855285
-0.2555686493796897
2.1412794905994383
0.3820655149806231
0.16033338385263918
1.6457084283570993
1.1658366830449725
0.7129491624220202
2.0807200667786074
1.4035590856034337
-0.24425035760322344
1.1788256511934847
0.8285426142135853
-0.2875765932740475
1.7354585990662414
0.8547392581856725
-1.057779999177711
1.110247659343531
1.2337332460334907
-1.7032845809777513
1.2163113854417151
2.1020358387505302
-2.3266336970975305
0.4066356840116274
2.5002353684466168
-1.8511877591266472
-0.2404192237287698
1.8192397918529932
-1.4142214965263842
-1.0166498289499275
1.7555832651985275
-0.9080683559771182
-1.794888792811862
1.029900330212566
-0.9165143547240366
-0.9733868887410568
0.7455739561446334
-1.2173809251654115
-0.08664760078272837
0.9623029718730797
-1.5498480845296672
0.258966478122308
0.005242738821371645
-1.8747207201667344
0.42907736422303844
-0.7807407224949334
-1.8347153767575608
0.862409154727461
-1.1093195001441543
-1.0638345859976581
0.9924720002928868
-0.8094101586054631
-0.06646393418115157
0.6021409616651106
-1.2037039318152631
0.6600231771372974
-0.20390897911004993
-1.6377874501562448
1.170414086938222
-1.010785382771394
-2.17805704905512
1.4960099382919954
-1.6830975828548735
-1.546769904665281
1.9507142462837683
-1.7921624527079156
-1.8458991636615563
2.896127076518655
-1.6783107440611964
-0.8929717882337651
2.747130580487867
-1.4632155484809357
0.16833238774795609
2.619682114753693
-0.8810719767852355
-0.07680630393052212
1.9369473134356971
-1.7546218171121954
-0.47730595997031866
1.789372338509388
-2.0521698195822946
-1.0394459356746153
1.1500987358678663
-1.1059728176531078
-0.9586210671548169
1.416856040837559
-0.13341731350372033
-0.8461928836848137
1.6683914060416392
-0.5575715013568824
-1.615837137370934
2.1966895833291242
-0.817998996118539
-1.6788624941173664
3.1063552971050794
-0.6924517447897927
-0.8454912981202761
2.7506640108333564
-1.1351993817495316
-0.26241125496252254
3.3727594101315344
-1.3456032484531462
0.7260828049567903
3.3421509900690776
-0.46811508111872285
1.1235941471387674
3.3859286867218183
-1.0701750951095983
1.8067875192100877
2.926826294524716
-0.3036023046949726
2.329518168804262
3.208018528355964
0.32217342156489137
2.4552795350378744
2.410858875143305
0.7987761491294912
1.7508256091141758
2.377609632928026
-0.1328681191967735
1.6501420532616538
2.5451809599435666
-0.6545810722476003
2.504779865055354
2.368955433009478
-0.9205618921842227
2.444156479162225
1.1530672429580402
-0.157340001339973
2.9764748074399856
1.647440235651012
0.22675800917173702
3.5610274749737525
2.3854902593916827
0.35164763691059764
3.093825761311518
3.2982676910181166
1.3307407289918185
3.213753083225914
3.6032384349555517
1.1551813912171738
3.1256033903133953
2.6061706904972044
0.9986949125775619
2.2228653661050375
3.1473196004931037
1.5560114158020892
2.281587656543484
2.31369248416097
0.8280779180136015
2.2603035201187995
1.6107476118002997
0.143650033524065
1.1152534193650938
1.7006589705992665
-0.5738849278674166
0.756621098757724
1.500736090364082
-0.4573393484993167
1.2222289100696235
0.9632982930470149
-0.6264508237602647
1.5560989259172682
1.7739505856604425
-0.01675910559616433
2.064997873477083
1.2086310091630872
0.7708256690661798
1.479286918436849
0.9015636153976337
1.5414867716732632
1.4389532051208902
1.6221848818225093
0.9835548157676444
0.5894477478470941
1.522353031971708
0.27706804293351833
0.6462466221576488
0.8645425394095134
-0.3843398040641852
0.26307006986122394
0.2462049281093361
-1.0558275974733775
0.5925326625632095
0.6894665243764058
-0.5693364370984645
-0.08037879349996646
0.9247186773277409
0.14860737547734928
-0.7405591555554457
0.2543970037236265
0.6318219430426201
-0.40180668763997457
1.3641052915564893
1.1622880267106908
0.3110621843772385
0.5640179217077997
1.40545174684393
-0.7351642187478191
0.8388475967798964
1.5629155551220861
-1.6795400133901741
1.0384680311951788
0.5849745962265868
-1.262382166217284
1.5217158114842901
0.30901813171945186
-1.9505464119031166
2.3340191012461426
0.12785694338422876
-1.3855015122591519
3.108545660464081
-0.16647274054992917
-0.4793439815469993
3.591227297360631
0.18506541265146417
0.41718594428571143
3.6795172564261085
0.5433944528022494
1.3659291270811111
3.297707293288426
0.6183725626731005
0.44577362605168525
2.740171448135253
0.2170112399237829
0.21652609251679772
1.953837810316078
1.0042449529958675
-0.17385786409638102
2.1091076346515223
1.6451756659034122
-1.0015645215486926
1.746359359425858
2.2838288675049188
-1.0844006672505029
1.0845822267110306
3.0220851043844608
-1.0431974841331653
0.3491636165690882
3.1708810569832893
-1.0899287676739013
-0.6452006796253285
2.5025975188096465
-1.822810040785782
-0.4650774506758068
2.5134339237859495
-2.449479891503131
-1.243593827381908
2.7415483512920966
-1.474903161008436
-1.469626362495196
2.397310990800283
-0.779801596834863
-2.203266547969255
1.8161894662999694
-0.00018162338200766354
-2.6265315373824465
1.7084837358051517
-0.9319938905780454
-2.955401869759508
1.687202842824907
-1.7551718781307468
-2.3263432093624905
1.4372788278335644
-1.8177451472640502
-3.204512157214892
0.5131855912500739
-2.0689053130169293
-3.294746019345718
0.11649275065332446
-2.17192835657206
-2.4388906493257236
-0.1364196535082165
-2.3222270150310598
-1.5224129815327043
0.8952070426575967
-1.7953465277098466
-1.691607621117635
0.5638941495515436
-2.1627764784048282
-0.8049947129509535
-0.4523565054246458
-2.4057606922862385
-0.4579773739395428
-0.9560993380142042
-1.992379598167278
0.3616777942458028
-0.780437021890704
-0.9117365073859415
0.4043079295821703
-0.382066395630338
-0.46940142472729257
-0.26089385353262756
-0.17953916810600296
0.3759314624121923
-0.7026511498893709
0.3929293123105786
0.7704738698333141
0.04585682780287126
-0.352127784274365
1.2559475002328675
-0.5852042321473712
-0.9943620024133493
0.6447289557252018
-0.3026409153964811
-1.4844041245509012
0.09554184426466109
-1.0344086559472545
-2.378679568357032
-0.2695565880874567
-1.346642785572694
-2.6593954845465566
0.21459652723469388
-2.160389111679614
-1.755427812588518
0.32230663625360273
-2.6955753930486037
-1.5026349005671145
-0.30164756578811314
-2.0954440903106235
-1.8406128910953043
-1.1536425575781313
-1.5322718262501722
-1.2291902128381453
-0.8058995860780236
-0.9023834265420967
-1.1907514153875458
-0.2590095473558179
0.05216807797588227
-1.60106662685472
-1.1853982509121752
0.22370310690649664
-0.8091340248421406
-1.6792176086448032
-0.22987478259458638
-1.7194491233988909
-1.5946130597884178
-0.6690029488694728
-2.039170068855149
-0.6658600140854642
-0.4702182271281419
-2.100572591403644
0.41378095970939793
-0.09906992486250647
-1.7590033241490761
1.500180509598329
0.04800753091689491
-1.685696364074357
2.296490982078434
0.5953085627274223
-1.5367253067046773
2.351660408206033
-0.3638654649561041
-0.6738321933638833
2.636834646623527
-0.8297821637945614
-0.8597369315903525
2.735733779026319
0.2544594807890452
0.09073207537706131
2.8415001141620895
0.5438684877970177
0.19202832979510853
1.9312336958390475
0.25984779965151567
-0.797862969696911
1.8252281880817742
-0.006593561449991299
-1.3241585796403608
1.5087900571008512
1.0521255574467774
-1.5521945568151383
1.7113895566785515
2.0067335378974915
-1.0089496380737815
0.8888993015102514
2.3399619323902545
-1.4429818177060703
0.49087114647398233
1.7059720175016397
-1.4576638468480796
-0.4223971936267491
0.889485896603475
-2.224223638380142
0.3454781831894589
0.8530749639067462
-2.4450490156375873
0.33315400238620874
1.9383604013734559
-2.6390425163241993
-0.7164631989265606
2.2515097811320985
-2.77044935429544
-0.35955048781251403
1.314539189415368
-2.520485896637504
-0.44113706405347186
0.44441082901384216
-2.9307887710037908
-0.027455616238427807
-0.5019261872833726
-2.6749759683985914
0.6335007371244572
-1.2335920257564599
-1.9573676910754552
0.42412910049204655
-1.6726844318820557
-1.593950149528434
1.5139295145701364
-1.7909239262189585
-0.912951656606495
2.2447730892108066
-1.8186166725398503
-0.44374571665045415
1.9638269262160974
-2.774373321171385
-0.7558500910949292
1.0351010554911275
-3.037947108790924
-0.8065108360313579
0.05644815944011962
-3.0976886386516194
-0.005098362587331326
-0.6265720683618237
-3.212341024272275
-0.5895633515588778
-1.4203717049879874
-3.418343976189934
-1.213495148344994
-1.2147735520080098
-2.6908581831859495
-0.8467909735114492
-1.0983288363772874
-1.701185820717027
-0.2021982204412634
-1.3440189470362456
-1.192464988309262
0.09358185844508227
-1.2148725936268094
-0.2657342059285132
0.2216194880943622
-0.5069476414506906
-0.947234342956735
-0.6247593805534494
-0.07574016141831522
-1.4702220805824056
-0.8436968011022133
0.39510069982323387
-2.1792327209967293
-0.5081155868071112
1.411365109188393
-2.1422307421350824
0.25507356151104105
1.555787731756426
-2.191317413715296
0.22349422421523119
1.2225292775205827
-3.0742596537760147
1.0277379381751652
0.6798813273260782
-2.580688466073619
0.13625282515975537
0.19665689085571625
-2.7792272972481293
-0.4736706407839617
-0.3237967733808126
-2.2987067761909636
-0.3108764051417414
-1.3657527836008676
-2.4856232783763246
-0.7968897421430479
-1.988315299010735
-2.1734576847051614
-0.5648147160788657
-2.379245646550928
-3.077211721213861
0.2454763407248684
-2.9980036010285334
-2.9966450205358757
-0.44746234389164347
-2.941383297208553
-2.2481248382374734
0.29972149594958053
-3.6050842558091074
-2.207362334495526
0.7020157293492412
-2.896277057891708
-1.6466974868058557
1.6772931757034384
-2.704059627342313
-1.7350837034899966
1.1479589484807142
-2.4496961822276964
-2.5914209052650596
0.8396585755645166
-1.6357986819330261
-2.5031612335005593
0.9414123394498843
-0.38893065427315693
-2.659725105192586
1.3269589592415487
0.07921770108068873
-1.8240094171465289
0.7745283129985349
0.6150113073548996
-1.0121067639945356
0.6027306699760809
0.026545996345782568
-0.09562666000922775
1.3810989777701292
-0.29334228853371613
-0.8790656179722226
1.4231963296147785
-0.8398176799511989
-1.6169266940424598
1.7103020061919478
-1.8429664438663718
-1.308815334244102
1.4300104129038298
-2.5590182306327205
-0.7331188497854232
1.0935075823896165
-2.3535188340345745
0.1902043314726177
-0.023364014971229682
-2.0741635088881476
0.172890007234859
0.546370532993524
-2.2057779381602893
1.199076787140208
1.3620074433015474
-2.0250334271329673
1.993725018419551
0.9179591126930737
-1.136733767494497
2.582560074439134
0.366139029720279
-0.4812100182881789
2.646016084219902
-0.4050330796730119
0.26490465655230494
2.907362076813147
