0.259000571887654
-0.4562678227307048
-0.9903027279080668
-0.09879426815381318
0.39943078418893296
-0.6177698379225817
-0.8207582093184623
0.23846924109377543
0.0782972224161991
-0.3812341841678256
-0.20342542564956229
0.8809696201577801
-0.9851430033413677
-0.7330120320144374
0.2865294016711829
-0.08883991677295461
-0.43190581112149123
-0.059184355906538755
0.5972811597951349
-0.32978540483055213
0.6558225770341164
0.11696322331366218
0.4798482659854216
0.345502534020088
0.7624960360874908
0.025134908621767982
-0.2709508134099058
0.6390285906704611
1.01151329645686
-0.3089136201522801
