0.5217568739993238
-1.1301533165762525
0.2991354855129703
-0.2863284797374547
-0.5943695181122572
0.056036080311401795
0.23136838792515682
-0.37551129941778055
0.8897228170185992
-0.15077725583648718
0.3538139413007142
0.3173218671460679
-0.952569502267935
0.10514784080930113
-0.22448182447140813
-0.06461033273873615
0.0773105131637186
-0.6534445746570521
0.6294043490003686
-0.18321912799972614
-0.004552622059640554
0.5270210145134868
0.7841257469181
-0.27091035543710523
-0.45526505485772417
0.9628552199141875
-0.4088268733638291
