-0.17179291299072877
0.734950342273466
-1.1479733649035397
-0.5845897165915432
0.5921829269044083
-0.2749305047091206
-0.4503515375706974
-0.30576833604867204
-0.7278889494455318
-0.19604202358709558
-0.23345233720559044
0.2629163323072242
-1.043879413699945
-0.485015016541476
0.8926811466562545
-1.169648160416997
-0.22045096868293815
-0.04005023501526389
-0.6806897411683082
-1.2048971084856905
-0.054907614596350914
-0.11456840542302524
-1.0256889495710764
1.0100105430467565
-0.23246524281576236
-0.028775546881111964
1.2482896012163465
-1.1403823118509995
0.17617983865370818
1.6193930984097757
-0.9383682584485853
0.4904786961906415
0.6806668856304116
-0.6018855614144202
1.3799475214099621
0.3569844810434058
0.17540269713863965
1.1802984805182435
-0.38011935920542766
0.9660579885679553
0.6455284181775557
0.1730473234591644
0.4588072477295387
1.5084623710849114
0.6620680537463534
-0.031063944233348583
0.5287760748754897
0.5774899944473836
0.26452799591423515
0.19689514742712427
-0.34062944113615906
1.2417135117917752
-0.08390898250031255
-0.6411207873772637
1.279264230084999
-1.0354355982686536
-0.29572253927575126
0.7778097247988501
-0.3364012347466918
0.19160353636973473
0.3742400626578215
-1.1823407076926402
0.09251996426142785
-0.06579091576418669
-1.534373477846533
-0.7201449507145083
0.46633017308109176
-0.6778763055864186
-0.7236392668675714
0.5457970925046429
-0.003714430514382204
-1.416207436998871
0.8715674217060637
0.9243991830566626
-1.0043365103488662
