-0.2947819752945201
2.787940916663071
0.11156611792011166
-1.191521477731788
2.631197766711664
0.519082204286095
-1.0455407024471735
2.044193142122797
-0.29674928587728716
-1.5855453339405627
1.6139475839831887
0.3786853205450434
-1.2619339084893328
0.9809448700308581
1.0592991739107485
-1.231806931568174
1.9230814446216682
1.3587769655319843
-0.6810593548974526
2.013675690074784
2.1544212685200375
0.2645387369904269
2.2660232235207616
2.5055188995698177
0.9724235014943355
2.674199578248571
1.9236337685300264
1.8105172481127896
2.1371357963154396
1.9615593890257357
2.272132340293585
1.8739312554770786
1.0805175947231904
1.6112656675576003
2.575707661487669
0.9343107530661368
2.196167772383162
2.5102972665073686
0.2283150739851796
1.5902273004516525
2.9267494892987718
-0.5111355145244125
1.13469017300154
3.188876155269904
0.32031882997408634
0.7008075511759206
2.6198741927744855
-0.31267363049998526
0.9706519203537844
1.684936914832389
-0.7884651015405543
1.9421056885019998
1.9764885624669328
-0.6650274525473339
2.341873427300908
1.5843383208332238
0.1337912583375232
2.0553237114489615
0.5613079600531152
0.1581633216200382
2.4865143284436697
0.17843233754388751
0.9455465145192717
1.8851243796943131
-0.4140770232260924
1.4186272670046813
2.073892682653684
0.2698816936577047
2.1520005554617123
2.6521979769621957
1.0088592325375125
1.5708428681737918
2.3298622557656588
1.2207204172794814
2.510037879129532
1.732278470538771
1.3118146364718415
1.6945379302157146
1.3505520546372896
1.4805322743575786
2.5914548063706584
0.5052430679959385
1.01731226828443
2.976825830072815
1.3651534381030632
0.527520230471427
2.9351193979961145
0.48075398229115895
0.040119279370925826
3.0296712057410384
1.2696792578562561
-0.3204012614050721
2.4253284386535543
0.9860883475673671
0.5145169674310435
1.9708144628572501
1.5345738166142504
0.40234932447233823
1.0030957826984492
1.522583179340417
1.231657972932554
0.8309568356340669
0.6224876219141046
0.9463669200623812
1.160179808082455
0.48838056691868725
1.64313833197889
0.47323545453301646
1.362961352406101
2.007290420510339
0.1431519895547113
1.2439098140105505
0.9971944997826134
-0.06751951356794728
-0.05783813617443721
0.661676141131387
0.458336317022877
0.9045560720797866
0.2006191816057072
0.26773353329047367
1.8150669638876546
-0.15273973379601516
0.4729915209450912
2.5243084587271807
-0.6794893227425394
-0.1582634528114588
2.76922523649784
-1.0129044204670616
-1.0687951178146013
2.0052778309500123
-1.4514068040436967
-1.4638801231426768
1.4106781801056099
-0.7171098470957696
-1.795190328005212
0.4082558793926342
-0.8758208572078263
-1.6851495146607738
0.9631041367700555
-1.665252302856311
-1.8255956219394858
1.1778956444330428
-1.7845041310719139
-0.7974862011374216
1.593875697830213
-2.053120231327815
0.17464327988690034
1.5237925017555176
-1.222511216691529
0.9538733636569585
0.6562674511950126
-1.4903355174152662
0.35268494242740644
1.4874099973376207
-1.1110281448442147
-0.18845625139165678
2.235434116068909
-1.5322257017287386
-0.5169891664112087
1.9656463339527013
-2.4591430864054855
-1.0989669395318062
1.2071684643303155
-3.1705442733197984
-1.1706263743950975
0.1549282775622556
-3.23053205047828
-1.4971691009081267
-0.8262857340598305
-2.9555925329566874
-1.3025392966792697
-1.1802659166671372
-2.9178801640372924
-0.343944048057468
-1.7870104544312084
-2.4157034496815943
0.3812761409761005
-2.4280177482598355
-2.9087577836842806
0.9266011267590316
-2.6015089137180185
-1.9560662622924856
0.8299102912473653
-3.0425039279365658
-1.055023581252439
0.9175354057000581
-2.513124033057969
-0.22564887218751223
0.6346459183842245
-2.198131081859298
-0.010949244024749484
-0.24869670468450888
-2.233108166973162
-0.29156125458319754
-1.314886963049029
-2.036100569418171
-1.014851146562064
-0.6493539993809654
-2.1982407042225045
-1.1637271360590993
0.34274949868160204
-2.1954872095149573
-1.1168209990820308
1.3831975371777225
-2.127878161823777
-1.7996742808560464
2.388818360657144
-1.2378106006593736
-2.4275715027329463
2.1731952380500013
-1.8889023190873442
-2.3197079624441255
1.4393456137729936
-1.2854724536036273
-1.5475274297857722
1.86632446969599
-1.842304742262951
-0.8561347691112373
2.242389946325923
-1.2772439845970334
-0.680213930664948
3.035531295438696
-0.2592290422942062
-0.8358032119922645
2.9625314761706454
0.7751478314988755
-0.974768841573657
3.0539329469701784
0.27184711152787483
-1.5627397022122638
2.3600967000454003
-0.25302468495047453
-2.3541092742552014
2.0097419637365928
-0.39992535885715735
-1.4784278027031366
1.6992650825819788
-0.7079389799702512
-1.6539155988551622
2.54221630280408
-0.8378798950207096
-0.8129439680115678
2.0624218656505953
-1.251915959368517
-0.771420634154218
1.3813838041359296
-0.8028528039629449
0.21348044580274048
0.7695045595176776
-1.615786099548895
-0.45925681337512453
0.29641834020011354
-1.8707463241552438
0.17594890792682227
1.2837613331238984
-1.461037270291725
0.06839769788547703
2.1894808561348085
-0.40476393284838025
0.12582604874639847
2.587139427338414
0.3309595235318824
-0.44847813853788576
2.0881619886158544
0.1121656259529956
0.40749637014581874
1.8825452254385333
0.5375854751639035
1.3839835998848495
2.0392479361676212
0.09123845653103291
2.1237648299521523
1.536572003879847
0.9449963659227434
1.7256905749939895
1.2823131525503033
0.45334187641001644
2.51879928787111
0.6957994757477435
-0.36525960494075727
1.9140667118539327
0.7033384113898735
-0.4940677153905762
1.353938707002786
1.4506081479210107
-0.42930552984243847
1.1022985965510053
2.505693419197171
-1.3009913288872443
1.2263795440630092
2.001497048332905
-2.149786129956644
1.1089420657346183
1.4196285078474138
-2.1009920130923128
0.6827769028021269
0.4634804648468369
-1.3145139229401632
0.35869293140102754
-0.08527377520819622
-0.6959464332357495
1.2364802234215118
0.10478222017445027
-1.524493856511449
1.3137776681824658
-0.491941246286768
-1.9770456344508822
0.5902559188876515
-1.0082378929740201
-1.3400999931797217
-0.2070535042955141
-0.7774400158121777
-0.7466399071088894
-0.45789784009123197
0.022219471775257682
-0.7230880269295863
-1.0948861206161784
0.707579340257261
0.03714970409112914
-1.832752698982623
0.7748367363442739
0.167665252954024
-2.324442275731919
0.0022836233439335624
-0.8084223989458224
-2.0769825635998966
0.08109723204838502
-0.1607215047849143
-1.5178957311825507
-0.02340695775368583
-1.217721548416596
-1.3126808008231423
0.08549190301316305
-1.36259859753646
-1.5496085164316697
0.7270210702711719
-0.95382572307689
-2.3297148241578154
1.224378244567701
-0.45910193194496945
-3.043166094725106
0.45091094425890865
-0.2265455741791331
-3.093712700273416
-0.5685310745565404
-0.4721211835733227
-2.0971422604760788
-0.7411293246455299
0.3858801188095578
-1.4246597791965485
-1.1115955615866002
-0.38763201785599477
-1.0812456537132542
-1.7362853334621697
-0.9304664264745859
-1.0295337099635484
-2.5544722387812167
-0.23575285008867122
-0.6315981447042055
-3.04920839938874
0.5698294950622745
-1.322705150989283
-3.4190505075948283
0.9688651971385727
-2.0184916647333826
-2.740112881495997
0.8708485584785178
-2.6118525757066218
-1.9489768147969146
0.5635532104125219
-2.4926786092947046
-0.9461343167844245
-0.030490591704334446
-2.2537046777987935
-1.8628333292968642
0.20305908089539357
-1.4868642942108845
-2.3300531712011865
0.7716698665364494
-0.5878327177936727
-2.687414470860493
1.2782568240101797
0.2730281633860673
-2.825383099635878
0.6871523528007236
1.1338874922390043
-2.473725420813471
0.8591367431192891
2.022403887087097
-2.291711882378703
-0.19606283523525378
2.0154960965808755
-2.5512719603546965
0.11008275233017334
2.612765522424586
-1.7590944881942603
1.0218359070982364
2.5980784975142814
-1.2733707622292887
1.5369024978466257
1.7723739982768718
-1.5711127330840977
1.664622572896336
1.0846624048634992
-0.8728718991634565
0.9275782154647582
1.0345830636935027
-1.5132861896884204
-0.06229109476918464
0.6638823751612822
-1.921999375607292
0.1792723776788979
1.554381514003882
-1.7124193195757407
-0.5632050254829325
1.5798225529021603
-1.0206985104106654
-0.7094376308650554
1.2700439666900742
-2.1185539998776854
-1.5710647819361634
1.5193740966496967
-1.5286313629831252
-0.8586422008908949
2.35814406076939
-1.8485324656556477
-0.6178831218148525
3.218841736472677
-1.6194852889295985
-0.40541018474194035
2.5197702371438133
-0.9909116165845558
-0.10771878080620385
1.791677068585391
-0.2882955725322567
0.32344332121726393
1.029493459981917
-0.5340427118826435
0.44795809231841166
0.12451212352277428
-0.9604579414883592
0.8107262068502945
-0.8347246616673437
-0.816658351114109
1.32500947610922
0.17278640199495154
-0.49450599526662037
1.9997378234977525
-0.6510933880382912
-0.8905883167366115
1.729342780206315
0.20872514565625255
-1.53678063484848
0.8250086247712545
0.10051554421313956
-1.9564298366685158
0.15846977444696803
0.1638271405887099
-2.7955076853217293
-0.2624951443477475
1.0841336404418096
-2.874794779597968
-1.014783663586745
1.6547327449602263
-2.937444694795824
-1.2946821975123053
0.8022348144914249
-2.670501191869335
-1.5580377815441664
0.31724820245706226
-1.8293379481704795
-0.5774174230403284
-0.05664001378500764
-2.3419018353849737
-0.6746817396605783
0.14388724049417664
-3.281824106753217
-1.5393469682090675
-0.31400972287781076
-2.7559501310458687
-2.1504857102592663
-0.7815617155583305
-2.167560925693104
-1.297828635573797
-0.6496343826613137
-1.7551873113873109
-0.4599175869529184
-0.06183070235636051
-1.3517813874588132
-0.959475790475527
0.5960916163862797
-1.0760023106764711
-0.3239716649682421
0.20799776291038696
-0.3763783731630787
0.058915774967397465
-0.21853598742096914
0.5017869421269544
0.749365474161211
-0.18336984355823321
1.342805041764969
-0.33534968755447797
-0.28189846665169693
1.4771778422253963
0.38123429041809725
-1.0138200832467197
1.1754048623384958
0.5681849302198158
-0.6950347116827481
-0.058775617645696394
-0.027847526267191572
-0.6117938403801697
-0.8932334008051194
-0.9871790761915948
-1.270347826143801
-0.9576395474295663
-1.791756980378245
-1.446971096134655
-1.5122496843308928
-1.386763866917625
-2.1864579613787725
-0.9891789989013897
