-0.2855539195804308
-1.7763042504226083
0.8426567165490754
-0.8875117396887747
-1.303805863503453
0.24417667130005682
-0.5549866658575212
-0.35132310833065056
0.014763535909307136
-1.1819316373819997
-0.329820909543086
-0.7458493117136054
-0.6177421164997976
-0.940856717228597
-0.8322831641172178
-0.9905624706489027
-1.6904623825365777
-1.264896000704858
-1.6364424249240495
-1.1848015770387028
-0.5329153044350109
-2.418628793993826
-0.9371996804079588
0.001126891287410292
-3.0720470363800048
-0.31358348721409907
-0.4136936665970403
-2.471816349707962
-0.8787629965322005
-0.9186918361112895
-2.2191581290052147
-0.05625718994885332
-0.36394127373857565
-1.265152453089105
0.4360365580180644
0.17010273921777846
-0.35560997108320913
0.8358874716958206
0.38853111600965173
0.08275857623761168
1.382485491185395
-0.6443641763622165
-0.8756588014500145
1.1344057187918404
-0.41145422742141635
-1.1168613882468397
1.3741544533925556
0.37169640553366345
-1.4147780732931354
2.3444052253766716
0.4226637416302958
-0.6557560724318655
1.9988113780576904
-0.07989691977816665
-1.6219309986207755
1.9274868771257274
-0.6777700584252991
-1.7544361839911717
1.277479509535025
-1.4404001204755328
-1.2860067824915784
0.4974464932580747
-1.2092446358372893
-0.15679897999426112
0.9003500032677444
-1.3555605561736443
0.24134562006880242
1.66353301817992
-1.432285403409576
-0.627838737169402
1.7216445000780793
-1.1649499064552025
0.015730451217586844
2.3996639849196337
-0.7898150162825278
0.26776579065233164
2.037725201662488
0.041632750520698265
0.9186960133392568
1.7852358837230236
-0.7465155042491153
1.5127057063228606
1.0563791133280036
-1.2624274015197656
2.0688133660053487
0.546989930895242
-0.6021969468184075
1.723692865571243
-0.22170768598796206
0.2957041765454182
1.8656028461321144
-0.4977067503941266
-0.7623033578551435
2.63222575709587
-1.2097357353571567
-0.8816034462820925
2.4154427185586957
-1.9476244820317048
-0.14481016824624798
1.42738939460039
-2.084203829676031
0.017406877880319572
1.311309330676584
-1.0675749817740652
-0.05969444382583418
1.166270643579318
-0.9159088336513688
-1.179902569646926
1.5067824355929305
0.14786106102729682
-1.5786509268020779
0.676977848858954
0.5936391318035185
-1.1325005478235308
0.22376017681807203
0.27333414725145144
-0.359416297891718
0.37356368084838354
-0.49893904403720857
-0.480478257900877
-0.477050304786838
-0.18625446433954312
-0.8082100965760752
-0.511320149846151
-0.19202327238762396
-1.8658055083421907
0.4297671683027055
-0.42465811966304734
-1.2415066706308033
1.028901860277363
0.038704319513196354
-0.546902548467912
1.1284624914030479
0.8507763372453505
-0.3529268681533603
1.9364695627736286
1.4741675572866293
-0.3973250097818602
1.8242523416830456
0.833111512948051
0.28292166304307054
1.013712916261839
1.3590933098133922
0.49515547413886485
1.0097817209471736
1.5301147459135949
1.5068839697377312
0.8426739411690569
2.330979300638159
0.9531030437026844
1.4016689413838643
2.2291030222872776
0.1104335340180807
1.8301950963259705
1.7058048258988048
0.8710445832380413
1.8639846450297293
1.070593853864967
1.6524467645697918
2.500856631385233
0.22410318490271602
1.359684380432287
2.6761364115849022
-0.2276950770473433
0.5077155330681205
2.2381474398209322
-1.008896120015751
-0.05005759376483468
1.7670049487932793
-1.5948785406636903
-0.7325370831589033
0.9001939324241116
-2.133470792491814
-0.8705232000825349
0.3517650227638437
-1.3048397306533706
-1.0555700699139023
0.007989909647862269
-1.5592151614728196
-0.22989518510178927
0.14792723419955034
-0.6830168109732185
0.5685607465686506
0.7966218095804152
0.014803634198900718
0.3914592993215158
1.395236103696415
0.1750706266636062
1.0598054847520717
1.9893762591789301
-0.5393176359668891
1.1142599642268312
1.23497284787621
-1.284166715427843
1.4727809289624343
0.6648795305244078
-1.6522256921531928
0.5524694331992768
0.4129920710139569
-2.406478992777708
-0.05580796475074201
-0.13511633046796642
-2.253073942716213
-0.9148716119261147
0.19739520380236467
-1.9673864736943558
-1.9017764370457633
0.5474367008143052
-1.026905016400943
-2.272154973979741
1.2774175531443352
-0.3203908844416575
-2.328417466916643
1.0243396925015535
0.6602338708460149
-2.0884991588801114
0.344057186065666
-0.018267331650612686
-2.4005287158642625
-0.35886946645786466
-0.689733529862665
-2.6291574189281635
-1.244591312700647
-0.2841155703167145
-2.46570192611097
-1.724081342714304
0.4842964227064351
-2.06204552292521
-1.8825715720566143
-0.007518736933563979
-1.1784289102460521
-1.2090611658339403
-0.7001980248039614
-1.4482631439507272
-0.39681721433505246
-1.0305706430918056
-1.7149273658008526
-1.0880067995284737
-1.3236762413031513
-2.350190319227227
-2.093890116301708
-1.2118180927616207
-1.8919822505677926
-2.673528034224027
-0.3411640435692117
-1.9492599327121996
-2.568279318323339
0.6703760611899438
-1.5584233316786844
-2.814168111577834
0.6333042685729648
-0.5541940767407976
-2.255119897055123
0.7237105353517685
0.3578826651004648
-1.7746132865791155
0.9794749755660743
-0.5668475859659491
-2.485887393808224
1.6011727350873102
-0.8251927615877643
-2.108028448255392
1.7040047575859258
0.09361077102110425
-1.9399345717191563
1.8434183914065323
1.1220584357751706
-1.6826823196095935
0.8252864994726268
1.2205278326431652
-2.1677378420365803
-0.008729616997768962
0.9633716044664876
-1.5871759295237038
-0.6971997242104013
0.3451141363895535
-1.650896423432348
-0.8623130173647836
1.310279580202334
-1.106216307429864
0.03075056979549389
1.148438726765366
-0.6300910315933999
-0.876200224114462
1.0478362835459938
-0.21270372634026077
0.0739942338295715
0.8864819485230035
-0.6694843749760041
0.7788050921234186
1.1722486185462964
-0.15570616973113627
0.7126555861587525
1.8741557091812766
0.44457631380325147
-0.17685127728570002
2.3459840139920978
-0.47623930169478484
0.2833044179837243
2.7186740208949
-1.1539544762309868
0.4584493134526267
1.9622779678682574
-0.5100462885350672
-0.34208927932447186
1.7501143054505963
0.5790054054274747
0.1892243249606646
1.217909352308239
0.2804583899510071
1.031912980969486
1.0997496207786
-0.3424415321719677
1.8295118066951932
0.8053855985461258
-1.0770475038091205
1.6755804509731533
1.6248432526234262
0.01683244047777995
1.6589198287149947
1.8176297675570694
-0.6336364409985045
1.229934259269782
2.422016892372894
0.2915724402914683
0.9741645219803706
2.7093618775387465
1.090031668379707
0.7232209394478551
2.0409045739633287
1.3090165816286874
-0.40542912245671414
1.7484845179428337
1.0443695224245284
-0.5328687412522036
0.8729532538262056
0.31085580492480386
-1.1621029053630951
1.3851342017016044
0.7301776228909052
-1.9886009223036942
1.7825938679803923
1.3395771452319072
-2.27450634770817
1.0331617689222654
1.9759535678044813
-1.6060543383426271
0.6195422023901566
2.346064875049768
-2.2958582109351164
1.1927906861601223
1.723243793177867
-2.0107650940362847
1.9152595323397266
1.77753852032959
-1.0609319565536748
2.2328310588277183
0.789479741872275
-1.0680522864420523
2.2276470851705374
