0.9359041302332107
-0.29541541426047724
0.2940631209892584
0.8338026075036213
0.29318950963014845
-0.5206455142239045
-0.12347078711959884
0.615747505480706
-0.5536256740811759
0.36114054133813506
0.5187805117340449
0.322348298255793
-0.5919953288720233
0.28921171144355207
0.27443769231568316
-0.8183141733065603
-0.11964185448999246
-0.599376112146615
0.08182869020153917
-0.2895071402128829
-0.21316566452684718
0.04068049736569189
-0.31634630714465667
0.7710380013831261
-0.719576177344012
-0.6960185221804378
0.2249258520346784
