0.0013552272554744008
-3.4465811373611124
-1.6601491431787903
-0.5819243008313486
-3.23728349037403
-0.844474369234523
-0.8113908585719656
-2.830418257078053
-1.7932530893586422
0.03358621543621184
-2.638521969620784
-2.288570290254293
0.3174878417669147
-1.6532295494428462
-2.408510880503121
0.7482047885491659
-0.9485710539905403
-1.9368392345511993
0.006999232922974959
-0.7774993748126879
-2.6404890172804887
-1.0349905570558036
-0.6872847088065468
-2.6883045262138
-1.3552211467181638
-1.688412013756594
-2.750944996619423
-1.555378548932892
-2.1739058134426825
-1.8840003328786141
-1.3884120480273936
-2.3285643203691246
-0.874343990899318
-2.2506718070443332
-2.652132790293672
-1.2743006453603285
-2.0446500739959697
-1.6045689077182783
-1.1933555533911917
-1.4637391009290366
-0.943901794177969
-0.935544609814016
-1.3759640282034846
-1.2151389326565076
-1.801594745594815
-0.6235095629993339
-1.9177906825913513
-2.1101562011073534
-0.02879289315310298
-2.3806017419104846
-1.4235078251385282
0.24400844483507855
-1.6111224695124415
-0.8012359964159328
-0.583808630208787
-2.366668588482576
-0.3437407633195927
-1.407913468541241
-2.3108149664934405
0.09883913296280825
-1.3178675017367614
-1.3808122188235163
0.514258529723722
-1.600358900612816
-0.3087989213491996
0.9484277311895938
-2.429361354361123
0.09514993854175505
1.6084718188264482
-2.1993530958124343
0.5793959212605523
2.677086711348928
-1.914742591798464
1.4811098591543619
2.6670464993759615
-1.546400028259018
2.0504720529028018
1.8552224348753945
-1.6717134962708393
1.6926770992510967
0.9027217470183383
-2.5435372972165737
1.7680670610147131
1.444404019916307
-2.99229559281291
0.8886192951202945
1.4948945366112163
-2.86866065853979
1.210713114549919
2.4027295254998675
-3.1921168119921353
0.23781888422236402
2.505777721445318
-2.4071775199747982
-0.5209686032735897
2.6120879776976214
-3.1297274813917513
-0.6059112373759219
1.838665248137517
-3.465904095118736
0.021931175676984403
1.120095697882126
-3.4544546962556555
0.8163128752889524
0.5141701119056856
-2.5434728008211107
1.1165000595676742
0.574260024490771
-2.4242140787920166
1.1894340569365787
-0.3681037599222795
-1.6703522994173756
0.6508199506764774
-0.9373879380314301
-1.0008931688676792
0.5709711518468941
-1.4097343792589798
-0.6423425999828114
-0.34851194144970177
-1.3827414863405754
-1.6688254176307162
-0.0983354932817997
-1.5169017646764373
-1.2282517901405696
0.1466125283986691
-0.5355638167522765
-1.8338991611553979
0.5964859897758439
0.00680110910383919
-1.2029390600061216
1.2661887769630324
-0.5175869440444484
-0.14837958166227894
1.1214429864825146
-1.2218518149904374
-1.005741236923808
1.4841654080302955
-1.6385992030903431
-0.9577702088719525
1.3916879254895766
-2.6568898025187417
-1.539991298377875
0.6456831655138473
-2.0688614609352793
-1.8498077691009918
-0.024245162089611822
-2.6400786446705493
-2.4901722092832688
-0.13220839494515993
-1.8794420822400661
-2.669259286251918
0.36783732579173456
-0.9363200406743099
-2.716245426610882
0.3922531520320419
0.018963527580974786
-1.9111825656113497
-0.30984579844192367
-0.05333254834360089
-2.7577802219269882
-0.9009803021141498
0.024249876738223868
-3.616653812819376
-1.3201445927700373
-0.03224389457027798
-3.0005856737714605
-1.3788089611965688
-0.828484133820503
-3.3074672057536376
-0.6402652140697815
-1.4769480530597465
-3.329513506238229
0.42117782987368313
-1.6772050891153893
-3.578408290154338
0.7117054151919697
-0.7640674680517697
-3.3648387554250196
-0.23357365381076203
-0.5948428695843324
-2.35677799220022
-0.5885679499820636
-0.8685847407628688
-1.9244542146701067
-1.2661702166259636
-0.23915860798286556
-0.9181637272534909
-1.6069757027334854
-0.17469240506441286
-0.8275768559755448
-1.5895104782436158
-1.1720937706790795
-0.0685841163606827
-1.0331599910212839
-1.7568532128544054
0.1101440121375931
-0.2156813190014213
-1.8843410068803677
-0.7035101511255494
0.5260207058798796
-2.4008503258268563
-0.04590625038360033
0.2016450950926771
-3.157661349753341
0.8123912356455784
0.6876429635665385
-3.253852984006802
0.7501505771187935
1.5466683600850586
-2.7566406989290035
-0.20491239809323727
1.404467435864627
-2.069641170018527
0.45939007469490734
2.1929384210937632
-1.8967333963205246
0.961994724848557
2.5132764100573968
-2.696443140880852
-0.1001724734123148
2.269290993745165
-2.8437388641374235
-0.22009396892435412
1.1196198279368301
-3.1608380865852874
-0.9655918251526262
0.6385444723201203
-3.2919922320122286
-1.8662859017117999
0.9590338968545666
-2.9819823346667875
-1.9130863362723824
1.7081547177890855
-2.168575767873675
-2.5366324446875788
1.0620380651952
-1.6885097981577168
-1.8282181903051282
1.7326352494273678
-1.1359380396096448
-1.3747630736418361
2.3019507289096497
-0.5374915396788151
-0.9314085651456577
1.8994102075849906
0.29261535665510946
-0.1487962866268547
1.5672810638300396
0.7414677584821183
0.04624688680797802
2.4826599568263417
1.129783147339506
0.19247151552615802
2.4130289495274537
0.09811716588190783
0.5461261112760191
2.015656791514711
-0.7914191816949246
-0.359035196601489
2.0791097697541066
-0.6300821884439519
-0.12143381423995211
1.103623594066171
-0.1630249937030583
-0.6445680291291547
0.35412915090233893
-0.14149182213088568
-0.6420702380770154
-0.4936285797869584
0.6302151452489738
-0.1727721204070087
0.5686095907963236
0.5580462594150927
-0.9224960923448964
1.001428929163868
0.7607626526831501
-0.9213421317726068
0.2590308547645866
1.4412369460095487
-1.4960507074278357
-0.19849901771096093
1.9879513965446536
-2.2133109304026255
-0.8267936631078542
1.835202820597592
-1.3392345403129715
-1.5374855618872856
1.549383915508192
-0.5161094844084236
-1.3353851397986285
1.1450231300960683
0.23161268446021302
-0.8091525002892002
0.9651621671173685
0.07683341033479257
-0.15062114350983632
0.06756864517303601
-0.568260801188747
-0.52937567522443
-0.28304137736802515
-0.07667756121161295
-1.220513474785789
-0.09329380788088222
0.5895112636019647
-1.9871735675908324
-0.05234210022557199
0.2807458042503989
-2.8926766976811757
0.37121880813953445
-0.713071527722549
-3.0444178408260965
0.20130967922741957
-0.9890678316487994
-2.3472689282847568
1.042765537627045
-0.637968209124024
-1.9631006505462847
1.8872168244582803
0.21573513027655783
-1.1846494121650388
1.791900141030464
0.8851543496306415
-0.4265388498461646
2.145718622139385
1.5836630489647716
0.20985768335526278
1.965771628552836
1.5441211780730044
0.477836445691008
1.1625988145338535
1.4849994791908003
-0.23594148835786682
0.3649180788334498
1.6207862149009313
-1.1439622038696575
0.9745927633055304
2.0221209539228244
-0.4999606708153708
1.661333449812845
2.6367684014155053
0.19309128334287512
1.2253146635632983
2.7644134638067155
-0.2065873597719459
2.1715736401848265
2.5195887715307683
0.7533319998267753
2.1272168590195175
2.195352054484977
0.23489637725764376
2.91099287778583
1.164564819248563
0.4599107324781861
2.9150403291458247
1.4540240791838257
-0.5255859846306409
2.888003720579212
0.5147642515752571
-0.22768979827340058
3.2119354323692706
0.2308082156882945
0.534887258355875
2.400851810452614
0.8775276287923498
1.266516063291357
2.544846620257358
1.7261693684251702
1.1102402566422644
1.9031129314036925
1.6586627244756216
1.8431547063104619
2.621850718256664
1.1081605599259805
2.622650743097669
2.4696945589259545
0.24465082305876618
2.0205887127350737
2.5103465050126994
-0.4611489091596812
2.0201334181926485
1.8401152697578067
-0.4199551975680918
1.2306649968729355
2.4565446208240096
-1.0312657940781693
1.1368932501694313
1.6090144796376442
-1.8229722871021483
0.5325269604731447
1.1271205834159856
-2.16189841795496
0.9669182089596243
1.8335080854941637
-1.2843380106402722
0.6298176676348952
2.5220703728377543
-0.5377390683443622
0.21798822836393206
2.986349586128067
-0.4128673524810144
-0.7181960709488352
3.3780855676709254
-0.24837738819495414
-1.4761740156289758
2.802950241035446
0.4032859086453014
-2.181369693313921
2.2317084862527796
-0.0022616849083143976
-2.3882577032529797
1.3239223488165797
-0.17364801432287166
-2.0530865681850288
0.344796806420013
0.6754784522359615
-1.7997499447537662
0.9136081050144136
1.0242143570136806
-1.221056954654951
0.2557582117323259
1.5598845197430646
-1.9322797521730464
0.4714114284020541
1.3662470237892816
-2.700722383926473
-0.3017865602280819
0.4042798433699153
-2.8754135162772285
-0.6528198906043661
-0.00574466149034994
-3.8151714319949885
-0.3864421789985137
-1.0390181984937688
-3.843039326853115
-0.2694908532696019
-1.8024743681589013
-3.1502645526056345
-0.4914745280013983
-2.2856918020075816
-2.251561587703803
-0.36689078532858277
-2.846324600926322
-1.7710215032937673
0.4020725463770257
-3.26543040133905
-0.969449026823117
0.8318089440541642
-2.5708134897581467
-0.22906935917703602
0.8691584472133057
-2.389680512885974
-1.1614038935880269
0.8928496960448754
-2.029629695757385
-2.0387355854861404
0.966896868391762
-2.1950858976582914
-1.8332607067471354
2.0027976846351936
-1.5491140597392785
-1.083738723118034
2.4240759235971354
-0.817970066818884
-0.7285346248876421
1.7490553041031347
-0.20472225212889772
-0.566605590809686
2.443844294094774
0.6919563246177644
-1.1685970186804584
2.7724350440870733
1.1685640131624653
-1.2085087603973181
1.9269069573450228
0.9304003683071607
-0.16006502084281837
1.3782580532705753
0.7635105329755629
0.5454264262701047
1.561855019235064
0.38090923026622686
1.7052424042668273
1.5814942729112598
-0.10900473309678424
0.9844727761132309
1.5899684376625363
-0.041188489920789925
-0.028838769550447868
1.372043281920179
0.6969971840752647
0.43848149432870914
0.6899397499660272
1.390163618121366
0.3668395875489425
-0.19148115589854253
2.0052899322569098
-0.2765272866816151
-0.3931541575027614
1.4949274529526506
-0.0053593428887082845
-1.1385864416938285
0.5974457253353743
0.3748200985238644
-1.2094256712940599
-0.1896508178673964
0.2149046681223437
-0.761728249070079
0.14614293046078125
-0.6441507703151471
-0.8440584879046056
1.0138453553924875
-0.5231551699774887
-0.3275650490833251
1.208912921434812
-1.4217737113918807
-0.6570182764956116
0.69809832926231
-1.756122924192991
-1.5515072827151384
1.605621281540587
-2.16872945406722
-1.3399130580348726
2.0323931637349637
-1.9538346741886032
-0.46838396741497745
1.8887282786625241
-1.1361545514162854
0.01740761584937267
2.4650962328450303
-0.5515306303474757
0.6795463218169728
2.2027282555884344
0.24301006096562916
0.34654678369220543
1.6205548694018428
1.1839250497259355
0.21640873841947303
2.6107792989296605
1.4368626578745356
0.23125165162934558
2.9985763561964056
2.1021432629453742
0.5692803823643764
2.2745206089724648
2.458462120392057
1.3700618874882649
2.4787843572419717
1.7448472104521835
1.9830776116057451
2.9127183778878525
2.2412493652416483
2.7749748807044687
2.1640459093870135
2.6684812322307696
2.2707137402285373
3.0915882905347116
2.466183899483443
1.8265601103060007
3.080247927601786
3.0903306897769958
1.0426300718665733
2.4989848494688305
3.035647270146671
0.11276011222425858
1.8530431845976265
2.124261401225476
0.2915356218990351
2.133273808568041
1.5066560496141217
1.1089581307735787
1.2613968242941132
1.348115910202391
0.9407091753948224
1.4134302364061486
2.160922535551674
1.6520625655046497
1.012393577102248
2.2829246567006063
0.7748593419724378
0.7622641138389186
1.5093298926214298
0.15298934479379458
0.6959075730000122
1.1315590518910144
-0.6728107523263355
1.430038357622566
1.749415312932397
-0.39821725169659766
2.458423969837272
1.572468365508843
-0.6227819701478613
2.6705900495440935
1.3391496618989442
-1.5369688513986461
3.1277082734750596
0.5045733329576747
-2.001727787806374
2.2312446451862367
0.4101605822668923
-2.6210598773821974
1.7020890859501372
-0.19691531518588323
-2.0976402529243114
2.0836228322228108
0.4461127526317584
-1.5691016485251943
2.9282186941103734
0.1682221807317205
-1.0233208412601982
3.7716319315712457
0.14324998593379037
-0.44428042498126813
3.233887215353364
0.4260010151320737
0.372198256640717
2.9727371238179887
-0.3734952301238995
-0.10290480923352915
3.3523565407142897
-0.32040237980320097
0.8462242563128355
3.5198875957283478
0.5806427212201106
1.2785299860935613
3.1458585121026506
1.5656194638867655
1.311131544966355
3.5962965158343665
1.4171171818953354
0.4022264879998315
3.1609811050197383
1.034295010850397
-0.5535929040226732
2.1582821422510863
0.7233247223663913
-0.6739463044428601
1.7271175834369779
1.2546634614573722
-1.3235075357634265
1.2875240247321194
2.368199513519069
-1.3820081036216374
1.9921689152724407
2.6703973679921735
-0.5943545760682849
2.3332516036626636
2.220762197357011
-1.5995359827662003
1.9346676504895164
2.615095449718339
-2.3814471471648817
2.4014293905349
1.7220225867494823
-2.4232411785347168
1.4911970515775868
1.7943724529144074
-2.253906017735628
1.7039251318383433
1.1790470214598021
-2.9628636441830913
1.3648949323553448
0.6843489858479385
-2.164362910680789
0.6439620955493061
1.2372582830014816
-1.600049829681756
0.45955544667713943
0.7831495870950151
-2.4176648058809747
0.7303269648122435
-0.15106516739710632
-2.784441347996731
1.063279133844147
-1.2422298646223804
-2.88020121249784
1.201148251255454
-2.1193043972727827
-2.3404942000329365
0.7555015544270072
-2.8428713180318916
-1.6034582951497276
0.7605548205123513
-3.6748616837862698
-1.0763074421488454
0.9321596251781905
-3.543650283095963
-0.0871679931143003
