2.6086571178033897
0.8077370897389479
0.03916779455790581
1.7166027314697359
1.2844287732192163
-0.005905806725046089
2.458965540601688
1.6651229012948447
0.6503692038161597
2.6169225024963905
2.5041115588750564
0.98428721316511
2.8261609855676975
2.630499226235012
1.9575182776127347
1.908020526749862
2.890843292188299
1.6009224297913829
1.9207804425298576
2.169583949006214
2.3306148353509193
1.1062650691248463
1.6794245350510746
2.5491303029095405
1.9718912955390129
1.309297170491637
2.731559059276901
1.9104410393927096
0.4668002161355562
1.8425968618610904
1.6104448849071804
-0.41529320944771025
2.5508701601428934
2.686661975103219
-0.27683143888696526
2.1508091549043207
2.939209935017184
-1.0637487492519013
1.662731487321623
2.5715046333254437
-1.585047096449409
0.864775331628252
1.8521793054472966
-2.05978565122512
1.413497456354554
1.1160424497175307
-1.3402812703020934
1.3047502843944925
0.5898024574245943
-0.8008136389181147
0.969119148511694
1.0278471308097905
-0.5044307741793345
1.8157820054807745
2.0065101175987268
-0.8824678699893337
1.882722496530664
2.3500860685529217
-0.9487393135550984
2.787485842627887
3.3208033971695623
-0.8893062725296788
2.572708098166579
3.9910132715354623
-0.3660138016520495
2.0601874556430975
3.2839879919362622
0.22719431908688462
1.5328339905421597
2.581030480358373
-0.29094197397117877
1.2083387162060035
2.549360437018488
0.7060615852954819
1.3123294534831673
3.391171970099227
1.2006804148578447
1.4315756010138612
2.6554817644842954
1.6671676131533404
1.6379632182646358
2.779248403680043
0.8663680715934539
2.0160549733608546
3.4410334994168434
0.30298823691421445
2.5465787754363887
3.016990889270631
1.0719442509275028
3.144007633721731
2.309250162177468
0.45035427903559694
2.918868727676289
1.141296331397437
0.7523213382437364
2.6080232737907116
1.586897847987713
1.2758458198615599
1.9472872551064133
1.07730740586483
2.2778439266651516
1.8837441086601374
0.9512046196354761
2.859905500207634
0.8479216575689823
0.2998935683749307
3.389814497193924
0.24108816693926263
-0.37998658876864105
2.6573941989020726
0.03812630742213172
-0.13275707872052805
1.9376854431367159
0.7157989780074229
0.3796621399625675
0.9400666609692316
0.9458626279656803
1.0853867700690238
0.2222460480143105
0.9176568754673736
1.6239348208814925
-0.685618192577027
0.958769691361148
1.6075409017078708
-1.610665670974703
0.5615012375425016
0.9811899760733368
-2.381850301452483
1.0161308864484255
0.3624231953837012
-3.2129684480036396
1.0139157536102363
1.1224191404997113
-3.0440702035255645
1.721043871272619
0.8475468278876845
-2.8490782854089827
2.701531637062361
0.3867611520813633
-2.222034535353105
3.4056807863973124
-0.1482341558295481
-1.314593784575292
3.496558860470062
0.061093674278183525
-0.6819842742467689
2.7200990935645386
0.25104188025815366
-1.0274815870570928
1.734348483967366
-0.1300121037302297
-1.9916864223115778
1.6615767703169677
-0.09078813686792996
-2.385842896799734
0.8216923883095651
-0.8837098874192555
-2.2950540582260333
1.2752987191337293
-0.8071557941478622
-1.6627180746846817
2.1140605163546775
-0.8586985231016862
-0.9416961010992553
2.9154683100165775
-1.7493508428557363
-0.42836190496369514
3.167410585976421
-2.4234881453148143
0.36188175678089085
3.180163351864551
-1.7197062883177088
0.978807359412465
3.304831875576759
-1.5947037072377734
1.9175837520588455
3.032623050037683
-0.5963899472112751
1.8878966405773987
3.3827233373681675
0.06663408477817023
1.5544105936263635
2.5955708305139082
-0.605619388416842
1.2893246743374802
1.761506288716831
-0.9345509122837619
1.328746100891078
0.9126708778309025
-0.739251927479
2.1672290750138132
1.4120226589997975
0.05889372805431519
1.9038483492436227
1.6768543607486037
0.7787843425915822
1.1628572644018473
1.839564633308846
1.2609033414724764
1.0557439346997433
0.8748160326984985
1.7104890866861981
2.076418693396366
1.1474549458381587
0.8602968362293235
1.9063585187500465
0.8084162363484773
0.39792543485669146
2.281163993436587
0.19217919728445504
-0.09139866091236587
2.763259012392804
0.9986264946744287
-0.24444876146998037
2.801829289726656
1.9611045675883274
-0.7821693661134086
2.146917189297109
2.3726347833664616
-0.9674670676783237
1.1194764678532774
2.766056873771957
-1.5976725671353005
0.49974914477791493
2.443101872341768
-0.6077188097755086
0.020654274992620056
2.401991307538647
0.07459119903628182
-0.0338369062068965
1.6763471710221731
-0.23541555928564448
-0.4551646691832854
0.8776969204898796
-0.9524143571129479
-1.0343831731590492
0.28433628270990463
-0.2680514613657142
-1.8023777229538418
-0.21043529400193497
0.9280151910532456
-1.6155701526373527
-0.515030547661747
0.6611608866690082
-1.603897032273099
0.5333013986605747
-0.21856484274005802
-1.4535927546216976
1.0364898733415457
-0.5408341681077915
-0.6126063499648567
1.7641448518387268
-1.44146027308389
-0.6157999529086944
2.1150940217406964
-2.1370075623033733
-0.7216268128332031
1.60012453759534
-3.031564556309266
-1.0889680864712872
1.1032204172043398
-3.4147080920889614
-0.41253400525613604
0.4559205330053419
-2.9815292990739932
0.027693037815318358
1.2580412113934007
-2.135640811522468
0.07595811976086148
1.5074905183512315
-1.385632272668217
0.5197457633657225
0.5066457652703628
-1.1106860431350787
-0.5876914186412119
0.9736840785006033
-1.4772235823936997
-1.2349758394230699
1.5644717161862822
-1.5672965254852012
-2.057699635406921
2.3067741935777653
-0.706506447918079
-2.409513278568794
2.29432972620106
-0.598074309638957
-3.4936195769006013
1.895955968316171
0.22924944138609793
-2.9279899920032935
1.9535556395161113
0.9069961008749567
-2.1537032131778893
2.05531710474359
0.9875969067188874
-1.1623728614351267
2.5491860119381577
-0.030573802422060422
-1.7374871432665882
2.64185807331511
-0.8761047620997479
-1.8823004409807995
3.018430915444514
-1.7122052196713717
-1.4072101404585622
3.1020536628726583
-2.1934133628044212
-1.2390909361036035
2.247899980601139
-2.3162868043798275
-1.7171677977723383
1.34747512227719
-2.155180723665165
-2.188820176250602
0.2968690659529873
-2.2973707647653603
-3.0577990439532403
0.12793112444307173
-1.59755574244904
-2.689240786850408
-0.4152395274540624
-1.4699459002435118
-2.751654717738987
0.5830670537505916
-0.6675275904874778
-3.060527667393876
0.9355035803053231
-0.35689722602602003
-3.9833969824123368
0.986568836921865
-1.0572843009825055
-3.6180720063148595
0.24977143576056188
-0.6356646343818797
-2.716093780298051
0.10552336453572791
-0.09632925135673448
-3.5562750385412607
0.12670191113057735
-0.3998669621585612
-3.6122796483739954
-0.8547361715374212
-0.2600255946456092
-3.1555391903002303
-1.739134064937899
-0.28940908869063847
-2.159000733911781
-1.954657245013121
0.6463637214416473
-1.5671422793270926
-2.101316619539217
0.16348602725228994
-0.714618829784922
-1.9459428936699872
-0.12286706866431656
0.259638586128891
-2.110847581284739
-1.0060885709327914
0.274561107753102
-1.6897762347266478
-0.7084440375321038
-0.5295682139504716
-2.249646602250279
-0.3423422616164533
-1.3968614557087504
-2.4460202097504293
0.34191906220753693
-2.213553005027127
-2.7315951486564938
0.26318608511035096
-1.3802034321605257
-3.4154228363813384
-0.4694251362344517
-0.8567129216214572
-3.854350208066063
0.4355819969833792
-0.6149323599889195
-3.974847851644618
1.3346573444074332
-1.161130783581261
-3.9600249623932116
1.8568243488266283
-0.9249290173820867
-3.1289794031421647
1.8172090653502093
-0.4991756028464322
-2.142799786127777
1.9055522857901597
-0.3554182129082713
-1.1983343410736353
2.6031238581866756
-0.8377152639991133
-0.7870488998337183
2.7544656874298097
-0.4089004376167687
-1.3372422768172383
2.170996276649469
-1.2239597444188295
-1.4413574631183454
1.2963871264545066
-1.6422897261992453
-1.3051574703163227
1.8276559345826255
-1.6847570075820328
-2.3389003188205684
2.6648077190975927
-1.066184171893319
-2.402414340203713
2.571896530386466
-0.038161703452969056
-2.4730346648182424
2.3980875924632463
0.6118253043941417
-1.6642151640917695
2.4835679997896793
1.5146104085079648
-1.9056220138076367
1.8912418394830275
0.9913253135305183
-2.51477639142956
1.6591025935839192
0.04266324198260401
-2.9104550029627805
1.0435515057933706
-0.6726464582756015
-3.3365625485371186
1.2315996083296983
-1.6099053806201238
-3.089959240947251
1.3268743711593056
-2.481190192630031
-2.5269623121899185
1.8409124379121176
-2.386754635042442
-1.6395380667607353
2.5992567766174495
-1.9479152274491967
-1.0809419888944323
2.9527828683440234
-1.746078788806976
-0.0934186708924437
2.3114364437501282
-2.388286856051595
0.20645566473470875
1.2993404093613532
-2.456066843837785
-0.031978271797353165
1.090817820749965
-2.4265446355851013
-0.8955632376230246
0.19743401976772076
-2.1690965278397654
-1.0313913245727315
-0.5982872758144087
-2.6587688298164607
-0.9852174199644568
0.21260731440388894
-2.7127837749108985
-0.28052240108789
0.46781726548914343
-3.2781685163766894
-1.088555144964357
0.7554048802731183
-2.5112830645432602
-1.7947907924306594
1.0220122717283864
-3.3840185924086446
-2.171863630225789
1.5199818492770154
-3.3445348351360704
-1.3148974619835105
2.0359870441166343
-2.7060641628364603
-0.6178324092749761
2.9989659309465315
-2.6554887355031465
-0.4343515565224881
2.7360708691731523
-2.8425493542042584
-1.4324549071275607
2.677051414233
-2.0438400634883442
-2.0161269717314543
3.1613946251823535
-1.3250233886803828
-1.6043545779727386
3.458982888572228
-0.555663662668946
-2.229257792067716
3.3140126278966306
0.48458879324235454
-1.9030424164633357
3.106869036098716
1.065227152323421
-1.1608295023991422
3.4025020572360667
0.49701459828699257
-0.3873147190817886
3.2115227330569454
0.1242016387421745
0.5446238968279439
3.507439860976843
1.0630346340211534
0.3990111321038246
3.0398707398319598
1.6326938673851887
-0.22360520574794732
2.691769645106418
2.206665369829191
-1.0028606586575894
1.9967189947606478
2.855474931052607
-0.8495780215048754
1.1452335285266553
2.970835691014984
-1.4312424793769343
1.8302805889232405
2.217987283925233
-1.555251926984602
2.085335801230251
1.277107483253723
-0.8805823476771893
2.507727403608602
0.3708722075122414
-0.7682346046000637
1.5400332602533093
0.6092594596538964
-0.9177773204474782
1.409090200190535
1.3391517417849996
-1.5057019798068656
1.4568755411846355
1.924761130570163
-0.8143530968169144
1.1202273101957654
2.897534118684603
-0.41269748124187244
0.12665695678444774
3.081225627327579
-0.6205136061189611
-0.5536732922170123
2.4273557387531546
-0.9935461015239372
-0.5525014277734566
1.5893181093455728
-1.3886342959228268
-0.35903826004150785
2.2506554104933896
-2.3603129565501595
0.40373867320797274
1.866941272930572
-2.8344623508840967
0.9370654551469655
2.1588377195940085
-1.993761096211563
0.15697813005997197
2.700985377679022
-1.706381752266901
0.4887650061921262
2.1536440612428343
-0.9960593504354777
0.3617954902315992
1.4538171938302193
-1.474139136278552
0.8205098059281846
1.3462191039739542
-0.7778290343326862
1.2360944160786553
0.4399499969118477
0.029695609680798103
0.7689214024001604
-0.40940469611968416
-0.6506229449528017
-0.10103973963309353
-0.23577627699140502
-1.2110715660456803
-0.4889325838727131
-1.3295861160402271
-1.6324912595375816
-1.097053035549447
-1.8733808048445881
-2.077413268053118
-1.9150050974897277
-2.262254491854968
-2.364899141714329
-1.1958419558889049
-2.79500592556249
-1.983709204083848
-1.8485562217589127
-2.412010959973765
-1.384127745975613
-2.020593922774065
-1.3461091330502033
-1.4974671183801513
-1.1943472163801048
-1.6734464687297979
-1.0442077919042319
-0.6087097993231969
-0.924818636955844
-0.5458223344401956
0.1710824624013951
-0.8639649538195178
-0.09525802718503291
0.31720972926048235
-1.0024874826052834
-1.0456894305172284
1.0105760792723946
-0.6961084719746923
-1.518009555707565
1.453807749588223
-0.904137474449966
-0.6893888758680548
1.795910857895125
-1.784296485748823
-0.4412331060191701
2.038953965967405
-0.9121044695125538
0.24538994375362239
1.9127852926627193
0.01780437724262474
0.3348511643091373
1.3227518569135677
-0.4633645656075466
0.0595631821865623
0.33291803091642347
0.21010956710811118
0.3409340705664892
-0.5824557111299569
0.12125507575999835
-0.12040070783024791
-1.6091911606192815
-0.3273832146626541
0.1603603337185958
-2.5724563928088275
-0.2805460588370637
-0.26740322906197234
-3.297215641412315
0.4039106815477781
-0.04791230619598574
-3.371892979120874
1.0430048986430718
0.6845991135201508
-3.8948170449596744
0.2596060511328466
1.0040168145917594
-3.8170833943151194
-0.03013504444230383
1.9639030997038118
-3.0855882693442505
-0.7825678096853848
2.1082629547638465
-2.4169025009463483
-0.2590538515309802
2.3070583370459876
-3.081662052292701
0.4862623306173383
2.357238579833429
-3.6259185100727866
0.9798620389232944
1.6593503037335815
-3.0875759274947376
1.9097828754907742
1.5537795427591359
-2.4320506616264943
2.091759010307051
2.388513129508065
-2.7985991008956512
2.796512104808687
1.8399499197238551
-2.154595794563557
2.1487283776628066
1.509420601429238
-1.6305937426432557
1.5704559769080053
2.0412107547026
-2.3073537372798856
1.071997500947617
2.5401999981393084
-2.585985062165328
0.8950095153220761
1.5520610343210788
-2.4464649124251836
1.5884454328633004
0.675888966377396
-2.4017548905046864
0.5901609135287909
0.6558181538647476
-2.320534442804338
-0.329146842674854
0.605954802678676
-1.697200002551648
-1.1263234289993727
0.6460373131290394
-1.1775757529930932
-1.6859902135480875
-0.07646519554286303
-2.1286432402861277
-1.742591563419134
-0.6660833699554418
-2.784227114054948
-1.9065167197390593
-1.39923478344472
-2.587651428867882
-1.4988197732094117
-2.355946255772017
-1.931596108998427
-1.5428636771108595
-3.1428772321107314
-0.8962946486064606
-1.0049657496908537
-3.0947190799597073
-0.14295380408120895
-0.5845913523773981
-3.0426699351024173
0.7257779913828274
0.058869130025453936
-2.5484244705716588
1.3394036622057937
0.322130586320842
-1.9661167764217016
0.7961795357114189
0.9374086700728019
-2.3529902579286475
0.5570055593463212
0.4996220684285566
-1.4541483030421032
0.1580588467469712
0.4466174853805521
-0.5849090932501536
-0.4031735185125158
0.8463480960621186
-1.0620512233847244
-0.1130124474497752
1.6692907275546647
-0.6064093537705284
-0.9565635992050314
1.7369898734404126
-0.0720047415542466
-1.415866015105351
1.6850503558561811
-0.9826610620959777
-1.7136084107485496
0.5464542424019972
-1.1792327616288174
-1.1436379386220612
-0.03633160839025612
-0.7559656506903429
-1.0015767761048606
0.7208782576714219
-0.25303325881843697
-1.611348103961371
1.2981783016072745
0.28266948133947484
-1.9414968230931013
0.3482695130693978
-0.28978198601482225
-2.1733175743054063
-0.2461551005355357
-1.0758792579917942
-1.6130428510043728
-1.032033695837121
-0.42692665262325186
-1.2787044584488965
-0.866261178566563
-1.53340671117144
-1.646964844117562
-0.9413701273781733
-2.26582573678929
-1.7616781450740227
-0.4275947354374345
-3.1184609141457975
-0.9047682067854412
-0.13525969418249945
-3.4540547940248847
-1.8243048667665858
0.5451609992600259
-3.053289733128204
-1.3177939576246418
1.4489026961483515
-2.82366976135292
-0.3788948639210652
0.9924481440804696
-3.269831703334194
-0.2771688687990273
1.1906030521639765
-2.338763363155281
-0.9038283175370178
0.5738534856642454
-2.4146544968915427
-1.7650803476263122
-0.019975651673228755
-2.187004364912488
-2.4892502913679726
-0.6798409774484099
-1.997787865365002
-3.4554196984980843
-1.2174217874064244
-1.5026103856738011
-3.5819698867942837
-0.7471102653738252
-0.5127972142542394
-3.3226777944741817
-1.6530820605648135
-0.6017835693990221
-2.701270767103718
-1.1902273254072964
-0.009498263385924294
-2.6271205488285116
-1.072881725435214
-0.9053916087299293
-3.262313233418441
-0.16507493633391093
-1.259188893854203
-2.7143756690625254
0.5092803405188577
-0.9199116502483429
-2.812602736804765
1.2208415679834503
-0.18196566102026326
-2.9036518725917446
2.054871315902246
-0.6282390177591034
-2.3616083770087064
1.4069055857317603
-1.1802041802643646
-2.183309355685784
2.4049621665697343
-1.4050484183782128
-2.070074099990972
1.7806127557693316
-2.1717190835152693
-1.4231874394096116
1.1534379318137633
-1.9081059818687098
-1.3632826283622996
2.321474432213445
-1.7775645007055343
-1.6071895711198734
3.1797182350374618
-1.573386595817953
-1.5986423526435902
3.6504924454690832
-0.6792538713675482
-1.7686804463139727
3.51557957738779
0.3522883726864311
-1.4900002375055994
3.014542964352115
1.1579255437798623
-2.3280724419602086
2.64039286519227
0.5166823385792375
-2.1090943740426282
1.9238334851038206
-0.1694643792823434
-1.4207012851690353
2.738797475485511
-0.8815691916100652
-0.7730583229832173
3.4122688335029765
-1.1279659658099943
0.3021230590493789
3.682343297724296
-1.462538338975974
0.5664821924919513
3.9733935615629896
-0.5286748574452235
-0.40242324423549947
3.85964188531126
-0.2859138521144476
-0.8440485812447449
3.420800383189293
0.5373422376745742
-1.336012762746805
2.6811831858302804
0.28872373284086994
-1.5161950809006257
1.9193331899429766
0.6932479517873721
-1.790942508878446
1.1770438384952215
1.1954712464628239
-1.0052788049016477
0.5570071433598328
1.5302798298567792
-0.47210082137849685
0.3420441339950724
0.9059288869621358
-0.26865330161551704
0.8702468451755945
0.22739626906039334
0.6782644845488951
1.5225419240197766
0.271264489102884
1.4216688375319333
2.1763709032297114
0.35870409977869716
2.411883804296108
2.3785025722169513
-0.027896283884158143
1.8737365722954733
3.0404201444645484
0.5902487949716617
1.2176347061436041
3.666650747324701
0.17384886552506526
