-2.337292077136233
-0.7808592291902574
1.0945117895995873
-1.5819864647667297
-0.738765572766874
1.580313031103616
-0.6284782018222027
-1.2003302983763087
1.7293939138751622
0.22761833855577604
-0.7060501725437192
1.731736818407183
0.2267566070930215
0.021345299701824243
2.2933156287571936
-0.5505686539299011
-0.2048149166735601
1.8376419744400474
-0.867537066790701
-0.3624372213886704
1.0992147363302593
-0.03108424543231391
0.13486079814280164
1.3596013751910185
-0.5629712825629138
0.6964097403697244
2.025373634773154
-0.5657652551557529
0.14567974973915196
2.881072104194439
-1.4404959406574982
-0.24732206714764005
2.5929458777932903
-1.5430050248713956
0.35761638444923916
1.8440677496416895
-1.6387647981008338
0.016770675746937087
1.1046136153755715
-0.8921203745267827
0.27175112821437697
1.1504220324455332
-0.13494609800127014
0.657180222982333
0.42172362419927967
0.13686927338625576
-0.1179611712622678
0.44158958041878993
-0.9713281072497977
0.044547229322491375
0.3008287496911636
-0.9816253043062827
1.2661870751980286
0.5634864816151408
-0.234705931477874
1.201014924897157
1.4857130487494465
0.3693996128648664
1.0021276888142692
2.0937676135477723
1.183553630890515
0.22174952020124364
2.0698604810916588
1.2988257982809404
-0.6789056111264916
1.7137057048638846
1.4295534390576434
-0.06393621983768415
0.9468904941157573
0.7979401840107179
0.7198384905355576
1.043879927962611
1.3821382956612887
1.2488838194109313
1.865673735052218
0.6246979864821983
1.6162357900113051
1.320864759895774
-0.026458732178600206
1.762620333397818
0.6129741268785313
0.3693143282974211
1.9696471165953884
-0.26291856317049195
0.778425332887407
1.2697726911973028
0.3932900166661979
1.623544246407162
1.2666205802203705
0.9488932144862097
2.010724092710237
0.5208338608567508
1.5613832435977189
2.205512074622536
-0.5155163543441589
1.3422261536105922
1.7052701261283763
-1.1940460258998014
0.7125950338804063
0.8758939947154067
-0.7798654631332201
0.8777427806283055
1.414946527559914
-0.5473513824960484
0.05362561410662209
0.6562488089855476
-0.24500657742091447
-0.6316400266757425
-0.1007432950602207
-0.8243849808603732
-0.7501851876681447
0.6893893597273819
-1.0190289800488375
-1.0514292044704427
0.3807109835714937
-0.031269502273323355
-1.5479271774859442
1.0661538271001048
0.297783277215595
-1.3669624536267706
2.0004453067183503
0.8061100821775723
-1.3717060664198404
2.006792864584985
-0.14568978195517435
-1.6906799359398184
1.1005129451195794
-0.5859901382156159
-1.826678218072445
1.4564669689446583
-0.6506242345494455
-0.8601240142211585
2.5407304812808666
-0.7539668520880045
-1.0305702070640328
2.1976049064511263
0.18716375928029277
-0.5683289519232496
1.3993754159158849
0.7566001789939949
-0.6202505481758543
1.7938519149136989
0.5763121438966997
0.1842460388596326
2.2659906302725985
-0.25831625195012675
0.319059207454108
2.132382750003444
-1.0675740848539108
-0.1943694128209141
1.3101759647603866
-1.439354619674108
-0.4586400116370414
0.40645549001376424
-1.0144137665213313
-0.11053414766508096
0.8475832380060185
-1.7452764930846447
0.4506232753895428
0.1578829868068739
-2.1814581215504494
0.93723478181469
0.7959302594071757
-1.5804140742403165
1.416016490801689
-0.0563587070865736
-1.240121120494102
0.9449624865445646
-0.6842779840401405
-1.0055216543701748
0.1943359883639258
-0.30886387551167394
0.03828323133060177
-0.25365643389263764
0.8371875578515671
0.27712673406883165
0.2235597930131801
0.2812385568318002
1.0141182006079803
-0.4612234676677813
-0.038020563593352874
1.6258582893278823
-1.0819130208863625
-0.4149949345407805
1.456314554885848
-0.22025299197916448
-0.5313957962858248
2.339643191455145
-0.507752267763816
-1.3252343910993651
1.7172953452271251
-0.6089960871158187
-1.1008259182887914
0.6304804822715928
-0.3976443836470562
-0.8509743081784084
-0.35441301886785787
-0.5229535099833365
-0.8643543411824582
-1.4183117849811302
-0.5968857531040779
-0.14385671288870014
-1.7380441772536566
0.10310344383511297
-0.785699493263546
-1.8610678219795609
0.8337432617375083
-1.4888514126906263
-1.1243441061850208
0.7065188154337398
-1.7018596354155624
-0.48122683201706357
0.030427436235803983
-1.9163720240885438
-0.8264664420025327
-0.8782882669308216
-1.1380295771917854
-1.0003736511920032
-1.6308087478786177
-0.8149225349524308
-0.18556512144105303
-1.3029148376198665
-1.3102619098233688
0.32848150211790006
-2.0507127380192713
-1.6186642279266716
0.25235945211769406
-1.1589889990100364
-2.3937030145144793
0.06052363936099232
-0.5562545597403635
-2.6875754072693048
-0.10672260178380344
0.4115121337485864
-1.8664273547942896
0.6854428378235872
0.0972849506358536
-2.0278482333780548
0.9987503555491497
-0.7295597706972927
-1.23825603103006
1.0794227905108171
-1.433339653890708
-0.3178531655632131
0.8124030723689823
-1.1674163496048606
0.47240916849298115
0.7360133750939234
-1.9798322164896767
0.4259094711671305
-0.1936650123925451
-2.4414876183635554
-0.3238220998966155
0.029755747283721178
-3.121742261058642
-0.8658666539247218
0.8380354973596517
-2.8131066508354174
-0.42513070674117254
1.2937036305540328
-2.0240552492553863
-0.38472217621411536
0.29492419760429806
-2.2977647822730094
-0.16625626120515624
-0.9273283433192049
-1.988821685342623
-0.09970322305631946
-0.9069625170561619
-2.893248520230577
-0.9015542168752524
-0.4935343176803696
-2.4850018205358064
