2.810043925892024
-0.9718883563732629
-0.5999924089722236
3.0032605667503014
-0.9537300330061645
0.43966178302054765
2.899973120785421
-0.06969919561858698
0.1650390107587822
2.9950693595855773
0.6468480108914937
0.6789212159266282
3.87222454573526
0.8906236547739161
0.9221917011858884
3.3731498076627697
1.524069653404898
0.3221578922283044
3.4692517554502187
1.273127430960872
-0.7058767689736182
3.0309519283484083
0.3292838229068267
-0.7707140470290966
2.1129532639939343
0.7293836602266639
-1.0177172880047392
1.8206120361787166
0.6871931685109152
-0.10392831627894206
2.706941280816942
1.0569267734182317
-0.1050166792689553
3.5855484249568725
0.48089017879770346
0.09670777961208218
3.4979223331246216
-0.14891496481446956
0.758908412750003
2.608230699679708
-0.2572958828763687
1.0337201258129196
1.8524385558051406
0.3816315864388293
0.7421005789300907
1.0730105047020022
0.6136478451944273
1.2614466772127126
0.6650239509310102
0.3968459859477118
2.2049082591395583
0.6437584297862065
0.2865364905285442
3.2001080611507002
0.006295552715043101
-0.40709256080304085
2.9099177199502324
0.9659205760816599
-0.45248843627643953
2.6278273556681797
0.6185134003018988
-0.5765266687966779
1.747391605421151
-0.318184873205129
-1.012587186732519
1.649661318349133
0.17239880531933235
-0.9588622501210643
0.9496018320716572
0.19134649384191724
0.17308492105209322
1.161971242950495
1.163124347608516
-0.09015587301811334
0.7759501747694497
1.8479229216547879
-0.5154965433881674
0.4378769554200253
1.8712365448489816
-1.4661969825022232
0.3943315682998123
1.644211557888767
-1.0629602658311674
-0.4600463813229406
1.954609794837525
-0.13343103692179437
-0.6243487962115349
2.0817227865044408
-0.766068963061958
-1.2393258395232172
1.4558789162141268
0.16932045019906122
-1.2931307193036372
1.2195914173995768
0.8147070052727231
-0.7890785587835044
1.4003583598979576
1.2072898506935827
-1.6040792189322612
1.1518310681530215
2.12929115432891
-0.9457149421815069
1.1111477400188736
2.450047876081939
-0.18138824432867082
1.4062965504250033
1.6565735101480512
-0.08778030950151355
1.562257572368001
1.382924815868852
0.7532390585800277
2.533191177584882
1.7492355044802963
0.7242092810205822
1.7904653244763167
2.3450118951257024
0.44832712350939763
1.5806955957976858
3.2646240550755636
0.021178736316519235
1.766046733066246
3.2487174244531527
-1.0072966124626161
2.5071652515271228
3.378954060835027
-0.33761560095307624
2.026200003066045
2.537053911368801
-0.37214922313750654
2.891057393150713
1.9485811016484575
-0.481912741963693
2.7256562675940406
2.6179064224461888
0.2911231583245549
3.3391124306182274
2.2678126211675487
0.9727786992803691
3.1824751309661354
1.4126632578295217
1.3734644395015971
2.3114699784074224
0.7582056316181383
1.7417229695205052
1.9343488486145795
1.7710381500001562
1.6118369919711697
1.27366765753752
2.605367647632982
1.3509203536217749
1.0653822439003398
3.4829850160736417
0.8447000024823103
0.5494027613054302
3.351338984742446
-0.03586263375510113
0.07683098634398415
2.3286422344410047
-0.22877608929625234
0.09649465001631234
2.5199238785217513
-1.1445330658898023
-0.24641946673818496
3.2349869289236186
-0.6747113613663571
-0.3619855013563053
3.138840554738485
0.32289375610165555
0.446513849225635
2.7800491417036195
0.7584510731734527
-0.45972199339446534
2.1974091236568616
0.7077053866239855
-1.3339380846396927
1.7521196730440223
0.8121214000644176
-1.011124263060982
1.904202141142329
-0.0765608729973615
-0.7230455104704047
2.4285856836211868
-0.912283990800133
-1.3858581966867125
2.405772714123804
-1.6871343425715741
-1.7240112391461138
1.827350316296144
-0.7963120301483819
-2.0627714159964956
2.0027118039167267
0.023754397314381958
-2.397064915320018
1.255531339491151
-0.5559487450692295
-1.615750084776415
0.9074188727071286
-0.9221223097835984
-0.8031908934940073
1.0104024407767342
-0.2516114815927233
-0.0976749072845207
1.3996508448883636
0.17191123306354245
0.755625729906372
0.9042574944279171
0.2159264965833162
0.15089258908523695
1.1014183767756816
0.9759643642955692
-0.08324154421410282
0.9688407721223523
1.9244552712329381
-1.0221189418345693
0.9816723018598991
2.3641686839546994
-0.2066560191883206
0.5877783755650743
2.821726321184016
-0.09482127181067365
-0.09773985302776013
1.9050710564712159
-0.6679709213161048
-0.4844343893125005
1.1369872468147892
-0.6474158167484605
-1.388880334471559
0.8475428476398529
-0.3232407902427387
-1.9664256084475507
0.08840458883463123
0.24021537570103246
-1.250193119714052
-0.30295229639710064
0.21449361940561787
-0.299908935183975
-0.8313180280126236
0.33348454168786784
0.6902656915954406
-1.2929140680920714
-0.28708004280961896
1.5699293666977163
-1.0917390861554117
-1.1390101049788086
1.500387198731652
-1.6668464708633728
-1.115998842807828
0.5624799889107701
-2.3563345085116527
-0.4998397837708626
0.04849039791801857
-3.030861148101796
0.45836733834578813
-0.3975221373403316
-2.9605805482455203
1.4325274572034494
-0.7211041439515721
-2.796384363691417
2.0260420536227017
-1.2465836604122447
-2.120241885554881
2.4706977988215697
-1.6145861224516547
-1.2776840269569416
1.9744600987414795
-2.1323092041516087
-0.5732864801873924
1.4176208372913024
-2.363707781528471
0.25651382475281015
0.5933542358665466
-1.8778569737035358
0.5612061329791681
0.5632467331152633
-1.6140864924480536
1.5099744675607436
0.3661458229034965
-1.2410086110765102
2.505906768649968
-0.7341337351202607
-1.0293320174157685
2.5967149689836173
-1.0568720149248665
-0.06683863355204664
2.4679587797549813
-0.8833550651867874
0.5087247342960894
1.4446205958749625
-0.44708554883897267
0.5478559289552346
0.5717402549711231
0.1797226426970202
0.5850141595913284
-0.3593704001634956
-0.6707464220289066
0.5318401105456356
-1.2279862710766745
-0.17075877017607805
1.1418280116378405
-1.8884138932194807
-0.420678395792359
2.0600947204256115
-1.7980116122839214
0.4399350966213195
1.5941836468606325
-1.654091290127258
0.42920621473585296
1.4971631721745875
-0.49922604014777905
0.7446089763501417
1.6514458483296022
0.4552322167850944
0.9708955233132567
1.718146374954498
1.46306405145002
1.499969188696953
1.0364426400320033
2.1053483583506964
1.549131464190856
0.025811801810808686
1.826964446905313
1.4707760625251627
-0.8940622339455231
1.1875161275253554
1.0790699520433635
-0.9094919199793257
0.2298831349678682
0.21978130923088515
-0.22336474843563628
0.03406777863568614
1.0471911206922482
-0.3289772118855909
-0.5314318441056064
0.640609148179298
-1.1109031632726256
-1.0523108072901854
1.4887276071674431
-1.615146567669226
-1.4085662428779127
1.2029175806546817
-0.7788707262613047
-1.863545680525687
2.0144783283935683
-0.172084226180749
-2.1856157777208254
2.47441956431868
0.6713183606603785
-1.9782807208526796
2.864811207584029
1.474708070198096
-1.3554873262480875
1.926266471101494
1.5992893447988614
-0.9856649556814938
2.106393403426915
1.698783985841797
-2.0278224595445775
1.321328885350681
1.9261598590044116
-2.4047661515567507
2.101859859999783
2.5765390970664352
-2.383414000021246
2.3578429095446234
2.466665241489576
-1.4951517886954593
1.3851676789009
2.6655433625732896
-1.736971651401173
0.47831009786531853
2.378463599587708
-2.212687975692798
0.43116668895933796
1.408860133536216
-2.5636071901062802
0.20888506273353744
0.40084906268801795
-2.378715224249282
-0.6142055113885644
-0.302333548262722
-2.0223270498799018
-1.4195426422620612
-0.7326655119483403
-1.7879929450912297
-2.4529102608738627
-1.0085939478219368
-2.24464510219895
-3.122207565504798
-0.929587919347975
-1.3464833683381805
-2.9924189860658346
-1.2348291069155217
-0.30818901605929716
-2.504078281277511
-1.6722513760114819
0.503931698518246
-3.0285343393969484
-0.7434763598158062
0.5450213284575913
-3.0103602056517422
0.010707604850682256
0.01809681671904083
-2.0803375320231794
0.35478754917587274
-0.24686089842149134
-1.5750277566442326
-0.07687413164721729
-1.043660528164338
-2.4201693287210166
-0.1688816163811832
-1.6505614297837827
-2.9434417077267367
0.3907343735269767
-1.0112427914355049
-2.452017433132339
-0.5790288168758603
-0.75768748511198
-2.1805744847514292
-1.3372990497911714
-1.2632609378086137
-2.897235274114116
-1.9474046684102186
-1.104469788933432
-2.9365267662797483
-2.30023932206982
-0.1404808636184048
-3.589438454147485
-1.9583414367813357
0.5557451512422278
-3.150209721074023
-1.3697815920295142
1.4170468160076966
-3.6923493303911075
-1.3279063396608777
2.190869072376247
-3.873794223392923
-2.0888299270146473
1.621015367824437
-3.660467087030723
-3.0868526621974857
1.4615003868875531
-2.9016845794260426
-2.4836415468615614
1.3323675361828609
-3.039352518861443
-2.097598008813207
2.197202623556391
-2.72621451645871
-1.1423850710705834
2.2394735034905398
-1.8712845641021967
-0.5723319205464414
2.3246478921058182
-2.329458137054851
-0.8459297828020473
1.3602906841935805
-2.3083888792618703
-1.7978857023843005
1.6477474013378783
-2.3128439405263013
-2.748030203993077
1.9094629336553914
-2.7397534043181233
-3.3759862164878522
1.223979526454764
-3.323834388686345
-2.980017702879726
0.5092031973882744
-2.407719062688334
-3.1618085252666073
0.3120471461567284
-1.3851858809202056
-3.146195620272572
0.1399193273288661
-0.5033164185356294
-2.9137196107747783
0.04989802932286509
-0.7307680667632566
-3.3248196074702228
0.8319043232725251
-1.7078130556264473
-3.444667371122405
1.0330753914498296
-2.0507757279083676
-2.441440589570506
0.9907589041288047
-1.0390141343760217
-2.470033503750944
0.7408378456626615
-0.10050068881433756
-2.5402956578045695
0.8781527146112112
0.5368763039827259
-2.712462538270289
0.07603391225554301
0.8665955537041428
-1.9503887032952778
-0.44479128548626423
0.1408037381690573
-2.3553914076634133
-0.7085495056199785
-0.9946484139946096
-2.2309307059869496
-0.6728436617165652
-1.3806204048839095
-1.3813292626551517
-1.0041540684448194
-1.2653679576680428
-1.6537330529677947
-0.0774823385881924
-2.2875833557984793
-0.9319867825528328
0.15650806269708095
-1.469457212969366
-0.6516320173893582
0.7792748931183698
-1.445106707287768
0.13040426016909795
0.2875528129405419
-1.634821581272945
1.0319990013801101
-0.11646811226934711
-2.5663018990588187
0.816939814410521
0.3738473792644551
-2.2560911268462083
-0.08787689694650566
0.7013666938206161
-1.722261532372251
0.6823129598959555
0.9929706630563608
-1.5532502662424985
-0.0859312457211461
1.4356696349451017
-1.2391130801438182
-1.1307967789857074
1.5838251034572357
-1.7072961111989318
-1.5684763923291674
0.9146037261027785
-1.948214502877124
-2.192762215262201
0.05395261190507104
-1.9278431887213963
-2.207128392326731
-0.9933037640674182
-1.4057202490855716
-1.985759837507121
-1.800468590127579
-0.6904764075499976
-1.2621809371027142
-1.8778647217844968
-0.808652272809728
-0.6235169000651732
-1.1252294271382328
-0.6817556738175811
-0.14186029724240745
-0.32220885706251856
-1.3072126658077212
-0.5953501518889479
-0.46059972825468837
-0.4633540313050643
-0.8932319395816083
0.08881877371449558
-0.25955569635457454
-1.5104541086640857
-0.8463199127553029
-0.4486043644889359
-2.2225299146228066
-1.6231304603558345
-0.5672981161826764
-3.215989547371702
-1.0797895285943782
