1.1746322027191134
-2.0700853588746693
-1.5852746956895942
2.1196531066076747
-1.999859837970243
-1.413530040920605
1.6118714767513618
-1.2424603772188227
-1.8307776763562011
1.9321301548808212
-0.6752200001502671
-1.0823320925633586
1.4365707580842346
0.380499951983798
-1.0727053469670775
1.9270075030110416
1.037774051337396
-1.5108147367949931
1.6426547339261333
2.0714143887068253
-1.5113735754586806
1.0129254798428142
1.3361484935765688
-1.9414937655961142
0.5420093303020624
0.533783258550336
-1.84585987139313
0.48664644452894484
0.16571640438552088
-0.8354865938785553
0.9777330985429893
-0.4572291438216201
-0.39143975919596724
0.9109295429779591
-1.2206217118224512
-0.02519008527598981
0.31558616648391796
-0.6346288591154476
0.05285824571595583
0.0037341786110886973
-1.5055115551818188
-0.12620635119731174
-0.12600547511605326
-2.5003760171946525
0.1324892588585812
-0.7086793714528027
-2.0502122869634767
0.8537226953558227
-1.598653097035514
-2.1391314486044717
0.40986162117840197
-2.5430527765400153
-2.3535769081499227
0.42356120228671873
-3.325195165973893
-2.328684079897902
-0.25437448602984014
-2.7688349339160636
-3.0306596000747166
-0.6594444160117449
-2.638386707055792
-2.4297537488871375
-1.4400444395822274
-1.6507581301257734
-2.575710446443744
-0.9795613679610321
-1.1757303238344106
-2.0151514122244527
-1.6668877250305227
-1.2256680189636155
-2.4627610196508405
-2.5367988751336896
-0.5046356723707911
-1.9770399383118153
-2.323856719198336
-0.7404435361710441
-1.9134565877510974
-3.2062924255852274
-0.2312432229560646
-1.1973674892615327
-2.6930206071280676
-1.1690641305569904
-1.453096730784575
-2.505819429559962
-1.762453024547437
-1.9143890773288659
-3.1628097311356442
-2.050871471924764
-1.9960067614202976
-2.142318498567131
-1.8934694539757275
-1.5135656995248936
-1.2602253751227732
-2.522249414160525
-0.9594267853323729
-0.6511775746170183
-2.4721379102216363
-1.9843542593163348
-0.3527595745826478
-1.9579494194364386
-2.859210497556363
-0.100970824221208
-1.8121668032266314
-2.82068155142329
0.9390753587836639
-1.6756148724882334
-1.822066096958521
1.23303103088362
-2.145466740636603
-0.9007963090689012
1.3888425513609517
-3.0344771001009394
-0.7823482500564629
0.7932307941437376
-2.7766160938897357
-0.1890343190074488
-0.025373515021394014
-3.4681511944175174
-0.10773068549964558
-0.7943128246577943
-2.681414562703549
-0.19470561278144322
-1.163823996388201
-1.6990935325972654
0.2622654882635958
-1.688907105839259
-1.664487002988828
-0.5286421889231897
-0.7074674764087953
-1.8425942398312507
-0.5364688408717095
0.2959201971679489
-1.740291571783387
-0.06875227799127154
1.2281525877329311
-1.2099207267303982
-0.8079406444527761
0.9888011883266055
-0.9727679570784163
-0.8139044907878392
0.04107313515899262
-1.2938970571287136
0.19952627428487008
-0.4388349952617838
-0.6583045535499578
0.055801655066750555
-1.2459757829259195
-0.2890104425825771
0.1115003437801089
-0.18977603214894967
-1.0498748253803734
0.05659604352424842
0.7134423860725252
-0.48682389592255815
-0.27834206945195805
1.3882437257863967
-0.3808970284192426
-1.241132784958058
0.7064147779172456
0.19914430263728902
-1.981668613638483
0.9572753431697409
0.45442133255984624
-2.972796905276441
0.8457197348372252
1.1876530048521574
-3.069388997263524
0.14485984023482104
0.7530557746467723
-3.0367560480513895
-0.8079108855122099
0.8309730541965531
-3.0326142811305523
-1.8503526269839006
0.6320089389752477
-2.2038895979632316
-2.5029213246795923
0.8146959056229963
-1.3066833195374004
-2.9416521836372262
0.6098236481971131
-0.36561135950652074
-2.6029739845150957
-0.37548640085142265
-0.24065966553076445
-2.472346648643464
-0.8273329530158952
0.49465596186805455
-1.9584687386829511
-1.2241987096672338
0.6884418135825009
-1.007972262436414
-0.22472661097092714
0.869799436216521
-0.8638571484754077
0.7514553308379266
0.9950147083035414
-1.0960394671124447
0.11241004713231653
1.3040579388498577
-1.6504489890834597
0.09001760791140728
1.8834305009805181
-0.8255678266260087
0.21852897378670488
2.8350672560188603
-0.5557243920919904
0.7113798664048896
2.216620605067316
-0.29052536390281736
1.5365187395896704
1.4981379361546392
-0.4891296816508177
1.6419165684548478
0.9593341973882583
0.4204229309275945
1.5398265416733192
1.5331011005154884
1.19278191481906
1.6944055906281772
2.052209118549612
0.3429129700575972
1.7405382177958255
2.488588790331223
-0.6295250326148512
0.8450808035074191
2.532085947592148
-1.188783526850194
1.5867036860540984
3.0736794133017225
-1.3785061706786652
1.0432920536907924
3.2151793067610743
-0.49445116238386055
0.48303513440130363
2.8708911526088885
0.31601014740444083
-0.005724871579754354
2.062778574653559
-0.020607560451270976
0.35507982343358996
1.3614422065118539
-0.061756124451262356
0.710081823050605
1.92138386726511
0.6247883087974168
0.7629630616310438
2.6789348029742124
1.3178030946883443
-0.10911304537187076
2.5022451811595956
0.9950922030327884
-0.9118694065661025
2.647621667088696
0.06574137228226816
-0.6900719439225141
1.8434739240561637
-0.36601336230471004
-0.4500526448922966
0.982360122543935
0.1490969126011919
0.21535495171137656
1.0958653506119314
0.821110854175154
1.0404910818761106
0.8153605691588409
1.1382216365484175
1.7616667782956454
0.7191218495135893
1.8299077657968195
1.938969054441503
1.4978042097310684
2.3630619970328746
1.3511612113573226
2.2073234523447005
1.9683842667511378
2.2635862027954876
2.4821971100453184
2.1808737623667867
1.606494174662616
3.12254363873417
1.7394716195313378
2.076864350845253
2.441504557451243
1.2048527698402836
2.59934011608971
1.7934836849000637
0.6192478775969137
2.575539799708951
0.874259866242485
0.0866779382458508
2.881769213882745
-0.03322539822787847
-0.14661987766255244
2.8680608259866176
-0.3166291395456447
-1.1655794759410614
2.079422447622176
0.09096909563632533
-1.769751376430798
2.3980358857713586
0.518856787601747
-0.8555832022258063
1.9149297074572036
0.18455632058854168
-0.007424358493997733
0.922565144209829
0.4334136588761071
-0.06332143310378387
0.22484709023268973
0.17835307205143236
0.7007903651179569
0.5431168775566603
-0.8031567055589248
1.1360840007591078
1.064744599397083
-0.637898814745626
0.546614208587177
1.8516552700988878
-0.8552668132083107
-0.027416490771594023
2.767860727485055
-1.2729696645262116
0.24562289798644124
2.8441389615249633
-0.5055340384556015
1.044292143169304
2.1564876184243276
-0.3703967697921202
1.6389479886867044
3.092781277446026
-0.1175739208071029
1.813329432279969
3.138044352487196
0.3030065326376069
0.7549929750140776
3.5725446675157473
0.9298242128334295
1.4233435699770371
2.652423772943515
0.9374310371243602
2.0990450030023657
2.3151413515626724
0.9333397883486804
1.130363348094426
1.8548150701536725
0.1444502262937754
0.9026905726416529
1.9438961507633854
-0.9832569789729564
1.017138047145781
1.4094726227415801
-1.0035769961203522
1.7471889955408124
1.158616209635864
-1.4203205010764808
0.9450903205260999
0.9347991818401674
-2.1766386196333944
0.17725344596563283
1.958098040573134
-1.79505828447027
0.09399443525482744
2.4168162685630405
-1.3690554735374303
-0.6655407740513994
1.504203135784324
-1.400621519433765
-1.0137664422670514
0.6452860560865643
-1.031334431883927
-0.962604907263531
-0.27738592451493116
-0.7982156274014223
-0.5679935593432556
-1.116279059226695
-1.2532507629414449
-0.9039422863572065
-0.22566331067073847
-1.5866862650304316
-1.0504740108279815
0.6008144443923601
-2.0466107011604966
-0.7640918453464869
1.5385871094478702
-2.532412892591489
-0.5927046018212925
2.1497518729129714
-2.932357338913042
0.1273481085568327
2.2857484948151456
-3.009053083980023
1.2165678271465497
3.3174030089883724
-2.8432247546204614
0.9062346274395419
3.4866051395078568
-1.9255307910181902
0.4933535737061989
2.9424982021737183
-1.5397495875977978
1.25068991543551
2.8583982165265795
-0.9006286832538251
1.867117168435129
3.823185594596917
-0.6502696177017594
2.025704589878879
3.9520846209192357
-0.03595177157695523
1.2755410454679885
4.031977776986232
0.6593135837072637
0.5786385583504848
3.7538209128325293
-0.2918987075758304
0.34160821881243364
3.917116870584979
-0.9657592303516335
1.059243735916014
3.722659895885932
-1.7008155995076901
1.8808498481834983
2.930011842165212
-2.3107990548066164
1.7100782309796378
2.5445580772989165
-2.081434610048453
0.6901486988103444
1.6700830216005826
-2.4270716865139605
0.770475259238888
2.1570187662461375
-1.7598434649390775
1.4794410613591507
2.5122834804248146
-1.8354847427299952
2.4637036600831332
3.3973700222828347
-1.2346647709990966
2.763634652967434
3.244626218381436
-0.21972551957110384
2.730542354548786
3.0320649174930154
0.6985967853688572
2.9792592773191924
2.384005260732592
0.18157561768663083
2.6806097117752086
2.126153341929904
-0.9424435607786709
2.529340844013463
1.5466441314243198
-1.7616075046176543
2.4672034307420496
1.4921113415572669
-2.626855966607129
1.7785573219491673
0.750189957674168
-1.8203099069716502
1.7686441898688208
-0.20111908502540446
-1.4938021457781765
1.5747570172971324
0.490199605783562
-0.8698310061587782
2.072135551001364
0.9422956442095629
-0.17846185027872982
1.6294362980695971
0.19673067595392021
0.4903219704260724
1.6266013526439036
-0.19675427462037898
1.5655470364850947
1.702357816213833
-1.2119526228529216
1.7448257599662385
1.588139933659991
-1.636398490274665
1.8809535779114703
0.6658834497114249
-1.4012842737033415
1.083254835269333
0.08819887797800292
-0.714037068368799
1.5477744583092525
0.7600839171408892
-1.136873523272944
2.564831690155375
1.109545941716901
-1.1966071763199508
3.406543282990606
0.6280091256795942
-0.6111599680441264
3.520511724592347
-0.12217387872929635
-1.5759828921710166
3.826348965697515
-0.179138682340825
-1.9961075660012235
2.892048118653011
0.08796582258406058
-2.6571241428640344
2.2033079803861075
-0.17188360615155848
-3.0038789846560165
1.6112259422289028
-0.890481769214945
-3.4343213552019622
1.4380668269935353
0.012755340486118963
-2.9595561035631937
0.6454389465703395
0.5111848989032465
-2.039881428122738
0.44625594677283736
0.3324533742438156
-1.451837682557376
1.0596306414222016
1.0268285126047005
-0.6376239501044313
0.5899898708400916
1.2053476730412995
-1.0316993578408953
0.010728492478597192
1.9787857070775492
-0.3430931154388601
-0.08560197468881958
2.7483896157237306
-0.1692418102769601
0.8005126360335951
3.263919420794763
0.18889991135491846
1.4779876970872077
2.5921076537510115
1.0114520542740062
1.2311793977118595
2.0449837130385693
1.4656535908169308
0.7586250055456499
2.809806414043036
1.2587786649183013
-0.19765006545252872
2.510790839055924
0.5626183210154541
0.486246084127689
2.5782077170073707
-0.5037306635857672
0.8366051428259009
2.285912646674874
-1.5881825766203712
0.7895250746426725
2.3490335138086134
-2.1253275320122094
-0.1436163722943513
2.110737303122113
-2.6214466535107164
0.47053938296096964
1.4526157824132375
-2.407898722196858
1.346832235898457
0.9969936235281838
-2.348623672648283
1.252451813690318
-0.03650475899651881
-2.0725042671682243
1.4047621452210475
-0.9267583267322067
-1.826527605941761
2.1205983166437865
-0.4335596442885751
-1.6114969098558865
2.284027616856519
-1.3449945819432323
-0.9789910645720306
2.382616681355953
-2.0399403221927934
-0.04790290853054917
2.3842975021834265
-1.887863603767051
-0.6368324621670818
1.5482142195969135
-2.344458584066993
-1.6322151496933708
1.233688097987217
-1.8812657081828499
-0.8251148290205468
1.636795593028467
-1.337847025100531
-0.6679739181271789
2.3713335415960266
-1.1441892951177384
-0.5803935572982365
3.4398849790381973
-1.1735739468895343
-1.397216721330643
2.9929821027196715
-0.6298064830647374
-2.2517453379778885
2.7841459895228247
-0.8272321578387737
-3.270318778120958
2.5127452457973556
-0.9102109180221566
-3.7238621077691088
2.4131478281247474
-0.022993207623680484
-4.229584080766369
2.7561495024243072
-0.7972899380848794
-3.948622868539705
1.7952407650181519
-0.7655842468258043
-3.991883708106806
0.816750185217352
-0.5398606895698308
-2.9942598404688483
0.6224825642700292
-0.44721259108455247
-2.056525706813876
0.6149322834704842
-0.601074019691835
-2.4046195919019477
0.7817072097886114
-1.5258308933961073
-3.092012817191634
1.4874615844519972
-1.954032959672952
-3.573704676623968
0.6803896328088221
-1.4102389354895772
-3.3340047555204486
-0.2589996825902863
-1.7733219243880705
-2.6462516810007783
-1.0041835065180607
-1.6547068641447202
-3.2375229862886807
-1.6664718702450434
-0.99422796560857
-3.196408880096045
-1.388900253390436
0.010739548026536231
-2.2681817149706758
-1.5074459404355176
0.36497139507819126
-1.7888577854647492
-1.2623380496044003
-0.30459014549307695
-0.7593205074783748
-1.959687504892996
-0.35683567918176234
-0.659803021096276
-2.588822181954798
-1.046654419109862
0.22970438897291542
-2.3215466371506803
-1.547767907064731
0.601066064965498
-1.3546740796989163
-2.023550623838056
1.1732554365891643
-0.4368969608316847
-1.6443831453889717
0.16031247933236004
-0.47858779227528175
-1.7278148553803487
-0.5942492967362194
-0.9837841379812774
-1.9268710507575337
-1.640713869093634
-0.8224394473484746
-1.7749881139668893
-2.4180459319051586
-0.24864499300940002
-2.135481117529953
-3.0637496122648797
0.5232023288725149
-2.3233565704985404
-2.116595453096144
0.6898731053786266
-2.446050707921667
-1.2668582025504183
0.9194668239969811
-2.8817641149719493
