0.42671726415728195
0.24765286502447478
0.03835250136082615
0.7362779677041006
1.141008552061443
-0.3438751582716747
0.23850389899096497
1.4426921622185285
0.5107868248238939
0.826535362837209
0.7392978298381137
0.9336762173765949
-0.13706067838740013
0.5486490816906846
0.7811846634887601
-0.297524913720513
0.9062238069719506
-0.20076597179040703
-0.682484075813153
0.25965545668164897
-0.8171620721698288
0.0544257971472999
-0.433750456012588
-0.3656750328731409
-0.6515419256541677
-0.9601656161149155
-0.21021957421852677
-0.46680364093278864
0.12118624719156378
0.0763768800806152
-1.090305404555622
0.3992251551495643
0.8424407104729893
-0.7703588019486844
1.289873590288883
0.5550294368696177
-1.2502879117763108
0.7019291015276616
-0.1244522915646705
-1.5158891828768153
-0.31847285728048597
0.06694107644182302
-0.7889311387684651
-0.645150287375926
0.8220979778650521
-0.15173759975434892
-1.4189469553852994
0.8628778115282878
0.731458718697252
-1.0036441571722072
1.2208649073953184
1.0708608182637263
-0.2283184547569159
0.6916836036915166
0.4313701232240851
-0.04089844922668979
1.4228755175288577
0.09804758340377173
-0.43010821848413183
0.5424830653464502
0.2736150420507413
-1.247896943197682
-0.04936634948669271
-0.13838555089950308
-1.2668717681805723
-0.9813971305769936
-0.1207721657670456
-0.32099523720357653
-1.528139719596009
-0.2798204334523923
0.6322369512858996
-1.685604918628752
0.32955367840890004
0.44064958400329957
-0.8870936434520897
1.2757327266004652
0.34702666629522116
-0.68716023476099
0.9872259805752098
-0.5325476724987502
-0.26387986887622383
0.861578462246214
-0.3695399773391811
-1.2228792280045842
