0.540046048851362
-0.31920043172192525
-1.0135710503922133
-0.3846199496810229
0.297132588505116
-0.9690715640886661
0.5169736177797097
0.683899968532703
-0.6086761231619601
0.08207920122926478
-0.02436106778175808
0.008979791658574255
-0.34599189247047996
0.8369546268384466
-0.09839165762197205
0.4875234740768522
0.7395254744174949
0.3926272624609538
0.4482012286091931
0.3683921469502069
1.3344903683148337
-0.33122626745422534
0.27708903649624583
0.7185559175880822
0.3851438018202875
-0.4591136766576031
0.7405587070581588
0.4079032214306238
-0.9289289543150466
-0.14697212697585052
-0.47315586139712235
-0.7075709893531984
-0.6383521783034378
-0.8919157361731931
0.012720012371873342
-0.060247356137189886
-0.4409608866212356
-0.7765387342825584
0.3400700096006875
