-0.23931135167850223
-0.4206904451766822
-1.0511754163081963
-0.8133723622673986
-0.8015267999043123
-0.31749265376587255
-0.03339816485729954
-1.2659793223007654
-0.4816334623280222
-0.18707259280430238
-0.6279879832623807
0.329635385060998
0.8096138827486854
-0.8485236637577629
-0.04453640723478466
1.461950104962813
-0.1174849298795645
-0.12644964334257872
1.0350714273060428
0.6590988556467555
-0.5189394677194915
0.7443489407298265
1.6014914066114154
-0.27166659459426074
1.3186501050904351
1.5073031161396535
-1.1328613178508973
0.9447954879234263
0.961014346081421
-1.8928979303392062
0.5257374941379361
0.16646010228327113
-1.2877623750650888
0.6916746138602581
-0.6675590805875744
-1.040840062851471
0.35519697882070106
0.0873053340943406
-0.45573094923096824
-0.348666097335829
0.5070395140769014
-0.9707515186661329
-0.10229799866145715
0.8078901135121679
-1.8903256232209824
0.3709655755169071
1.1849093181358417
-1.074695456986706
-0.2002686626676721
1.2726498072042667
-0.28399600674058456
0.43605761851688485
0.864219797324796
0.20405507192531114
-0.4995171710132205
1.1221311013021722
0.6234682734016478
-0.18361781215556552
0.9830741635964689
1.605410763910422
0.7590244319873709
0.5822347158558627
1.3191359254607724
0.7875878885246805
-0.169524435316217
0.5904691201430611
0.42084953886488247
-1.1142030349044736
0.8276571996849894
-0.4567842543188585
-1.456841825971222
0.3573385305904007
-1.4666672084569006
-1.156021598301226
0.3642230013603187
-1.5645534484672976
-0.11960790602469916
-0.14286238602751905
-0.6151682512860627
0.3259910147955766
0.007298117704423062
-0.2333376759929547
0.19166575732657914
0.9032940349866636
0.34161670579374176
-0.3673737697560905
1.4708549020061006
-0.4813218369307209
-0.9274163115824261
1.2238767198128728
-1.1365187789865168
-1.6998019864435987
1.135547314211577
-1.4807514617719963
-0.8129888831419796
1.3465871788618777
-0.9605156651320395
-0.2509464876765281
0.6757657331513364
