0.002521193261963838
-1.0757508786288035
-0.1692460118190982
0.36267885126879595
-0.269865600147951
-0.7345315430658471
1.2346150629392596
-0.04300013991043054
-1.1169416471758957
0.5640836629295615
0.6808387461338963
-0.9831848700905863
0.23338003079774408
0.8503797739174087
-0.04290348616748944
-0.6462028359988554
0.7921943832880164
0.4048145077031805
-1.1728313313020033
0.06117622943972073
0.006885526951772182
-0.6607793481525387
-0.5027024263360382
-0.6543804695821377
-0.3742625063151438
0.45607279035834314
-0.7470119790671488
-0.18700037623059856
-0.04883394333397236
0.12216515373084555
0.7588581697196414
-0.5485556690146915
0.1496238837050858
1.0350274165057225
0.2980495634694949
-0.20017247541629538
0.5410318904163708
0.225824292440577
0.6980995369216642
0.032980655983927396
-0.6809990260814834
0.7939550649150696
-0.8189735756408836
-0.8111311784828632
0.29229574380198103
-0.7481603889804134
-0.05688906069282605
0.9141882718967497
-0.1569665712025496
0.6731921435815909
1.2663447927580949
