1.7156469186581726
-2.4416082893810906
0.20658397050540053
2.2427788660498975
-3.1187559446341058
0.7311531220971788
3.1276643191083147
-2.5969987660291984
0.8302466333606794
3.1245948054954464
-1.6504086854220517
0.9255388426012562
3.62396522433591
-0.7562601596029326
1.3391187458450835
2.8326635090397336
-0.19881922162839674
0.7908205274719526
3.2734688318469605
0.15748345721875784
0.05450242993440846
3.2325350572522615
-0.34833472793925874
-0.8047948545793597
2.405551802535389
-0.13333553737816592
-0.3747044877211657
2.163161274163407
-0.1307309704132371
-1.3595902605937402
2.7992817399698655
0.4390636461210377
-1.236726379493818
2.633198622100082
1.007795974360546
-0.07922777665741558
1.7056298083695132
1.3215369635385128
0.13365657839631026
0.5021226291120638
1.0512778258900175
-0.06320486902401126
0.5235458224032554
0.6377558019320176
0.9336652278106344
0.8762338037354469
1.7558963596872852
0.8290046492085001
0.5840746383063345
1.5422657630852552
1.6791417824362576
1.5819025611009603
1.1147402886738396
1.2191035009081794
2.089283255012868
0.5917468007677242
0.5831618714448555
1.9229072728124492
-0.3606841807035023
0.2320354105182963
0.8471191044845346
-0.6707854873168022
0.10623825260641132
0.11237230584403628
-0.5066299647512328
0.7824872791985056
-0.5428664555577243
-1.2927344698224226
0.49698234975955463
-0.8282021847882948
-2.138318004845921
-0.1403132694688752
-1.1356867022085948
-2.0673222025902604
0.8350395068839299
-0.9747485502788922
-1.724991321348412
1.661850651351714
-0.3340555151074213
-0.7949903720005036
1.4464908354538337
0.31306154010520204
-0.11429171120143176
1.5790434099649375
0.5959728469017816
0.0068504498098347095
2.7010721458718105
0.49640834327745276
1.1092327390984136
2.596041012551786
-0.2701777092894513
1.76913394062447
1.9833543845438206
-0.9856958108387784
2.263744779006462
2.3898981718953825
-1.447954559383941
1.3820579936849142
2.4745156510174375
-1.4296558011016447
0.5864506367532762
2.9989540786878397
-0.6584926460435725
0.9063971399267635
2.6751097793628236
-0.11181031600190745
0.797662280513537
1.7065318415707316
0.8748210874864073
0.45858836137077524
1.995134362758753
1.3017754700265765
-0.378133163489269
1.7936189382697652
1.7585335783429377
0.3024900432849803
2.2619817910695192
2.138579609050145
0.017036839693272743
1.588649615507249
1.3283297046097557
0.16447043751764626
1.0248015538568855
1.3140355425858534
0.4934514068566921
0.05999942246152372
1.7470757572190467
0.739974300390764
-0.8420035129979919
2.1541618330555505
0.9477124927007319
-1.8690513902885442
1.9438246376007573
1.7091697492130051
-2.3453926520714274
0.9615393129683444
1.8201061363272535
-2.255658714705646
0.08413860025445943
2.32534311428353
-2.0528724079160154
-0.7846952882306136
2.089489276246024
-1.794414049562062
-1.3474836093664606
1.3000567356830321
-1.8852415149007007
-1.0105994404017544
0.4537218392129812
-1.0289680022523793
-1.5456504472670447
1.2561628470818287
-0.7043525059143858
-1.2479056769905237
1.9548114996905133
-0.2722160814056799
-1.5886999170498752
2.219775773463384
-1.0163407573038963
-0.9134001465703186
3.1427781723677395
-1.2532278159238786
0.10128279050581307
2.9013756324864834
-1.2288205876032188
0.8095580665452328
2.250023694224289
-1.440102103172865
1.5127426008908247
1.4753569607145254
-1.5844605019000086
2.15644940911994
1.6983776545649374
-0.779944579391516
1.2281806232572718
1.90897765415865
-0.48749430309831354
0.9796902115987731
0.9314463763673138
-0.7187666635343362
0.1307670113126535
0.6893618052006769
-0.5585091767833434
-0.24395632769381365
1.6203898750693453
-0.03180659880142002
-0.018594150108162427
1.8893692350464255
0.997002566945264
0.3608507757701275
2.200856174148781
0.1035623517432668
0.14592480241015515
1.6167853255578257
-0.7091906544708438
-0.49537594426001885
1.519201471330922
-1.256417889920203
-0.49489390369046393
2.190452252647969
-0.6876091761516296
-1.1890357589952887
2.8946292259415114
-0.17239208341732043
-0.6441192079536572
2.382429768686129
0.3955896964607872
-0.8264437178823957
2.290181281906904
1.3953858217783417
-0.9746211770422285
1.3318377416171
1.5909316039166779
-1.0203214212407077
1.570103449024974
0.6960312658163661
-0.3394045289351705
0.9505475123685649
0.9294432981588258
-0.015668981832266844
0.5118653090542856
0.2559999756800987
-1.0049435388553283
0.8052414321554887
-0.09700976989879687
-1.902918069002763
1.29555618386548
0.2067304213538977
-1.8854089487623533
1.584084476119467
1.355310675642936
-2.709815907098927
1.36211608264819
0.7144387623949837
-3.0732104453450986
1.8663813930350635
1.4854914811248305
-3.394437678166003
1.1922206030620308
2.1850793851492543
-2.3518939536474983
0.9189360080605339
2.5402031660833337
-2.2953059733642998
1.8397151153624953
2.0955699091682427
-2.276034378005756
2.481587062602289
1.3901247160101033
-1.7418907621835495
2.4554718028719833
0.5186336752796286
-1.204994055497369
3.12899822197874
0.7540807926884175
-0.7363769030915673
3.708007508401391
0.11649583207952983
-0.14012614799539713
3.0443974239167466
-0.19453272392944662
-0.19055663955829774
3.1975197524683616
0.8243038490491092
0.0919586911573146
2.603096115249873
1.6643567453509724
0.6003407299374427
2.067847195677248
2.421273751165159
1.3218361004513166
1.3490332729039785
2.3304074953515648
1.1934160733774317
0.6586809572493055
3.058280364582896
1.450350860034806
-0.3261604097306212
3.0211340329805303
2.5025189250181463
-0.020113243954092547
2.920298287145585
2.9760584413167543
-0.28248330214934214
2.0618485072051276
2.1328646437537633
-0.7145519172776725
2.193464977311025
1.8973967514792822
-1.465976691229937
1.6928668730891894
1.219866065146424
-1.8836814867213836
0.9372974995990626
0.7832101215117181
-2.5007156204265697
0.26257510170285053
0.28126371170109615
-2.8191845086514595
1.1133171331684089
-0.40510706137571206
-3.293219285222423
0.7189052261834861
-0.29200413645185064
-2.386999295090575
0.5528742606872326
-0.6186267332670499
-2.6032448842989817
1.4245584703785639
0.02158396540422547
-1.897005518013269
1.3283772618395837
0.010883076513825408
-1.8634873061511774
2.344562291627753
0.3220622335192791
-0.9030224500769746
2.301389450977311
-0.6200282769487008
-0.9494529219199928
2.565089085534565
-1.6395672606000062
-0.8898825880928544
2.308115039757842
-2.162683064815608
-0.11003739154357557
2.7729916413286673
-2.466173991267151
0.05660488411058412
1.8517907769268607
-3.2984140641424284
0.36655179199151855
1.3027767080456776
-2.3264985792155084
0.5148058723829113
1.084566118243189
-2.516470944432518
1.0553880563046618
1.5288644035192465
-1.745359585024245
0.862327436461734
1.7108363058618452
-1.3653304270582576
0.6078939812834704
0.8706409240788922
-1.028896625616824
-0.2092516062826761
0.46690613358788563
-1.5203466940993076
0.09800889678427924
-0.36207569681345475
-1.948661939596905
0.5599437479775368
-1.2714250665524982
-2.162471102942751
1.6068776378329743
-1.525174196886786
-1.8904468527020808
2.506104148103113
-1.9090927692643604
-2.552815580563827
2.392178525110197
-1.1536018183777024
-1.9390099822166822
3.201649315262905
-1.0229522736843104
-2.1537633209411493
2.561632461323946
-0.2457145307112859
-2.6966644294265656
2.3740412755186777
0.5043641403977914
-2.772070547865398
1.7905060330590907
-0.34284011773263107
-3.314727812813342
0.924794724649413
-0.03917447156872774
-3.151306375810291
0.03712643766153567
0.40354909440657966
-2.6924846860370755
-0.534423620544124
1.1180573082857317
-1.7264802563075694
-0.36303004338446115
1.3580793095403065
-0.6770954809472985
0.03434255150494996
1.4287321249767644
-1.321204010335862
-0.06700007027896054
2.2212773691583525
-1.034519960189934
-0.4186024104256487
3.0109907695258022
-0.4773785690213642
-0.054361104695234974
2.4122002230873405
-0.044747714122829726
-0.6507716963680632
3.120552483173402
0.5509617707422619
-1.5433559788790827
3.069391677675941
1.281921030062766
-1.1968800338889871
2.5063803310571164
0.7801008605056068
-1.8187992198877576
1.8488459830867634
0.5583196609539272
-1.1391606323365375
1.222030379442334
1.4511383303835765
-1.0582229616173138
1.0857673145363231
1.3289384253375296
-1.4496744250812914
0.11171693689705937
0.4161854828792206
-1.405039919802846
0.49661294023314123
0.013053547990193032
-0.8778079468355483
-0.23591557988393042
0.4114284948931437
-0.049207182238286344
-0.5386387242278662
0.3084374952056176
0.09800564628897265
-1.5157834132510988
0.4274324843149532
0.655588740052622
-2.4987483943451525
-0.33947443071931815
1.126976758365159
-3.27261612870255
-1.4321053337472438
1.144401493504002
-3.314760361641633
-2.0872937188258764
1.3054190202849654
-2.4479739865189862
-2.718007157785851
0.8194598244545339
-1.87658471099098
-2.7861384235608355
0.9400046599809736
-0.8558417961576242
-2.3812403290885245
0.5529959640522522
-0.08694014076895587
-1.9112162712516432
-0.36884622988057164
0.3834305502443133
-1.5369469115778296
-1.1123321022499746
0.6729381033155474
-1.8571807485306624
-1.937309006223585
0.03455190344901516
-1.4644385235077886
-1.7510948629886753
-0.9694108602662418
-1.2659228470540576
-0.5902141084210524
-1.0269568574594548
-0.21053704460977252
-0.23723575467488509
-1.0037541203188147
-0.19417991707255913
-1.3012337349526826
-1.2045672177059121
-0.2016130460495846
-2.3124337467997096
-1.2488145772392198
0.6563269777341305
-2.8047432008101785
-1.4307798388143447
1.4684005866179417
-3.1036301576543104
-0.9173775755862891
1.5024252773098186
-3.3633357892968765
0.10649929047209389
1.3671178527940027
-2.977963664805254
0.9405783110043396
0.9365693658554926
-3.160671286588494
1.9215197206371777
0.9946130801319699
-2.4294148730435414
2.64395381379093
1.695749445808483
-2.581764870719648
1.8071574316890862
2.2687536414852296
-2.1468139774572914
1.0964668074108925
2.72456358024034
-2.0256725672806493
0.1190329473218011
2.978013140506825
-1.5187242152251146
-0.7437416621711109
2.8275452502045746
-0.9047031650827702
-1.5351286659442327
2.8775211100694627
-0.10021475821342896
-2.207225648586896
2.430950018025234
0.6079200553507637
-2.7654991854006568
1.802161865332073
1.207690774899555
-3.2521881169964972
0.806140685787913
1.2538674817812152
-3.1840403937434556
0.0850761523934851
1.919835265796805
-2.978612148318164
-0.7663837967964368
1.9451231361941321
-3.4570164368246905
-1.2121953944716835
1.804511648056138
-2.5263025205503897
-1.1130537476079227
0.757571347089627
-2.4460873944064527
-0.349735287443744
1.5157173201379073
-2.2210571718239804
0.4546577047003843
1.252824438393873
-1.683678765554758
1.5280341178886958
0.38500013209462924
-1.6296727865993348
1.6280718266612433
-0.1815164729379038
-0.8185197885661829
2.1709417428129454
-0.8480741180942374
-0.8200180319272795
2.826460890453911
-0.7061812976224652
0.04846183729566298
2.2482929665081777
-1.227973581646061
0.5815866707064341
2.5473586957789975
-0.995338370924758
1.4420558124174587
2.7924098906455734
-1.8443052422316
1.832481126618742
2.5949584931785754
-2.8459585344556326
1.6686327425002367
1.8192629982954338
-3.476631622193679
1.570075188540597
1.1821597217128768
-3.9107754251637816
0.8923383311321905
0.5041753902661671
-3.413024530628272
0.31974334977582825
0.25057903036759016
-2.8819614529855
-0.5162243369298659
1.0190613935967365
-2.2738504853215344
-0.702385500309121
1.5032988418261286
-2.3149732092297315
-1.5645505962346753
1.5553949292692524
-1.5587939621614912
-2.2953959006772946
1.6029236044210502
-0.7619063001561414
-1.6210673062128635
0.5948560207608302
-0.6572724096580099
-1.494702049922775
0.669018725516359
-1.1438235274430688
-2.303750497437813
0.8962609224788524
-0.11649582789278262
-2.2661488916794705
1.8546956094343847
-0.09518817981264509
-2.2842197459664306
1.3724821983190343
0.8598413695418657
-2.365244760794243
1.5334893259089286
0.24056439005213526
-3.21058325216139
1.3774727018926511
-0.7846592112078433
-2.949268292218542
0.4263721545490506
-0.46619281518921923
-3.1032471225504628
-0.033162393032026505
-0.3043372503731959
-2.1399939825838072
-0.4036247614713422
0.49008833889774883
-1.9070100595661257
-0.38720219409696066
0.04462218575034299
-2.9127698917721165
-1.4186809774241111
0.08496930356437134
-3.0682202550941358
-1.8951306925028126
0.4845492795987585
-2.204002540570929
-2.1776616218999316
-0.4881097953181313
-2.7261473889431
-1.8937163521206193
-0.5973404780593271
-1.7102840832131003
-2.2520647102204787
-0.43163875366720095
-0.9059166821671122
-2.7829827616294853
-1.1622756355163812
-0.4597188711188992
-2.301911132145702
-1.3533967041324653
-1.327602031861418
-1.9162219570764716
-1.372232321731217
-2.2927896668881633
-1.08964755019926
-1.8053199504089608
-2.612085670036452
-0.3082544801202357
-1.1998557091938713
-2.863083011528635
-1.2458976362184266
-0.9021914777433379
-2.897140840375476
-0.9556401716403866
-0.18805344842315938
-2.214627127717428
-1.0757314022449722
-1.1961431301680256
-1.7885550694834316
-0.23587179471667544
-1.7831866395365614
-2.034558976802181
0.5568903013065797
-1.8562518504386818
-1.5723857412429105
0.7434913721503472
-1.2965711890149887
-0.5699062666771868
0.02834611761337635
-1.869124570513518
-0.5347484150961107
-0.735615245185448
-1.2836461024447279
-0.35296614221236156
-1.840559691281141
-1.0233006737286918
-0.22118710126973193
-2.4525885968412022
-1.3401161587122878
0.4664276760826134
-2.1230263493116417
-1.2702487624825436
1.463447076958944
-2.1519392549040535
-2.141487120852606
0.9679206091968582
