-0.022415884222531737
-1.89082029082827
0.23138633005252718
0.8197798274023993
-1.8098374080471418
-0.39291252232634855
1.1690028896274267
-0.8350291960888482
-0.2851650053424084
1.3254585114985493
0.09540319005510806
-0.741309768229299
1.7777353888952792
0.9779006757203555
-0.6208458894621058
1.4281507578384953
1.2556983621649214
0.2787885843761617
1.2278845157292713
1.7918904051959978
-0.5262601277162097
0.38051106476255736
1.445976049353858
-0.1493119295173542
-0.13409958766345878
0.6252631294332921
-0.3203165181240306
0.4203431701964599
-0.19119704606543822
-0.5098960144653599
0.1727139586134962
-1.0212935880810678
-0.04234585241300918
0.7917718787994513
-1.1953859646845644
0.6479150810582003
1.332702107329229
-1.2589950464539221
1.4294571968907936
0.9518256321179402
-0.3373447472153877
1.34725961814031
1.5476278821655096
-0.7191128979241126
0.6207954188907464
1.6074016950118986
-1.604644947421572
0.17440345374204308
0.9159616120126332
-2.3560336130408515
0.47541084507672177
0.21607062442992322
-1.9360685879058526
1.240847525297108
0.24568862762136454
-1.0056514316127878
1.3515387100534706
0.01841009406245603
-0.25800262897553106
2.0684859731118688
-0.7855715377195354
-0.5760924979385814
1.509276673153111
-0.5939305645607168
-1.4590296622736065
0.9128693402156037
-0.3775929844611768
-0.552146876551291
0.47552620502621346
-1.3952595928703757
-0.44380468836862813
0.7374496974846718
-1.7322763444182196
0.5166228634850849
0.37544171356711814
-1.8959360958036078
1.494896904240624
0.021918259178881117
-1.5142785853252243
0.7106337501811367
-0.5540782468945421
-0.7372545438266291
1.2092993046936475
0.11508169419505959
-0.6827902943431681
0.3413018551458419
0.3031687706828695
-0.5731356899737181
-0.3891494247735573
-0.36135808146903925
-1.0744557274619764
-1.0573749915710824
0.014746976670710735
-0.5371883212075639
-1.2462313519120989
-0.8205703908444838
0.5089936887889361
-1.0820279151119527
-1.1137988781687007
-0.22515587680541543
-0.5325557767509771
-1.398322128371737
-1.2524223174435183
-0.6902901043496827
-1.1771822030434793
-1.9002100197227036
0.07058751952584448
-1.1438580059575896
-1.4630240344369265
-0.1453391105425324
-0.36173200129116057
-0.9780605875266647
0.28869766653906465
-1.1655720821535975
-0.7028762813444193
1.0232669587692218
-1.769816625924291
0.0812093454518365
0.4823733537504627
-1.4243310374261398
0.8628566061187161
0.976282066393364
-0.9974814509747687
-0.1523587930030291
1.4272938449721988
-1.0049566180884364
-1.1166304989592608
1.7542605180538298
-0.8309564154036839
-0.37869900494408554
2.114128898366818
-0.3756256522300907
-1.1550230381573805
2.1873535331540435
0.1862082900888657
-0.23866669915237215
1.875878219685315
0.5862186937197106
-0.006378696402041724
0.9103113976691588
0.5310499105133953
0.04093269929260592
0.1093116394877845
1.0573581504775078
0.8784243975667375
0.6270041180439657
0.9720269677319964
1.6091453170053958
0.15262212148561125
0.21787776940516615
0.5766255564611119
-0.44776695790123733
0.38467083749805575
0.7184637529556545
0.5769684068238321
-0.17917524046099512
