-0.044905983588288526
1.0007596678006063
0.23298606299085647
-0.35855856525427476
0.6814417179007005
-0.6725993785760371
-0.4218139123239608
-0.3307306614094646
-0.6405229365377308
0.452189853614166
-0.8022981906551395
-0.4540842675198924
0.789827241445428
-0.476909084839405
0.44185960398781043
0.3028359600236022
0.1430896814499041
-0.16346646854164687
-0.1795205629805848
-0.6246520300882101
0.2899282840028595
-0.6554126342792974
0.2220981859070626
0.160066309405871
0.11535860334321152
0.18720071393394452
0.8058327907879158
