-0.07458407435431103
-0.8213132748837252
-0.1425678188914046
0.7426996427271153
-0.5730926160191403
0.4016834562710395
0.3053027841153471
0.092961104405593
-0.18696532829687762
-0.18868783603706457
-0.25144049453529993
-0.9708026164295857
-0.308281493882332
0.7080665056676593
-0.6667732030876315
-0.6985480275977356
-0.03625244511505125
-0.14474871852049814
-0.25416759529598887
0.7214917922102659
0.3374538418093388
-0.15100788317556182
-0.2257229886347414
0.6606660136734298
0.6272744835005316
0.38530241690444367
0.7120543734721912
