0.4613845285424154
-0.7369286212179755
-0.599450201601846
-0.4377127642967877
-1.1203219414181802
-0.36822595787324697
-0.8616920207526203
-0.5233289976400622
0.3184729357315292
0.11845144164852131
-0.6931693420129388
0.3365559307160672
-0.2944856827950712
-0.12367386156136824
-0.3983530446587689
-0.5944414298553573
0.813430930945869
-0.17805051920482237
-0.21950872941492616
0.22156860579061854
0.5325958368227713
0.6873699412369806
0.3927870145360174
0.9120901096922243
0.6093806534547369
0.08469064585782732
-0.03376194416624171
0.30944382628294476
1.0058118372004399
0.21166711107298647
0.2218102359491618
0.6791337295197613
-0.7335402565306497
