-0.101221558231602
0.3372005636205209
-0.7228584568517826
0.7113598315666552
-0.24248151552920658
-0.529774908988773
0.4812605502438438
0.5651275815820109
0.0511692857784741
-0.4610899427290205
0.9274243471686636
-0.007416326578059631
0.18960907789152923
1.3144892065531544
0.6428733453346451
-0.18749002210467122
0.39512713062762833
0.7849672096600352
0.22284769160146714
-0.36654744446229776
0.303472613820403
0.4854978196878461
-1.180115469027955
-0.15271601275295169
-0.47339256926366324
-1.0552494342649112
0.2159318922157704
-0.1950576105368946
-0.6383401694775699
-0.614984440437125
-0.6723232681255012
-0.056634796790025706
0.029335798799363755
