0.1401020056503455
0.7632208559689776
-0.6571088619470153
-0.12015012070500802
-0.12488842244578562
-0.32320876732487036
0.8214398560632266
0.017406478640663442
-0.6117188665731726
0.6015794267003243
-0.5489335976499019
0.20361520398749786
0.5057021254722611
0.4551116529198403
0.2193241070113699
-0.4621294195781463
0.6795410666878408
0.14849331520771542
-0.9926363767903238
-0.18080828425702528
0.14399878454378423
-0.33198837055561553
-0.9487359997776238
0.18913578979113546
-0.16191912625706426
-0.1119137500869859
0.6874692953035535
