-0.4515917425967605
-0.04385008536912267
-0.9163804209890611
0.4917624292573535
0.3116073514758639
-0.841406675872399
0.23830075985377588
-0.537445355886647
-0.399122448091679
-0.6917339989842481
-0.46965831872379876
-0.03141668037513952
0.11026986393298654
-0.41579382959713507
0.5686537455004197
-0.6691110586156273
0.17136675083844088
0.7517434565861576
-0.12325746699251353
0.34078846505908633
-0.06224698963593957
0.8213715899190469
0.11166413402811248
0.09404470681582135
0.27398962422598877
0.5313208881752042
0.8361313060618121
