-0.009711289545540139
-1.2555599241863133
3.109110860260049
-0.8559513555408037
-1.1599000695727606
2.5902918978750575
-0.11689169872683572
-1.7995895456192905
2.2526508855237655
-0.19807019420501695
-0.9013716153571993
1.9554857510745187
-0.8368479255700747
-1.4858625959582168
1.7582228719450452
-1.427621049317064
-2.029375507231266
0.9731202235194165
-1.4367368043664557
-0.8478832275106154
0.9626772496591822
-1.0276418060259804
-0.518253862583557
1.7608243787459559
-1.0901218394339454
0.4676947698474678
1.829091882959613
-1.8251827186490146
0.47541100218703425
1.1200209948118123
-0.9990893918142262
0.05061468496068932
0.9246197856075832
-0.30031573835659037
-0.6913122962738523
1.075337187231396
-0.18390976177630342
0.0736617827195045
1.7388471512172674
0.7271688017313426
0.2866790495242291
1.440482020535229
1.2612689507976804
-0.2556268560476984
2.186358062965274
1.7497139079959725
0.6437869371493529
1.6613672600848364
1.7605268006834653
1.1252557370991794
0.7558734691373477
1.0107276414927813
1.192916901279641
1.4861033438603881
0.9225779880905043
2.1457010705499586
1.7294035694236938
0.16421005629449914
2.709369269342542
1.6237851290198733
0.19634658987265796
1.975776598601015
0.97367745879382
-0.6414393599850093
1.801754764791208
1.5409134608280128
-0.5017363964345254
2.5694534368610356
0.9566343067737915
0.4657112063969138
2.670138203034179
0.6658052575306088
1.2269101107763316
1.9980433309466659
0.831747055065075
0.6500246484338604
1.844744710036071
0.15656701047558857
-0.19272675464164482
2.347049784330427
0.15588858115288415
0.41050709136421615
2.3519884244700973
-0.6972193363567862
1.0769098675819886
1.664516110189574
-0.983524426473236
0.686768007918088
0.8238370717245956
-1.448242727411853
1.0559693812026627
0.3148058713766246
-2.190473935957762
0.4821671703935776
0.10372378510236807
-2.9733123361583846
0.5003578408351426
-0.7804219716260071
-2.4696668878435384
-0.2131594014525835
-0.6267134048584765
-3.0946528327140275
-0.851539618797385
-0.1311337199073614
-3.559366657754582
-1.3630632328603252
0.9042216900829452
-3.3805799963973886
-2.0257916401856564
0.8874511304807342
-2.5919588231807262
-1.5539994451145156
0.09613268558994072
-2.6509317575536313
-1.0350287229854516
1.0245763994963213
-2.414388768306637
-0.8285695438869362
1.572541043676525
-1.5561725351397
-0.5791255875536947
1.622024311584193
-0.707967624916528
-0.134430105376571
1.171049225368084
0.4762406916859652
-0.08261932073583964
0.9579788731943464
1.509610115306447
0.6712155761867763
0.9456448469469666
0.6121165274848657
0.15309631240614263
0.4224782912800105
0.8196229732171598
-0.7747468445682085
1.0323867125639894
1.0282288932296575
-1.0069198656947624
1.7816302697483615
0.5843905769274289
-1.4170635804954905
0.8697951735018196
0.12162221810483581
-1.1887243675321786
-0.12928965248990693
-0.10896871550240879
-1.3981273497364621
0.13229834166695562
-1.0290093798400828
-2.183421553209607
0.5863969457476778
-0.8936936059625351
-1.2369618702898861
1.0777699329123813
-0.7465493185143182
-1.713097869308258
1.1202837095466787
-1.7205093806219205
-1.9513991525250056
0.13624718516593654
-1.9622471882952597
-2.1913202470112125
-0.4298150643173415
-1.12104327279114
-1.4523854830887453
-0.762076721090236
-0.7976779259494394
-0.5419327784676499
-0.36399125132388577
-1.014415758710752
0.4057803433263677
-0.649205274885514
-1.5706341868519211
-0.36625757004654313
-0.5947544137409135
-1.9947044744603761
-1.4755070784114601
-0.5869523868128447
-1.68761557297047
-2.0779452050835596
-0.6458126957388234
-2.4793101507561897
-1.1475362602761927
-0.7935437631120295
-2.8069248202156
-0.8893632540027634
-1.5506657524070104
-1.9449893013305029
-1.036024268411239
-1.7966187726628207
-0.9741374592326111
-0.41013754225983295
-2.0335121327928114
-0.13291003548044525
-0.6046886735602248
-1.3773772448620984
0.5770526458982621
-0.03250865494704504
-1.470799791672202
1.327908317169355
-0.4137425853093731
-2.363398017687904
0.8246775790238379
0.12407895936385968
-2.8393988301096056
0.17693121873021694
0.6119050328282485
-2.130068954566819
-0.3144120707462871
0.675479601928034
-2.15728533895282
0.6831845081312546
0.23474836014754819
-1.409836938112043
0.17864658338060618
-0.460274422386687
-1.0526158023070415
-0.2552793987438465
-0.22387855389462785
-1.235627386074278
-1.2374789067785068
0.7284777185221316
-1.5332233399096344
-1.106881011789141
0.3555211256107783
-0.8153029891080571
-0.4758673380709374
-0.2753107558908649
-0.3080420889373652
-0.028648327361438464
0.31052976821548467
0.15184054212455914
-0.8367037737036765
0.17577687518891727
0.16389541624692383
-1.8648080519471963
-1.0129444158330738
0.24659954232575163
-1.9792907218326994
-0.41866389483537797
0.2900060460911597
-2.5994308719797443
-0.10097423033081933
1.0593024158842634
-2.1375608288328016
-0.403746726492561
0.8458522719959849
-1.268941183747521
0.1216503820412849
1.6495842592693126
-1.3398413153701882
0.29414539005284107
1.1302881462116983
-0.5319129687939729
-0.5060989015299932
0.8128180753766601
-0.22324947436141843
0.5470520290370006
0.3588082657892445
0.006766938558623779
0.5610566856083647
-0.4339440701446982
0.46429727051748126
0.601713429095739
-0.8522366228345287
1.413332553978258
0.7294956005048084
-1.0348867063560305
2.378710325187127
0.9394292227560231
-2.0002845098698505
2.6851672134508675
1.21406281192536
-2.642840703958101
1.9328696531910565
0.2548760207409439
-2.5439771715120916
1.6046700873094593
0.8716874403907271
-1.7052700441546533
1.6540992207630485
1.5424490083486568
-2.103855586600182
1.1308219819536003
1.232602158839677
-1.2702973175477814
0.7894804133069205
1.7095059337379008
-1.229109251431209
1.581814663677224
1.6631291313585364
-0.3516068770063774
1.1387357695502802
1.3406321577354068
0.22210156856876548
0.35751177250511074
1.9928662702610933
0.06887013170602203
-0.4503429499706199
1.2651297500301555
0.03268661426567482
-1.2297509999014602
1.3304569382969715
0.6378817573841463
-0.5216673396176084
1.1776267549050508
-0.23997796049469827
-0.32307082617472505
1.2023695965447119
-1.3086033089269764
-0.2601476229392502
1.8540977561328833
-0.6117183428980246
0.26593734432446803
2.376674360753382
0.22903479676508795
0.617045902730968
2.5445147577078777
0.9998956137454114
1.2851003669773486
1.785572004453993
1.6608975074011112
1.595070698657252
1.1218677751325459
1.4880684960537125
2.3859199826297997
0.15388555679472696
1.8145661422608461
2.2665930626801947
