-1.108067818775004
2.851641769690144
1.0341524316228325
-0.32106693948073206
2.5703162852630257
1.6652714790946535
0.6325838068913234
2.8268700533127484
1.338144349579873
0.44243016013509273
3.160572405730499
0.4166734182061944
0.08685669441833287
3.6543442848757848
-0.39966444514815436
-0.8430077505484377
3.7648569454702923
-0.5624507121801351
-0.5271003267171044
3.2572927866319703
0.22510128387510747
-0.3811700198340089
2.8451727784534593
-0.6936829581473605
-1.1474437620494229
2.2865321029029544
-0.8305371834491869
-0.5262386285093924
1.790066390452278
-1.7137041611522967
-0.051857066390800656
1.9718463523870642
-0.5214946616532325
0.39741627753592496
1.239473701969254
-0.23890970620721189
0.7217939017607228
1.7781220761795522
-0.6517077540768763
0.4543407071409619
1.8795171183991204
-1.688050479648288
0.08424747874627597
1.0766886581352924
-2.0573675340351176
-0.6806842563428177
1.0034969139376155
-2.9651774574939234
-1.109275338011869
0.04569524896812091
-2.9339661757030036
-1.600352152799095
-0.8880863794671855
-2.4783140584270904
-2.0313620787886197
-0.5191096453562186
-1.5456478023913627
-1.782639691836525
0.22410500907361816
-2.186895131672375
-1.9056147150695695
1.2036137680252101
-2.153371704040704
-2.5665249907641408
1.6850723256127143
-1.4101014598046058
-2.093689838235951
2.0029318995166996
-0.5685157376193778
-1.9022089954822994
2.630652238053796
0.3458286311944792
-2.389561043273526
1.7641410744187915
0.5010846090839042
-1.44370926910714
1.920016038953234
0.9316129397205672
-1.09991130509125
0.9612081662505347
0.9582263291203559
-0.48723691751712045
2.013256852782175
0.9525702033886316
0.6385329705127929
1.9193809847366832
0.6454491169265434
-0.0300814212007391
2.512742768168796
0.053075118790602754
-0.9721654322891421
2.354808376581276
0.10690183226423564
-1.5500017167299798
2.995407932168672
-0.5136222710476526
-1.87878636342144
2.4360774620516517
-1.3246867935131843
-1.8036279305308236
1.4833303018817547
-1.2438293163266148
-2.2525881453442604
0.6833032161832553
-1.4293197335903245
-1.3538860397419297
0.14262771889444878
-1.4057254561011236
-0.40241875898420326
0.3779936943080078
-1.2043963300133358
-0.0848090366738562
-0.42461651166361125
-1.2967797236436853
0.15860874329632854
0.07679821509064622
-0.7211805360486592
0.8169269071826278
0.714743961690971
-0.6119706666903448
1.209633764732942
1.278076019493438
0.16330266524626133
0.9240215330990407
1.2750917649250455
1.2401997999788172
1.4745171995163486
1.7912914736192016
1.940002449098906
1.4927244087132212
2.7140539376907045
1.8802922212603848
1.260084277610281
2.085367525585307
1.1706587860042441
0.4967981766739963
1.8735953058184098
1.577993875931657
-0.4518745449238592
1.5208361484856854
1.7931004002262474
-0.3962803921719952
0.5920469208396791
1.6958306660090683
0.11370732231583518
1.0147912890337638
0.9923805207029737
-0.5788224099175905
1.5167177442563413
0.02568848317132707
-1.4419074477835736
1.3332920995326774
0.11787461024636321
-1.7791761667973642
0.8484780395890165
-0.5748097493117649
-0.8825224205857868
1.0841582254947766
-0.8766077238556672
0.30872746128742046
1.0950514759672325
-1.142397720964481
1.135851355337272
1.069744580596283
-1.643702585815206
1.73724131637981
0.33756015159029856
-1.2158555202434507
1.7775300305089645
-0.4166347569744554
-0.4119595681628848
1.1611413291951622
-1.006691994511917
0.07541285198042166
0.06843488842923992
-1.2783787745121973
0.4880156759193239
-0.6649133287122172
-0.40539552252526834
0.12265301690165603
-1.171811055584377
-0.17229559866356775
-0.3700230311776988
-2.118024948588875
-0.5297901182514066
-0.5223995094704497
-2.2043334855523384
-1.5003873864370958
-0.18081026593289867
-1.2887284168963191
-2.1503275461750797
-0.32570114818627866
-0.4664803480966054
-1.610048950456662
-0.31897183916144456
0.43770205880213575
-0.7964302056851194
-0.4941598091046614
-0.6563752328748039
-0.7750941945334994
-0.8093755488738379
-1.2584818799579782
-1.0385096343299105
-0.10605955845656197
-1.6657437592936495
-1.2669957493291086
-0.9343905144043405
-1.9726341014672688
-1.3497834299385048
-1.763864247462603
-2.342468688687938
-1.4647980351863485
-2.6997942826782113
-2.316771595877929
-2.3529084705532797
-2.0539370838452506
-1.9361830635060735
-3.0256594526509173
-1.4467187346342967
-1.6305779904446749
-2.089011401729245
-1.3482928832006398
-1.0032369952181588
-1.246303711086992
-1.9137143744858989
-0.12063317552618032
-1.4487762908835253
-1.279099891707037
-0.617078819572711
-2.2656535201863317
-1.10700394717895
-1.1164642204817583
-2.763820662594286
-1.9636340219762567
-1.3488430437878136
-1.9198220554693721
-2.4449121548402903
-0.5097609396096792
-1.9988209291521957
-2.0407635215610807
-0.11406224699147907
-1.2246606959570816
-2.154543682331251
-0.8107960328860233
-0.28988524379131786
-1.9866249811425287
-1.0473201357599156
0.8003201516413384
-1.985304636593288
-0.22263014559393907
0.15183930094800518
-2.5750016941211054
0.566396667742446
-0.30627218356533525
-2.3183419910020895
0.669888054806952
0.3898688098700195
-1.4510928283577933
0.9908103905543263
-0.36629044921840503
-0.9387401197473014
0.8446938648727351
-1.1991183301274075
-1.4471322861546578
0.6008375672523237
-1.941592232090276
-1.6331875550688855
0.12287132307933779
-2.8913458819730047
-1.2508141801872852
0.3531517550706313
-2.7289613125175434
-2.306781163331561
-0.361585247984875
-2.439284227063933
-2.914706391152105
-0.6248649301100617
-1.492130149981916
-2.735184856004037
0.3275624992395636
-1.7994747186012516
-2.6769858520085767
1.244415297565725
-2.2249482249799106
-2.3567595362752223
1.4939582648995242
-1.919750765045694
-1.5638297036897775
1.422947839265791
-2.1487922565701
-0.31179694676717706
0.6089351145483451
-1.736304501653406
-0.7363027195293401
-0.06964679032103771
-2.4554891925604454
-0.47977935514846
-0.4056644740351315
-2.0595610695902327
0.5819955205503782
0.27430592681067445
-3.0948321295098764
0.4301912086619193
0.2801584149939921
-2.6519799811432607
1.3595151044250082
1.2890253551317732
-2.450908193680624
1.3443428239762782
0.5498900342447348
-1.714461058320985
1.1571013398175054
0.7446827427598657
-1.9994619427948772
0.29837857257167055
0.8733570493891488
-2.8139496025479454
-0.5485389406637156
1.1692857244411898
-2.8045136170259406
-1.5399441454120597
1.8311648367245084
-2.796153689338226
-0.936972120168466
2.346578291345659
-1.8298743478553687
-0.8596755724306424
1.448966710384308
-1.1085279064873985
-0.7709850186341525
1.9791510320270442
-1.38425962546449
0.19498746006071863
1.53640585055287
-1.448580755950366
1.05253562647669
2.2226969766406803
-0.7215598174741418
0.9364804055963593
2.19902372851731
0.26237179557007595
1.371854168409355
2.563780200994743
0.8128173195855575
0.571752815566975
2.1661644710786545
1.531516818211298
0.018427752042993666
1.942169607292229
0.6436093118948045
-0.0873125278679654
1.803213268755302
1.2120827859255467
-0.7869026010280074
1.459937573277252
2.2298633044989002
-1.4260355765737904
0.7472980008811683
2.8467248737540483
-1.5190553987629547
0.5990495494835324
2.628437362050429
-0.5668659533312118
1.1983947411885612
3.513126889983014
-0.1990240175105412
2.098583292406786
3.2624417359931654
0.024114025671460922
2.4940490166095377
2.4260881064573394
-0.3518897488086974
1.6397682819979722
2.77484891174552
-0.7067617551756145
1.299229544708596
2.2367835631634208
-0.0189651098819422
1.3656673118697984
3.1388940733811643
0.6793676214683996
2.191089334330486
3.1357458179757285
1.277630904913864
2.2657962274987304
2.397881078011752
0.6211473530355736
2.2782922527661333
2.159095122957529
1.5751484104752218
1.9808202214471011
1.4686536312165983
1.029205587502025
1.4773945766089478
0.41636655236304804
0.7262194449341667
0.805878808893219
0.23112634585313468
1.4392812837176867
0.761306687370758
-0.9423368638829831
1.673170899924319
0.17676134120858006
-0.30524853612404373
1.7598539806182127
0.4789550466662644
-1.0371156266185675
2.48148977401916
-0.2688601596099594
-1.5730871708753773
2.889344449651002
-0.5638492365640652
-0.7197670273048388
2.4455691025682516
-0.7397810743186443
-0.5779265618616458
1.5257334756318646
-0.9178100261376805
-1.257134868992336
0.7089928815958846
-1.2609941170781573
-2.20597195178587
0.6601209726793843
-0.6517962644196512
-2.4870487304123845
1.3939148796562744
-1.6617653804585768
-1.999770689497748
1.5453705669897668
-1.8359976170015881
-1.3779387655834026
0.736812834196062
-1.50034491264362
-0.5313582594787396
0.45819185890343544
-1.5907104972000439
0.40510705253775064
0.3956461761521228
-0.676724939048408
0.6108702025152896
-0.13303168396315104
-0.6717998874900116
0.20823784925208708
0.6088145167145784
-1.5054385658695109
0.202222955934134
1.3373108475017585
-1.9527732626953103
0.9928218789830384
1.0405348182303185
-1.3035277448560307
0.9869324817635137
1.8389591462146069
-1.112188110250117
0.11061722347799663
2.284790147360093
-0.19054494564960867
0.3463182562722652
2.6645853265144708
0.5727509574324964
0.8952418786236847
3.0087134408119502
0.3813569549777196
0.9293139416091711
1.9471875861976644
1.44001058493236
0.6488278421919462
1.9677169939925894
0.8775806515534847
0.07427273465538142
2.417320991581593
1.6350930119657092
-0.23795369640522981
1.9712987969991411
1.3121776155784064
-0.39917566252421777
0.7799118704849831
1.0926104619487975
-0.09597212806843759
0.09584358227976407
0.13519404158528492
0.5541782489322041
0.3649611472475131
0.1438596928254967
-0.29812640815072694
0.8564910101493761
-0.019126510842186806
-1.0091752293360121
1.3374348382354857
-0.8710119253580133
-1.3800114477752776
1.8173043204340087
-0.8437414372528061
-2.213812500541733
2.4914411782377726
0.1938166919990613
-1.8777313688623656
2.0702005281818203
1.0947178425034862
-1.694552982490598
2.1392868210000904
0.780198009589032
-2.5603645669867703
2.1588402163788927
0.9230847625210247
-3.566909793130179
2.431320633621571
0.9222501346762695
-2.8909551828156674
3.205466474292509
0.1524287016767215
-3.551678232174032
3.078399466055125
0.0027096666391365713
-3.2341322630617215
2.1170169275420005
-0.049696522096653054
-2.5382048131717734
2.8587703810273983
0.6358161391586999
-1.8598004303880282
2.9035907800512306
