1.0235355552734593
-0.3314321012358555
-3.6148450786618467
0.05363955954819128
-0.38904363336942727
-3.8289173532397704
-0.08010308009424677
-0.20011520154543613
-2.9421364645950354
0.4350248781475513
0.4628017131085238
-3.4920001633459115
1.0291506318845685
1.308644807426912
-3.4356356484435806
1.2266248066461567
2.2185679948084167
-2.945398843826389
0.972050438039015
2.122524648270129
-1.9474326512620082
0.22411602580944215
1.7527349477104222
-1.730268790590764
-0.8348808913586155
1.28891888285799
-1.7261129738380345
-1.7735164032690307
1.1841405466675767
-1.260390843066056
-0.8360545223765021
0.9698408532301444
-0.6907544353989877
0.00770611435228849
0.6861494252507132
-1.2037945238897598
0.8962489622716012
1.078386963192087
-1.7127733865524417
1.769343448872512
0.9205854931849963
-1.058894292382255
2.3499956292594075
0.30866215003484615
-0.48415967519361885
2.2308424063696735
0.8438853119704764
0.3432722686494624
1.9328716451289891
-0.10300742433814486
0.415424874124733
1.4237665235125891
-0.9893623356257059
0.2695304339964091
2.0551741422586867
-0.6761036284398816
-0.44300260305070555
1.9502546431208958
-0.17441645990385124
-1.2785711898067051
1.430715190434035
0.36811561272892995
-2.1044901174033916
0.6294842349180383
0.6994917855334934
-2.474076624043525
1.3861693736241754
0.47452044934405335
-3.052133161673635
1.4359457298480927
1.2382320113870564
-2.4579222433208243
0.42509197858105036
1.64758838198968
-2.6115187975698566
0.13571413232611726
2.5138415819129363
-2.196021034483396
0.415630333560597
2.4975358459802375
-1.219668643538596
-0.04536350980908992
2.6026073040670332
-0.33037032202909006
-0.8232634448958326
1.9268080539064538
-0.3922422229498546
-0.3391340014673941
1.112216898167534
-0.03607144256505117
-0.727190143518453
1.741226953737282
0.6191144377553499
-0.2660111205651744
2.64276136727684
0.8799065459953201
-1.1546624384693582
2.3484887535625187
1.1922817533119394
-1.6368113530677686
1.53953283049488
0.7373474692776795
-1.6823823659941903
1.029312537806119
-0.23322340114668016
-2.1916611081942854
0.20370673947076767
0.030340711119337057
-2.38303041676411
-0.19790009243689552
-0.9280137496663216
-2.908900334279024
-0.04601427173949459
-1.6937353792777234
-2.4421890720527752
-0.24815521418257955
-2.516015735906726
-1.8172802677301103
-0.4612954145951532
-3.326134889502785
-0.8343276267704247
-0.6082938585224953
-3.3953786095194602
-0.2691042729866235
-1.3606214477698308
-3.773029279262831
0.23832268271931892
-2.0119635441306487
-3.116088239795821
1.145855488112933
-2.0974755888514385
-2.611430375154375
1.7547746914312543
-1.961257090574357
-1.7405655865402534
1.531690083999039
-1.0512888419142286
-1.1024520314154471
1.078732620099674
-0.4239957083705351
-0.5479748171413261
0.3441185084386822
0.4898732738608796
-0.4258978711851328
1.4077095828335617
0.5599614303031669
-0.12209868607258832
1.7153157383125865
1.4465680313372533
-0.2317058568285903
0.877954673582247
2.2776895800256205
-0.2946336680068454
1.204752584159669
1.8086785501406797
0.5979867017600005
1.2977809632016406
0.7641176948221252
0.7938621115672153
1.6631667154616705
0.04849879213666873
1.367267068100478
2.2223633307932125
0.911172506936338
1.57144272676104
2.1036482616023964
1.7694445739560667
2.272777129408171
2.3428025759007967
2.0161366445348197
1.228593102619431
2.9196088114198737
1.2394234094684597
0.9305179725214492
3.08869784791297
1.0842287332607872
-0.08016792086012123
2.748575230050075
0.992431842743613
-1.0521170598512533
2.1669844481827476
1.471348551025332
-1.7348237371957824
1.539947105823332
1.875573841308794
-1.2190041973438304
2.3877716564882165
1.8766778938465416
-0.7979328129342577
2.4801042117457084
1.812140309792232
0.24099370722095026
1.9455995553747023
2.566447596813751
0.516372238885495
1.6491728170969717
3.4388451769713804
0.9052370072651463
0.9806634175718248
2.7537438199913313
0.5022660767740221
0.6272849895899428
1.98449619878986
1.209315832763276
-0.34734209127162874
2.0343301205697566
1.6298697262430357
-0.3959784773684498
1.7865494373949664
2.644049926485312
-0.6023561326194989
0.8736119528888739
2.8938357579988416
-0.8434499681859287
-0.10891429837093816
3.3237624888766306
-1.7269958221798511
0.2405217745455497
2.8754996328887352
-2.072326246925048
0.03282630394596093
1.9331802992493252
-1.7751987972749443
0.22858074406379728
0.9832126144401707
-0.7926741177282297
-0.06703089956426778
0.9737764455530605
-1.1748304367032267
0.3176379648682424
1.782276884164633
-1.3442390019322938
-0.4442936849467711
2.275151016584853
-1.6194498647314166
-0.654294609734948
1.3612129399147357
-2.3837725605901188
-0.6105810878201566
0.7724874086733031
-2.3994717097743994
-1.5675453987292043
0.5551491132862646
-1.7307824540105217
-1.9619006404117958
-0.12344132055120524
-0.8842641415419327
-1.4735935653153147
-0.7206010270207027
-1.25152323751523
-0.9002367559844692
-1.3859114632106964
-0.785056200496982
-0.39584487997953727
-2.034228446857785
-0.495795543473579
0.6178688504195616
-2.2662063991298536
-0.9864257202504104
0.3737937085555219
-1.5515504208171322
-0.46230290934752183
-0.15471393425503996
-1.1599577797357163
-0.4901402197229497
-1.248890831516473
-1.5897698787150523
-0.5574482862623321
-2.2288213413769244
-1.5906222955236036
-1.5596355297466975
-2.2899350444471267
-1.121816115931099
-1.3399684928016886
-2.6150476329204393
-2.021745973364533
-0.64684308457288
-2.30522963660963
-2.680147665410245
-1.1309322008450184
-1.6457039937095614
-2.09869727143813
-2.14213878753984
-1.5687996079547124
-2.4466477581178103
-1.410297695820932
-1.356790037807542
-3.107505622254835
-1.5761717925228924
-0.6630932911712161
-2.43082159509981
-1.1865986780342341
0.10951647160088168
-2.785736886610567
-1.592213175153223
0.9294170591695635
-2.2872691538162417
-1.515424283953978
1.8833654179560133
-1.8792214483209457
-0.6613966502173029
2.161908395658619
-1.329970052011556
0.07341496024247485
1.7310374043158248
-0.6634360553489612
0.3217923538678914
1.9755245626134972
0.325208949654779
0.07209495268591413
1.3864596231850135
1.174476951602439
0.010972152783871938
0.33719802790300424
0.5301878687843643
0.4382229829909878
-0.5008418097031754
0.20237188619466476
-0.4919565098812574
-0.9002893236764632
0.2776301284590589
-0.5573797730855355
0.16750668017041642
-0.12462408394499903
-1.023373440935271
0.7327449868271826
0.5137980424431503
-0.8726501867923326
1.2854898651036688
1.3774426605088674
-0.19013715086965816
0.9085307363659719
1.9801978799894744
0.4019837675164202
0.3640252573800806
2.3473936276786143
0.804937869834254
0.8412377980515588
1.6911622680559126
1.3076312843616933
1.6855117530777928
1.5515021991552436
1.499477904663902
2.5324815965639793
1.4262764369524012
0.5806448453133414
3.0561675675425657
1.5380932312749054
0.29560976314970056
2.60030365300662
2.3717514037903884
0.6313792014371237
1.6973814987063798
2.0351762531788244
1.258389784948235
1.6735558880953791
2.809621818134745
0.6856784399348568
1.7164803736175527
3.625554678707852
1.2606736055257974
0.9240151008303666
3.4858052256030856
1.0461212121813372
-0.04377612511499253
3.171661938396558
1.340188169392663
-0.3013728203775152
2.1957210849442363
0.9517764620965712
-1.3055691082647616
2.0585836095538443
1.4471300317116034
-1.9286649090058223
1.4950262457111756
0.7209905960035424
-2.4853970674944024
1.0714042167732853
-0.149794529230731
-2.3464079629920316
0.671278851040694
-0.9487597304970699
-2.7823963510109
0.40132623902401177
-1.0157488022831718
-2.4646183214851454
1.3381449239384349
-1.7904599803990804
-2.5251233636679125
0.7106422404084873
-2.189223731641899
-2.0479857530939696
1.6386870240608589
-2.6128540582166626
-1.601774347334676
2.4499008522425627
-2.2238896784166733
-0.5867081780823221
2.6956336959817064
-2.5102028561408853
-0.8102938360167695
1.6992346159611675
-1.6153521118119376
-1.2655254822368287
2.1289010342204464
-0.8379022486909039
-1.1921773250157413
2.790002371892742
-0.42238301197257344
-0.9136390022744781
3.6931542714325833
0.618369273805942
-0.8690528952386682
3.592646903835481
0.05246171977419011
-1.6076213869376723
3.170439043329271
0.6751767353520673
-2.1238137671728214
2.4669129709836466
-0.061292125371072245
-2.2840968618645197
1.587888173423959
-0.9567295231260676
-1.7308812446091741
1.9104767443483757
-1.3302896900071757
-1.562941155980123
1.0834310176783397
-1.5550902332003618
-1.098094606398216
0.30631188117807945
-2.3991733870159693
-1.0030083005781725
-0.167099123383403
-2.1693019990336286
-1.5294414252668518
-0.9785819241703669
-2.341905704839512
-0.8039710683675193
-1.68578221117893
-2.0024419337987847
-0.02878366090998718
-1.770678870464727
-2.527839973261181
0.8437274973809396
-1.7601270420466677
-2.4158388497263843
0.7155826621667615
-0.7601859599644925
-1.5576063435543241
0.1448187803398933
-0.669535836377702
-1.160933729259159
-0.708971885117628
-0.493382632131471
-0.1288288149599947
-0.9519286941767359
-0.44370334108995135
0.3136599292412155
-1.8434276537287382
-1.1965237084045333
0.10414199895479585
-1.8689213985646873
-2.1070582801252646
-0.46645621368013235
-1.3141143804044104
-2.7828180543906478
0.4655370986772971
-0.958135464968206
-3.136084429671354
0.8601623765192582
-0.2839642337890204
-2.6233833381429967
0.28176935698403627
0.028033469964139843
-1.8086966890248435
0.8622755935265912
0.32916435754904194
-1.1864451915989895
0.809899142512799
1.1327751033445683
-0.6137244301979432
0.8324490388278082
1.0094375227257175
0.282473956092187
0.7165920479365014
0.18606523039217
1.065796963724437
-0.14685533825986802
0.11298870172851685
1.638253930181209
-0.53017863202128
-0.7010594794336542
1.6986314654087808
-0.36630103802128355
0.12078519229510382
2.2302906069226576
0.13144700172514953
-0.5868002549151501
1.929885524435009
0.058888646250181594
-0.7184726825787621
1.0185281191966744
1.1422198081721338
-0.7918555410067687
1.2232299331027485
1.9044925300122661
-1.0538753801285239
1.7855374842055465
1.6669853999606703
-1.8404789345390684
2.4881047878427154
1.4346286647117987
-0.9240016995701584
3.0062138777229617
1.9440312677327602
-0.07175883916264021
2.8555962676253666
1.3918315774843515
0.7377541169154842
2.538548913351606
0.49789603147248584
1.0437319088243349
2.9287371521036496
0.09141270077721084
0.2891297473446261
3.3009257638671134
0.046092327507384435
-0.6811510734179657
2.85057977137734
0.10782013833559512
-1.3200822345941363
2.270017380744781
0.5933679049702
-1.5624315016534305
1.3223121317257345
1.0147594148377181
-1.905126040513228
0.29943965120852156
0.08636409546901688
-1.9203438136443254
-0.3731825029232546
0.2505978281668333
-1.3572631696418813
0.2630450560368674
0.8210636862233623
-1.3044250684735852
-0.4329090539287789
0.638480316310244
-0.7117398141804615
-1.3021164152622768
0.23259705116084733
-0.9299258741969894
-2.227751793471909
0.9086332516012774
-1.4019738157737605
-1.9612072404807288
0.8234201761980668
-2.4140117264726353
-1.697235030557684
0.20800510976285208
-2.728167458161176
-0.9385561811068409
-0.6597854214637613
-2.5893296679082383
-0.42980607823963607
-0.9462295500451314
-1.7169220908237668
0.20284069694431475
-0.5346775709975118
-1.4209738011984954
1.1411661842293597
