-0.22792913808925563
-0.056599910788398725
-0.29876542262817335
0.5513561064559164
0.5366334107575612
-0.09935774194118395
-0.1824096736825424
0.8370416007699344
-0.672094267329834
-0.3358413735635588
0.7076625050200135
0.330096206662363
-0.7581885310894508
-0.20397272080146314
0.5853103735988775
-0.3552341956685404
0.3872168991708259
1.2815443122849057
0.24390731494151485
-0.0708993172004787
0.6337818885076452
-0.10876570103352609
-0.9264169578157714
0.2038486762508193
0.05004560566084546
-0.8470719304750671
-0.8061832148416888
0.4284143310893818
0.08204575426839118
-0.9809835372435801
0.69464525497921
-0.4456393329055329
-0.17719727332014273
