0.2199669378023245
1.060179178042908
-0.9836776655268369
-0.35167748082524736
1.5491793486932315
-0.03562577591003941
-0.3177740928510474
0.5036743605461196
-0.21752076708325802
-0.01096769226209508
-0.2567087094948633
0.29621051727108233
-0.36468770846653586
-0.4229907601141966
-0.5303577007374358
0.028169709778779004
0.11637948311499724
-1.0198973194806176
0.08642568757818135
-0.4130888375013665
-1.982759498647619
-0.5637631005033337
-1.1089135865038462
-1.987981550549426
-0.12208299315129022
-1.8531568137005032
-2.5150816702266563
-0.9736933985727491
-2.1170316858438247
-2.0587519587464262
-0.060595417952951924
-2.034293121257261
-1.566523651083904
0.5249888614921417
-1.2995228167740283
-1.9502324644471094
-0.015048651618814803
-0.8966731922303329
-2.7301973020669656
-0.7321054621405875
-0.27537545176105743
-2.4080168496134755
-0.7293235818626101
0.5497392753031
-1.7662487148896264
-0.9931931100587814
1.061419321317816
-0.9257071007972486
-1.254581022614031
0.28351523265692324
-0.4098047918702022
-1.333321673838555
1.2410430203663265
-0.02668741637591226
-0.8221485879452025
1.4469875244051866
0.7848714496776639
-0.7360067752440687
2.2951411183029187
0.3272118017638819
0.22319868928208172
2.2759431615277284
0.037592725967447595
0.6234673979086791
1.9383556426531818
-0.8573630341436114
0.9048106028754018
1.299766630049158
-1.5622671687293095
1.689834014426995
0.6699140053065401
-1.366745663923587
1.463469149524903
1.6365399149972684
-0.8835510927249216
0.5875796000611435
1.4054857162398484
-0.18254743688185163
1.757931945362837
1.7079101867043303
0.09623132215899734
1.665010416120972
2.472478746132092
-0.5590679749169756
1.33922355655219
2.2586048644104846
-1.504749904188081
0.4268800790744765
2.125417240335576
-1.923537708247496
-0.34226587810593845
1.9272197458119653
-1.3409089575799016
0.011179681212818683
2.8610947659369526
-1.2596577332451693
0.7716924824991479
2.9463869980343063
-0.5354195658588528
1.1971207203452496
2.6374181134651704
0.341086020208995
1.6277946796653593
2.293791319746356
1.1847609609748326
2.103828693807315
1.6283618957378114
1.854994044442913
2.404141237303587
0.6994506376425873
1.4042211638972617
1.4913827496148777
0.25833230643348887
1.0561098057178901
1.5509945172810269
0.7739049188040079
1.9576517176219004
1.1058080865937958
1.6498386285304816
1.7281301085351957
1.6166678038397388
1.3590758123978273
0.9998293613334034
0.9010847884245996
0.8239916712310794
1.2952198263275365
0.8494464613282963
-0.2978103575085122
1.1059321524455266
1.52228834552604
-0.6832308866764953
0.8194564730552674
2.4157163344831742
-0.12732049119543168
0.6734455096570944
2.38866704172127
0.8862856643455982
0.3505590108817236
2.4757730138638006
0.08089022312803129
-0.2571076891055236
2.0940075285041697
-0.8281380469874549
-0.04116638616737777
1.5051584459239482
-1.6560706478007237
0.4127623413818913
1.5353502108725043
-1.768318331966414
1.3906022528420343
0.5732852824941354
-2.1367668442796792
2.0663257584635324
0.032487141178469826
-1.3481433506166072
2.368072282821423
-0.8669447282534894
-1.1916523054753945
2.00423957314981
-0.631483564445696
-0.19690038300972296
2.0036861154424668
-0.9283801643394566
0.6181104982430995
1.5993397272403052
-1.0744923040679522
-0.1734284744673029
1.1017265843406785
-0.8051840868110627
0.48854853743100346
0.6288628151880126
-1.841683607766599
0.4102759943207582
0.4074042169846887
-2.1252162676419815
0.7302370966545394
-0.5714110296590409
-1.5521211231813092
0.4471966738594718
-1.2957621368792402
-1.9787407102657353
-0.4070151233738346
-1.6153966743588373
-2.3577874150195473
-1.1471238218660864
-1.1177854896633925
-1.4518117557127388
-0.9084139172092579
-0.7753885789459142
-1.6579536436258429
-1.8201954685922497
-0.8678690743940963
-0.9153054054305965
-2.4419216760130045
-1.1118857637355142
-0.18870707180884447
-2.185927797939901
-0.45775606341214553
0.5131428758387977
-1.887269006000481
0.08517557260936434
-0.2951319376275814
-2.1204458693155233
0.5566703145943969
-1.3152980720276157
-2.2014293060928107
0.74136206333498
-1.535206830057018
-1.8325371826200187
1.6391116768174216
-1.7374363919782172
-0.8414064976218135
1.5877160620812627
-1.9905839322110588
0.08752874735571413
1.3032608907357002
-1.851976149892085
1.0675257625330081
1.112465632666328
-2.3506372920920953
1.2398481829308878
0.29427736698273715
-2.7029557208357686
0.251688422130748
0.09234021707919615
-2.2239551442744605
-0.23001005932118246
-0.6101105935366269
-2.1700352596240813
-1.2458080545723602
-0.13067464833381556
-2.114701274011248
-0.48700289071023894
0.4951320077395846
-1.9693260452740533
-1.4474375310415253
0.807097480626865
-0.9787254490414516
-1.3133700711024867
0.9881156052454828
-0.1001815834556472
-0.8139374010977236
1.168935987414308
-0.24705478558838737
-1.6737978435466339
1.4388024275053932
0.5720493754851527
-2.0772528129107712
0.9309639682549145
0.666244046979126
-1.0333092572082738
1.5762878688405835
0.33120007467003754
-0.4771633823837679
2.0553563798715886
0.3442658393811239
0.5038053950593647
2.1224059488805214
-0.1902798926555695
0.2703388367624377
1.3007461324454677
-0.009300793385140754
0.9876474925990482
0.56203840921562
-0.14203785255234355
1.2114379972670954
1.5748504898588107
-0.07520646229190138
1.9680672980132707
0.9700296561532528
0.8608548679090591
1.830686110675496
0.8005272651801463
1.2735910065861855
0.7936564289651343
0.39454264671834655
1.755844050939652
0.6915578367868239
-0.2881466635155969
1.6424532208511442
-0.27744087817456736
-0.6795920313727128
1.8411855716716132
-1.1144006163524907
-0.9456642854358799
1.2146571768411674
-1.134220374978045
-0.3142199201521309
0.5335663223261368
-0.9717961135399322
0.6156061845111903
-0.2940387911606202
-1.138093739189889
0.2393295847730964
-1.1312784073635453
-0.6770279208050697
0.3287929641950381
-1.2050960845979413
-1.5668912894775224
-0.06921290413085734
-0.7707684659333176
-1.44868239273916
-0.8823485186032303
-1.5131389915480895
-1.2292486334421255
-1.6236163308403588
-0.9771285638426099
-0.4201124603435259
-1.4409398551119017
-0.021482703134840818
-0.7945511890448931
-1.1716517894333924
0.9812596465920902
-0.7278657269714515
-1.2714666502221315
0.5246962849927174
-1.4937153163563825
-0.9280176339612088
0.47833795663494155
-0.4114514468748685
-0.5323590997306092
1.0827835160938688
-0.020372193688924053
0.21270683556864284
0.7760558751097507
0.4814686147307555
-0.6302616079567933
0.9049917496141467
0.3008377590140411
-1.5704834225462185
