0.3147558108450347
3.3978430672153714
-2.2733164736587854
0.08146095410027837
2.537925254593883
-2.811041272368779
0.6461148912505803
1.6975600018766692
-2.7014551317740807
1.3781613938973263
2.160152659469843
-3.05200006094316
2.2758442109877617
1.7104220621848802
-2.7226101550716315
2.3378304847294626
1.6474387787152942
-1.6231564258436157
2.5944797921804184
1.1354366571316843
-0.783449104681914
2.7480518448499476
0.7431493113744642
-1.7750524134336243
2.225649911165047
0.6970239672060446
-2.661304424123709
1.3769107906253033
0.28927410205001813
-2.745596279254307
0.8226292984810328
-0.5187588892870755
-3.15971163658977
0.21345576663981797
0.028061496422408832
-3.6502196659002806
-0.7771467115311733
-0.12771559577686992
-3.395320312974551
-1.1392665927972658
-0.831451478543673
-3.0060231309988477
-0.1188097871162714
-0.6093194270349657
-3.1218003018143605
-0.3258117733725617
-0.6224243702143244
-4.049924246710183
0.36465351358622633
-1.226043894285132
-3.6790672236685706
-0.6417285885920899
-1.494086895095058
-3.7257345760490677
-1.3141672028064293
-0.7561791118706267
-3.923808052839562
-1.8905774007554714
0.004605135398398102
-4.275546086885021
-1.5179001274575807
0.6962393795540978
-3.6351473641567846
-0.48805384765970206
0.8951604288333102
-3.631517690548385
0.5913703864697418
1.2119386308257212
-3.672056429562217
1.4276026460988707
1.1527288334651296
-3.0439548215633097
1.8749160846528203
0.304188637646665
-3.495818993617505
1.8092379155802625
-0.6159161335268126
-2.93996295587722
1.98959851779691
-1.5798090684825539
-2.365663615433467
2.123766206777101
-2.266306197065046
-1.5241722646272224
2.231606736930227
-2.4783789787342196
-0.4565951654137665
1.40921267967189
-2.5560023869283883
-0.9536459690714998
1.4008651511275099
-1.7594455610037232
-1.6293644635464675
1.5044630517774407
-1.0467707710160261
-0.6518919773649144
1.9131490510815172
-0.9804994433962455
-1.7338997630803088
2.7787811095367294
-1.5454527087775425
-1.7671677607682854
3.1843259892257927
-2.4434733883283983
-1.519489455298
3.569594221398799
-1.6108919248458786
-1.1469237912437715
3.2500136521405256
-2.3604882017628968
-0.525752612246008
4.102562183055761
-1.9063987268827292
-0.4060752840652625
5.0045687417731735
-1.3393741117776365
-0.2832849436869004
4.815177478821673
-0.31476694754265533
-0.22703901612108818
3.8247311134321547
-0.030712453850753933
-0.3706420956874627
3.3159762719700625
0.4962721729858469
-0.014109426162698883
2.882839232761958
-0.3463358413034384
-0.06970502972859409
3.4868740105186555
-0.4836134657551355
0.33166756968090305
4.0109646089669635
-0.9321654718482344
-0.21693427599282059
3.79729752995458
-0.6401962836371698
-1.2080307607564
3.004658311268998
-0.25604652990444765
-1.7753060168623631
1.9717103668337128
-0.09277501553307946
-2.0987247976121917
1.7781496397706849
0.7974761172597703
-1.870536062627293
0.8463061592912915
0.8894993673236271
-2.1948944775876185
1.0621227062634557
1.2298140253237642
-1.0496992172545365
1.8904769843276905
0.4293249772288693
-0.8674002280852539
2.7629234589241403
0.1705819871212653
-0.9008009262260631
2.9074668934362156
-0.8440648469837575
-1.0795540841051898
2.234635312851004
-1.6326273159742113
-0.8043003378873034
3.176130839970767
-1.4026408855796877
-0.25705978639321814
2.753072407558361
-2.118664659546309
0.3215555652116974
3.719438725503564
-2.328322927706183
0.39168681684454426
4.397476817204351
-1.588963247881987
0.531151119859802
4.442808749715814
-0.5966525631105464
0.6606629526094552
4.346169470987416
0.15507105574843894
1.3478900930219648
4.201049249064242
0.526420180838947
0.39659018942501856
3.800293294505203
1.3725273776774316
0.10963058317411178
3.009813588929676
1.3028770317668266
0.6894999784289735
3.0334430568387454
0.944374411910076
1.5960520940757439
2.2256184363581237
1.609838756050986
1.6637107573967798
1.7283838215525982
1.1437957083443302
0.899375002487269
2.3791237170555797
1.421306247481111
0.0013109663544658007
1.8011261269644483
1.7620363747410785
-0.7480067536820798
1.078436059927713
2.611821664102084
-0.4087700454373696
0.7277897557091136
3.099168933762184
-1.3016103345003134
-0.06287745643895978
2.495401242063161
-1.736766745603908
-0.8737372764982433
2.078412853987028
-1.8384480391078635
-1.026714085670961
1.2302026233085976
-1.7333405114976286
-1.017621738741878
0.8572471173301967
-2.7439657495946355
-1.180303018296174
1.5577053209939142
-3.443256450466935
-1.570700143793841
1.6249363150494307
-2.504848435606806
-1.8368740325073216
1.850782777443819
-1.6088949566420996
-2.024223022134024
1.371140832735558
-0.7844840862554912
-1.4704113529798626
2.0459235024604467
0.1037766133885751
-1.035532408040354
2.903150944916163
0.44978812425872133
-0.45527115957853076
3.2124428846030533
1.32578731954329
-0.04491692643618787
2.424610978221736
1.8907957452259008
0.5593911757525021
3.0298511872174254
1.407074570748073
0.040312425613520976
2.828472119193691
0.5740656255873998
-0.40255694359089217
3.142028280861044
-0.24441670587128744
-0.43492349663525265
3.235817669380523
-1.1907062000182913
-1.3222452359603907
3.283087839985635
-0.6049031417063908
-2.322775643639868
3.2587822110455713
-0.44577951719131365
-2.551699890315099
2.331591025519592
0.009725165276180394
-2.845360277899973
2.520436431847808
-0.9774243811541439
-3.293903006199674
2.9950771509460954
-0.20655361210950993
-2.640957623579621
3.2052249360331886
0.5585520070865599
-2.3623742391338802
2.8841431398327546
1.4590154708098675
-1.25124925918015
2.8829911219583333
1.7805404800613016
-0.5667402948193361
2.324658639829903
0.9925443040393408
-0.6288812515510988
2.148656442978258
0.04901223811259223
-0.8685311768243973
2.4396121315403296
-0.7944941256939536
0.15640456575373593
2.487537965440648
-0.8104498403976105
1.1085158625885791
2.1282416271161737
-1.351370357331336
1.4774191253998823
1.8463405216559057
-2.160408090323664
0.9439322023632499
2.436579729066603
-2.27084893558459
0.4429571824239828
1.6678442614101703
-1.7649734077077817
-0.3700369087054651
1.595500183285505
-1.1020485595160676
-0.9478792251247409
1.325959270816025
-0.28055908811789715
-1.0556537016148744
1.5850427300259162
0.6732176616530385
-1.706843201966238
2.2975999708057167
0.8764004764770272
-1.2971447824334197
1.7554450105194181
1.7336060395617598
-0.8081184809791729
1.243771427621895
2.2637109987904687
-0.28387088542465233
0.33250810995816227
1.7095198249584744
0.09299721028382409
-0.43048087779035554
1.360599393625364
-1.236737752018786
-0.17812232798315922
1.4402090680992283
-1.505160922446183
0.5087464352408301
2.0501722376131126
-1.8432908536393275
1.3042699098679011
2.22200949555887
-2.273145290275821
1.8123386631562013
1.4975103449077185
-2.165926561111496
1.6494404543011068
0.5188251162925626
-2.580690662381607
0.8152134118888051
0.04214023624775324
-2.571840052588531
-0.16443027961259432
0.044098795078344244
-2.526674747376242
-1.09258333393268
0.3770006209103393
-3.3281080452708682
-0.9274587567565713
0.7016410594888279
-3.3389222007008805
-1.3628711070359714
0.015529833731144471
-2.7825054772499818
-2.1063491391052267
0.1666541039649575
-3.8350712891432632
-2.213274653488019
0.10106435988661923
-4.139864974298322
-1.3403312814842268
0.5913286456577841
-3.435222220562196
-1.8427603411913749
0.8934467368250768
-3.3136260602379877
-2.0123969722925215
1.9517655451158042
-2.5589536041779914
-2.3422186034706423
1.3493797406136385
-2.0208077678745653
-2.5609629123617665
0.5719347318949429
-1.2920347482337622
-2.591295742820832
-0.12731379556287492
-0.41751329251644814
-2.2911173825072355
-0.5489506354872479
0.38090042874694785
-2.106132631965327
0.05840257726592807
1.0075595835389957
-1.5866175798400823
0.6684137002004804
0.9467489709008271
-0.8434702527380388
1.3232486960138157
2.089255054076281
-0.3850330686269884
0.6094315199922592
2.2285197811230306
0.4887903043650243
-0.09161557977526363
1.414498813451011
0.4922495697988666
0.5518243854758011
1.4925356967342744
0.022149782507541228
-0.2159051870029408
1.3218236364647333
-0.8849121619150947
0.2874292298846322
1.8958833725760533
-1.1849406968573537
1.081467346298839
1.823774381865435
-0.1382151764163311
1.5735263596011668
2.503421148857873
0.2250393050509148
1.8435884500453779
3.5406066944908376
0.16836661934618477
1.9543957122770317
2.9639778271552584
-0.46947224092567236
2.6200712766699374
1.9841303146448908
-0.3290924116597694
2.858301028196537
1.391578865831171
-0.7101176105946477
3.6273245307978264
0.5348490864605473
-0.2259030265375421
3.8645621237941166
-0.17525500305319638
-0.5970552042528943
3.2118625223342625
-0.5462789530896045
0.08651845156278161
3.686598469724741
0.2867504475685593
0.6015045596519634
3.36733447929288
0.9663545692892589
1.3525832235964066
3.173658576507503
1.6293867248346043
1.6988022386297472
2.4809235132273755
1.256060238331931
2.403226800555838
1.8480912223755126
0.6474171218733112
1.882232551750735
2.397648861777413
1.1700420553522999
0.841328973965598
2.3351215673193395
1.0488197590156931
0.09700484800948679
3.0584293814228496
0.8290782690664408
-0.9785121779524217
2.832985185127095
0.5309237469832577
-1.3142479796022752
3.7502761426356304
-0.3815682741013348
-1.593036437378373
3.2834703130705036
-1.241469194622948
-1.8512352764600133
2.6829537717878362
-0.5677414264459427
-1.537257227667278
1.9721125082683533
-0.5611298147385338
-1.1458105938042629
1.0254625365843537
-0.3230924899622149
-0.6531749267512265
1.9778109836583044
0.30531338745948194
-1.3267505498650423
1.4903183636020798
0.24809448661660494
-1.233142976329718
0.5163073510671089
0.5940560178008968
-0.17552499205327773
0.6925085384366466
0.08212453431838829
0.43740325260716234
1.0901751293957898
0.8562910174884424
0.3159504507353619
1.3628188866229323
0.854312765100776
1.1226990383505766
0.6976139331524149
0.4050636460173897
1.1616657300013695
-0.5901202421131078
-0.3655926021123837
0.6868686146941883
-0.8302578727874772
-0.3333708059948865
-0.3284936913618809
-0.5081294100530009
-0.8325832498384941
0.3254567369628762
-0.14251182240019675
-1.6891499588332866
-0.09531601222033026
-0.167113901087729
-2.2422826882340776
-0.10428355272824384
-0.8849105669749214
-2.1398446519293377
-0.8550641800067601
-0.4103534162608463
-1.8550107178217685
-1.7810387007231572
0.0086197311222975
-1.7896650605443702
-1.7253104658894673
0.9150848796465716
-1.7686914723646545
-1.9874014997758702
1.8585947709466817
-2.468211099891424
-2.441443578092441
2.3183637735123335
-3.1185887214502936
-2.9758435992480834
1.7594673162256464
-2.884812496406929
-2.9767140708440305
0.7719620190570018
-2.0550200217729966
-3.1370788801293923
1.3729298504591478
-1.1364812402306477
-2.8931462477633714
1.8260492048534245
-0.31884451501587435
-2.641215695294758
2.3347769185029406
0.4528081779947069
-1.7364180731764265
2.4820067395381273
1.2564892370144578
-2.2566260791076322
2.4804470145779645
0.6246701373161249
-2.558944151267202
1.781035789834904
-0.2359535875755513
-3.039244068668745
1.3991116547221334
-0.480546459123398
-2.7244159182802195
0.42269700155277795
-0.5611200820633446
-1.6638399543488713
0.3975867599327144
0.0491507492182363
-1.3083083924987142
-0.45496453563894135
0.47107698455274033
-0.8681070700563327
-1.2994348559799076
-0.02083580758909446
-0.7710306573800825
-1.946947628543373
0.2655634125147195
-1.7183638827740182
-1.82413964556319
0.7042427642632157
-1.871892457773221
-0.804516011575898
1.4936706821918597
-1.7856246124153112
-0.13857456657435857
2.0872656404527903
-1.1522680258490028
0.07561231269458851
1.9657110772321553
-0.4318968626712723
-0.6265865471499035
1.413523797979616
-0.29666783547946957
-1.3795095462139433
1.2304314902056777
-0.8259604461312658
-2.1602767358752
0.5853993616833822
-1.450047895172667
-2.724514524890579
-0.46967457224217934
-1.597509559305739
-2.736984011787146
-0.9317869877522824
-1.7122777878545814
-1.861964534362378
-0.4463704523724185
-1.0236636048823606
-1.2946992669686896
-0.9604896485101054
-0.7154854491035203
-1.8840297068861116
-0.9326350396287246
0.16035419132901418
-1.7514814839769621
0.0877400478885626
-0.27178767852527663
-1.118797177191631
0.7610688141697071
0.38379280491895895
-0.6789054625676844
1.40088545897315
0.8839747307598956
-0.18298558936871234
1.3629451890854642
1.9117543180605154
0.12519219224860248
2.306903789520456
2.1390723618992307
0.8527693257743268
3.155462277555739
1.966310244111254
1.3544081377924915
3.864184845367175
1.2110008807184822
1.0992796723212919
3.4428623931423257
0.41460659819809087
0.9874579263082645
3.79572436604741
-0.6432024673032926
1.4669133951810607
3.4491205144478183
-1.4425695849529092
0.7410865092626263
2.7794159471282347
-1.3803995997985774
1.4709030319837968
2.162269644418013
-1.8440946729218575
2.085866142174162
1.7707679566762247
-1.2687598125509554
2.967646540209559
2.206828756831809
-0.7188879904510473
2.0598772888927215
2.6472881577784495
-0.44249552568827333
1.218714374161015
2.4204491095804332
0.5012118390666458
0.980537701479455
1.9171039536976275
0.7204311562646277
1.4788694114560756
1.0829575253520618
1.5516371718042743
1.4801558842444158
0.16008682791870565
0.9635472201359747
2.136778031268508
0.2918447566664413
-0.010164615407198315
2.288607200920991
1.2485808065323067
-0.37180910949312634
2.0070054051379818
1.1400507857282265
-1.2634906935711512
1.952782501049423
1.4986681339455108
-2.0808326559578325
1.5368572593442182
1.839429438572523
-2.4151698769638887
0.5420900134636796
0.8980919929651595
-2.7006038354619704
0.8099077641498098
0.04032620709639819
-2.1697064402323463
1.1144932743042086
-0.834310197115294
-1.9593470588781814
1.234840791975511
-1.142416792483735
-1.1239658139188151
1.8467947071893491
-0.7713569962682767
-0.9356545939287498
2.6384877443818806
-0.7412069482776003
0.03560479989065238
2.7791750127797283
-1.5747751344796568
-0.4236503818756167
2.3554203907653974
-1.4236424872156703
-0.12062109999188872
3.2959709411434246
-1.8147093262746026
-1.116132686820549
3.1980128874034897
-0.8440753055481173
-0.8477018812337883
3.8504496741386793
-1.2699223552553465
-1.806601827193454
3.7404585862012407
-2.078893763000707
-2.059877759198927
3.2280914545229806
-3.0463032135493
-1.9106944672198338
2.941909412088025
-2.2300769306067334
-1.4719834123145503
2.470954213147502
-3.193938987886256
-1.1088177445857885
2.3658326632963216
-3.767647721433476
-1.230935999320238
1.5418356665527182
-2.844473355333165
-1.2754622383798317
1.5429532122249787
-2.565191735595881
-0.47924241420655644
1.9471322393529031
-1.9811072315886533
-0.6689698027755157
1.2790443688594135
-1.2838061907163008
-0.6506586691129457
0.629366820087685
-0.36301680637228756
-0.41514249459789165
0.48074612515454934
0.514544475844947
-0.6141655883481192
-0.3946064535212018
0.09955284032401159
0.3084333074492799
-0.06947681168892483
-0.28593333622308775
1.181299976681183
0.36095613951736993
0.4568668937664206
2.037025728313186
0.16238994462441692
0.33507534287362234
1.9590989941951198
1.0885058181001983
-0.3334002945733303
1.2959366114255584
1.4140520659810627
-0.8453543070336782
0.5391737598734261
0.9537712818598107
-1.6296649816027964
0.8924742011182718
0.2593864419118236
-1.7886088536161378
1.079250786361547
1.340098386068179
-2.3587197540424136
0.49213336212044295
1.724815403479593
-3.3331955650397926
0.5584067413278545
1.7047325505546187
-3.904164816109857
-0.08271062456401446
1.40369136965641
-3.684669075927076
0.8325490359628489
0.7985443187337237
-3.6123450764668066
0.7959116512050907
-0.21364198438289883
-2.764363070046116
0.7551926464619114
-0.9498851889391746
-3.3287116057686683
-0.1123567756524605
-0.5820423759514226
-4.047611581632241
-0.6883106669467796
-0.24500366879608204
-3.733619547385022
-0.009397628357699125
0.26808749111372854
-2.787106318235096
-0.036971391382328966
1.1547039269446098
-2.028393986446217
0.09199375618232626
0.9376828824295839
-2.7652272762790617
0.9322538729443526
1.111816617426424
-3.2384499049919406
1.6846048055749911
0.4040637114612794
-2.911650888045284
1.6969213542749848
-0.5611106227380919
-2.7474526790942586
1.555829521240827
-1.448352724759824
-3.0314642318914857
0.6788221938501653
-1.8909872267973982
-2.9635497768583607
-0.2906316865128018
-1.6072255796049408
-2.489703600387773
-0.03471258624894848
-2.46169516874884
-1.8914106056782232
-0.20917743384436663
-3.2240677429455435
-2.0164073231214807
0.7292062097039921
-2.770918499676454
-2.1622225355758156
0.8652652521028085
-1.6953960657839455
-1.4666427143034206
0.4844305053617518
-0.9201726922883168
-1.1867376049943414
-0.46614801148923335
-1.0899770594901996
-1.0908493078271413
-1.3792501772103671
-0.48763204464463766
-1.266550548496513
-2.2159673770787336
-1.0392237116233378
-2.085682688987446
-2.1396708056604132
-1.6492806620847837
-1.6799943616927355
-1.3255937218180982
-1.2868517172449598
-2.542690846446192
-1.832762825096615
-0.8110922312539449
-2.5936737438844593
-1.2947954824714065
-1.668143486773877
-1.849707427563995
-1.4037310722312666
-2.2281529512456326
-1.9406079883937808
-0.5209402082393317
-1.7141072083191622
-1.4996172397933036
0.05182846228799499
-2.409384305812307
-0.4173281233932509
0.040747247615667656
-2.4932131094358927
0.1571545829415786
0.6536637088863042
-2.770790103576731
0.39326474915505777
0.0011805668942378748
-2.213207566045528
-0.0009259627990888548
0.8153881414266075
-1.933184675807116
-0.46333575902834023
1.4831975485693334
-2.2784481361688473
-0.24900814823471487
1.8382171748992586
-3.3855162167955783
-0.8552750897464474
2.2842316780644687
-2.7601512035934186
-0.6510256558315567
3.1058422086360227
-2.30105816446003
-1.3652766441049393
3.032279601856688
-1.5449032206020543
-1.863933351682066
2.5156643797657248
-0.9010338257139592
