-1.2573310267444477
1.9196489510667367
-2.0675387757314216
-1.7993868896386462
0.871270896901702
-2.1298157047033826
-2.7309673764002254
0.7231528682198713
-2.0208227709258613
-2.2314070211169708
0.26469585910435045
-1.3818377434905869
-2.042585976514595
-0.32571981490994545
-0.46456947344366345
-1.0825240416478439
-0.5337388696805024
-0.4287486816830445
-0.5352190596842283
-1.43986829428283
-0.12113941034604428
-0.3879899030319567
-0.7924529107713689
0.39749515373351396
0.18297175262154872
-0.34165183576656716
0.9323630971817163
0.30392710854491095
0.24739715748784666
0.22276631141718403
-0.07069888237452963
-0.2561861341145816
-0.37185417503579427
-0.5646969726979845
0.17973699251956732
0.4914269844327902
-1.6674297076624733
0.09171568351593895
0.2622189161734689
-1.731376757299065
0.6559427314340955
-0.5461517253802607
-1.1476747267483407
0.4250926116073231
-1.470969716863511
-0.6441234054308707
0.7273915364831832
-0.5821898483513303
-1.2636495548503295
1.3010541593447005
-1.2895542981667685
-0.7832650079441378
0.9348637393365692
-2.2510905626422644
-1.280819315182231
0.45703460397151197
-2.89598591271232
-2.2663731582077022
0.3475876398774451
-2.814809962846594
-2.6804389657524577
-0.2520598866661866
-2.129411972217366
-2.4910965089682877
-0.8241565069965223
-1.3178582062948874
-1.4888587188949225
-0.6238141875827627
-1.3292167523915668
-0.498197318777722
-0.27910469271749977
-1.345498985829289
-0.8420746530398023
-1.0836772832851413
-1.163757096702289
-1.4539088131017572
-1.3754379867468558
-0.28817134301618214
-1.375782445925551
-0.8821402103287926
0.5984079026183436
-0.7884442525646062
-0.2073028288639764
1.2741276908166672
-0.48163588757758663
-0.6958728116594824
2.0525235097912913
-0.1821391048289292
-1.4037310771127032
2.8411846985724565
-0.6654508398833313
-0.5959645829632311
3.116069442652815
-1.4694148886167917
-1.1159514128708257
3.416073613089351
-2.14659616717658
-1.060715549236899
2.678996856574008
-2.4756452873510035
-0.4268259479631527
1.9424328414658505
-1.9467253307794348
0.11849272377185768
1.262887034695552
-1.455494893771218
-0.6543740954947788
1.7853748427166516
-1.6642626244208427
-1.445775601019381
1.3541574139765613
-1.112046877081396
-1.8222921703264934
0.5202466230231091
-0.11906731929852027
-1.8925737008013046
1.0064721747554277
-0.6958968579635677
-1.1344968824163504
1.235784572072261
-0.2342257447620427
-1.644395491339149
1.9178825910151085
-1.050517713489267
-2.090684155479166
1.85826733561016
-1.218664332485014
-1.2487846515314014
2.5069977921910365
-1.5354685430012018
-0.34941390872681416
2.9242924743090066
-1.9426452260575509
0.42158942053213927
2.1865613560580597
-1.2328077557439618
0.7389171550686505
1.500031889649812
-0.306653925855943
0.7826361737566779
1.1425611580912112
0.11533331885689493
1.6131564634870619
1.3676652160704397
0.8946797447416615
2.0734762007172187
0.9612266461325354
0.12628871518553597
2.0988372944320832
0.37594551281414373
-0.8423462862575254
2.5736268157480144
0.5029432916717748
-1.6093117340362666
1.8942029276215113
0.27590585680344926
-1.1914148265895896
0.8176666954736591
0.16943263494460645
-1.9690895934901398
1.074864794334214
0.97489832976195
-1.8597844050250683
1.3428880939319658
1.9341818749914248
-0.9994214487953798
1.812789787440302
1.6540119677014324
-1.8238172654721807
2.0715366332389196
1.2226300009164874
-1.789059913354471
2.785830361707468
0.5455782570122508
-1.3407731827566434
2.5729103842373475
-0.32123571022629377
-0.8773780407940176
2.225170857386906
-1.1061691312153268
-0.4902368224983545
2.6807390791731813
-1.9833714896104737
0.37052914145561555
3.197223447271798
-2.070196877418464
1.1027804970078103
2.9000876404977918
-2.665656386863373
1.6253089478858813
2.563121296806342
-1.8819711360435436
1.7551298104530304
2.4483160129282955
-0.880302866252451
2.3989003951359513
1.9979868307444075
-0.20980691359461429
2.0682396427853282
1.0266412631331896
-0.02460416939867829
1.8381991341947428
1.7260015022880613
0.7417724592387113
1.3296815198536613
1.351627409934351
1.486721233233552
0.564751005207749
0.9581872873649432
2.0936838321653646
-0.018466059487184255
0.39301462212398536
2.681351292492306
-0.7226312388192926
0.22592910611469363
2.15175825339372
-0.3547445697001458
0.954294406200931
2.0852073808608504
0.08765271118416655
0.11875471868228771
1.8961407295930135
0.820497825148022
0.5877005791875441
1.2312606637420933
1.7841110029763223
0.25445540507489683
1.375070598135644
1.955230575214942
-0.712751546908787
1.414031098760429
2.088378357366123
-0.23886517616320668
0.622564093102644
2.790104684696135
0.15801859961236858
-0.12003040759742571
2.4566022357203594
-0.7737540804444784
-0.28529749851099734
2.239643129324393
-0.3158804595891506
-1.2772357982690965
1.5311988306793878
-0.9520395330299353
-0.6997457364892837
1.8244288251611753
0.1159672155313751
-0.2655309349095818
0.9843330593301841
-0.3882002673573449
-0.029972211489829963
1.0903920478099625
-0.0001680980846257181
-1.049871206769919
1.05902815698104
0.4837915830215552
-1.5899979396154469
1.159145966390662
0.7134339013716803
-0.5985360140310223
1.3697972916882146
0.37550573440455554
0.40105897622744424
1.0935482324143118
-0.2461695039386543
0.9111560876959656
1.012848005060317
-0.19795691753431705
1.8670373601371872
1.251522987162847
-1.0525560070765296
2.146469625982993
0.37180494495108307
-0.5463785790150266
2.4516567400155327
0.5179180725358901
-0.9341551351215241
1.6178743853531887
0.3622618288079894
-1.2182164220736935
0.8411976733715844
0.521228293170716
-1.380329815913353
-0.0984582279641375
0.8622648010467813
-2.227497817670366
-0.6024570983188726
1.6869305326224453
-2.2021475553675214
0.22685346273633308
2.1833511216061687
-1.510784146018965
0.7780210396482916
1.4237018910661523
-1.3865635123707547
0.12729150284750596
0.6478005482680557
-2.013419779533366
0.5847108352540459
-0.25699404880827204
-2.3998774379127936
0.25825425768548826
-0.6081237019168584
-2.784885032100919
1.2163793518386323
0.12624201123409737
-2.6508068088368417
1.944313527224536
0.6796103546668611
-1.7271370411132227
2.560015044213922
0.6910621132742749
-1.1871079295020202
3.2776985034344794
1.230494394615648
-0.3193166149560933
3.040171847248122
1.9731266678441899
-0.20195030971160763
2.300358283855129
2.2387164277416516
-1.2159935117168745
2.2894597833003525
1.5557943379058412
-1.923428186500549
2.1027449503079216
0.8307525581331512
-1.9968255556784877
1.3334558413076567
1.4589913263713685
-1.3697693421934751
1.3377049955840767
1.707921787076055
-2.2644422381901665
1.2346247326634674
1.2646557596068515
-3.0427847550059166
0.6797273947936328
0.3951338142107427
-2.8103510134826397
0.9779238939018663
0.5767230386606258
-3.74382041399366
0.6423038855791812
0.5114905894117034
-2.996608061635065
0.027173234658499655
-0.08287853054780076
-2.5033477673330995
-0.7203547256063426
-1.0401663508291743
-2.118677222718698
-0.9291412039808165
-1.8056995009598698
-1.5494823647539213
-1.3156966915528567
-2.0532314940933776
-1.0945662533207794
-2.1669252220795814
-1.6152428621678623
-0.12844377325537376
-2.2517236217184875
-1.1034957691268399
-0.9780924831334947
-2.083073388732482
-0.7227778260956387
0.10201485895749743
-2.1446929600037086
0.17697041977152997
0.16462338498335183
-2.663164685357598
-0.22951134619562522
-0.7930973143858822
-2.7700483114679733
-0.023155635397246643
-0.8938303777571577
-1.74398684921604
0.5701692764361836
-0.7501767345017685
-0.9908143354055975
0.8800164248175076
-1.3593711541035254
-1.6978586866837917
0.14489603129802167
-1.5971564923285584
-1.1124594375731172
0.3586864728861782
-2.2396920296289586
-1.7381804413264352
-0.5638939291022461
-1.802060076457847
-1.8193315919479869
0.23371831518390013
-1.6217551050437107
-2.5212831212678233
0.6888517317644935
-0.7121418304539827
-2.4925917305315073
0.48056780103566865
-0.13927667332529575
-1.7110740668565292
0.25625465590187824
0.5641549326596453
-1.0036150236671917
-0.22875881570272966
1.4136712045382303
-1.0302418695101219
0.0013209236649327667
0.734996756286946
-1.8309450735963724
-0.11641582742331258
1.689758526023079
-1.9444964938829987
0.13819330597148757
2.303886554795384
-1.263242611176642
0.9106382683931792
2.8710478829072876
-1.296614178308448
0.6601927159721305
2.3125767169539317
-2.0094084520358297
0.5404407946007885
1.2862246149901504
-2.4101213598791724
0.18988748148173007
2.0203081454314042
-2.8642291952934325
1.2275086061870448
1.9150905820532664
-2.8687522935486895
1.5693448533486312
1.6282640893530387
-1.8985750025174661
0.5651363408746967
1.5418604999358974
-1.1948150885523423
0.5717478840090539
1.4243697267736777
-0.4871388986340005
0.6194056824588268
1.2603926733085242
0.575925911020031
-0.30232898554599574
0.9823940487821049
0.18989518777167277
-0.6444659148809573
1.5850717309425635
0.8105291463999197
-0.7588248833158053
1.8181265005383496
-0.2395728828849151
-0.3645680191743032
2.691153379995371
-0.372849843981948
0.6325708249367639
2.4208741143789654
-0.3967670534216757
1.3221304309039523
1.8647379631755372
-0.18996254969146442
1.8635909920806615
1.4741105780142962
-0.978184255565737
2.366854604871068
0.6154918101184018
-0.9081790195733661
1.9648069481908024
0.40861601397794095
-1.8403481474989403
1.4236249485892267
-0.4765234051984197
-1.8716717243933187
