-1.9911936789794766
-0.14589306057558132
-0.9185640334178875
-1.1356272415394593
0.21468945651303836
-0.5695772989844702
-0.13745616608513372
0.3122935360106955
-0.7683601768249255
0.28134002384837387
0.04770310606173789
-1.6293035377608795
0.45127452229910964
0.9481498835042027
-1.2470172237988506
-0.014486086431711294
1.2116783546690022
-0.4130907775929352
-0.2607671135988907
0.48524796928001024
0.22486528462341157
0.4837517476015993
0.1413091602616616
0.6531768150564881
0.8646098682100344
0.33480294368008195
1.6078271503905517
1.4398429831614374
-0.1753069473661432
0.9502534278271156
0.5735286635663498
-0.5951973089619718
1.3310902617790579
1.0043357344527026
-0.9209418292582363
0.4237122784949773
0.08303096181634818
-0.8464860673124334
0.5117637125514823
0.4163239423077101
-1.2980030927167807
-0.26493260274266967
0.47080712934864916
-0.33599036135908344
-0.12214389648893545
0.7724308569062371
0.5993392536406964
-0.37488744354505005
0.4668554373485471
1.1050599205643716
0.43681024556760334
1.3519984363360729
0.680953315091981
0.43993734256369105
1.4311039636108176
-0.16241650677844982
-0.07403359977579348
1.0435140287668394
-0.2218922802788025
-1.0382881274415667
0.06508050394761485
-0.7147050682533539
-1.0217850777871418
-0.5013488530625612
-0.46909359602055395
-0.16720604816077902
-1.1566869221429539
0.062039147919389595
0.44787228804572815
-1.1662939225263123
0.9722410249242786
0.06371146271241962
-1.9560267669655327
0.34441313376434274
-0.04602083573457019
-1.5671283360339259
-0.5899724918110871
-0.12851968822386767
-0.9571396478539109
-0.8617699289002857
0.6276729315841361
-0.35567406830860593
-0.12225166629267202
1.0650371670836483
