1.0675463789872348
-0.010122878011114349
-0.6362834444796484
0.08802004001720469
-0.07323100531590945
-0.4978708310396593
-0.2319343879550941
-0.76271135091377
0.15045453509929363
0.692352122059408
-0.3540716433618144
0.23327422776448456
-0.12803442044867966
0.1745481354516428
0.4647330764159545
0.6216590173555273
0.6182703967721297
-0.005288645882183822
-0.3270521149200783
0.8101285648377557
-0.2825434587558275
-0.8600589090748769
-0.04311916973220559
-0.18445208938764004
-0.9224977260206395
-0.35969104972670946
0.7579766302652275
