0.9239490487348437
-0.8189361936102016
-1.4917751264835488
0.11837474420975928
-1.0036153980168172
-2.0695633263085913
-0.7095402839575312
-1.515957666280859
-1.7480540005789111
-1.0920784401574088
-0.9154152826575127
-1.1033942902594769
-0.7136034547567485
-0.4191754210051818
-0.4958697956474792
-0.6920887930905566
0.6137475927316065
0.013408954503051053
-0.8667579854560798
1.0291197794570772
-0.7829932722901496
-1.9352212257176291
1.0838448396479319
-0.5247056901235212
-2.421249057444437
0.3256432851572752
-0.45172199218078357
-2.1222910949619385
0.677320903775558
-1.3908211250739007
-1.8081161686453087
-0.1629924753147976
-1.6607201991398972
-1.2882989711559085
-0.8655394371289826
-2.2851926305133947
-1.710072611179201
-1.589506888409127
-1.715313953940268
-1.2221900378680584
-1.8357193410616661
-0.9137423885557737
-0.5467895677210945
-1.180278330493077
-0.6923467109522802
-1.5128523779096361
-1.068887280849336
-0.3285656353203968
-2.03607052457765
-0.5734999673329786
-0.7053930512025142
-1.4591509690723339
0.3209723771669875
-0.8174241401656542
-1.675797038325436
-0.10917901906150211
0.08985126054801615
-0.7773481880048058
-0.14629996414190016
0.7808181107955172
-1.436364366332201
-0.7462102103693512
0.8081425599764668
-1.2282907209174823
-1.786825369715095
0.6308204965530931
-0.7368399187261135
-2.1907289671734924
-0.1641975775252677
-0.35790424869529613
-2.2760296197773564
-1.1424451972676757
0.7232283120920883
-2.365776668287234
-0.922510691968397
1.1441897838456423
-1.4007444004284997
-0.6762106711437565
1.4026014808863572
-1.066715236604541
0.22228863404565222
1.4225858046230502
-1.0127208459593853
1.2714923338934672
1.177903199842804
-1.9563239502983083
1.5711372767036926
0.35390934104189603
-2.428022820619328
1.3021015778183203
-0.06743771762834286
-1.8406093124466103
0.7166089364825078
-0.4577806449320756
-0.9678815482370191
0.19117127725422675
-0.6173149110876376
-1.2023179115669251
1.1846366066632406
0.37998254601243847
-1.4881028594403396
1.3195346002222874
0.8434515541053926
-1.9949761393471366
0.5907202961520898
0.3622958762425019
-1.668245613210524
-0.17863004650678338
0.4266517918758655
-0.8102083351322412
-0.4362207305386352
1.4139514398920823
-0.564191806964994
-0.47114180448236403
1.8141245273414561
-0.34430221993891236
0.41834535895748126
0.8977215750916188
-0.15390682177578477
1.072118685239253
0.3178923945500211
-0.9261143507381076
0.5435507780761506
-0.08014258126580877
-0.22656367106020425
0.31696544876636235
0.0418069361148857
-0.36977617685553793
1.1879333452424359
0.505595959237576
0.27871115071512925
1.8926585364276303
0.7895784887947946
-0.6421157440724519
1.9797176268528183
0.5302740844221812
-1.5806120056812563
2.3311856011830527
-0.26589019756740373
-0.917355309291077
2.1538275157305082
-1.067846517780347
-0.400043439237252
1.6566169553403982
-1.8026117746135857
0.10806999855519224
1.110164540500885
-1.6500228420826164
0.8844951935184123
0.42963981281995617
-1.617416062495309
1.8212970923465215
0.8385993906139776
-1.0872606843990265
1.5269096556839938
1.651749456348152
-1.3402874088212242
0.5620847946613098
1.8595740645430103
-0.8457543103258817
0.8400234627024898
0.9627598209531001
-0.3678465298305709
0.8235335502852462
1.9380888369670672
-0.05289780696829278
0.3902476704554773
1.131145296654875
-0.006111206804014828
1.2111276374095357
0.4670646136627197
-0.12421224278199351
1.6684169724524214
1.3892404872277275
0.15699032493870513
2.593751683009347
1.3468327820427297
-0.13460869207718787
2.152103809158959
0.5478482022692349
0.730020765261291
2.0433520064227504
0.8206625890292006
1.3199268109802933
2.585475740036085
1.3147554365243912
0.7412964313052615
1.9127137679346577
1.7676898524795461
1.1477653169858646
1.0832327407534452
2.0796434754115127
1.5017502652709678
1.5855554280323954
1.2803032281828708
0.7857146014072858
1.114584304002418
1.2698076772809763
1.1055434693348007
1.0675379127625992
0.20130898681580708
1.0486598917665853
0.03310397722901577
0.14931386381440814
1.880651453898883
0.5945524211827382
0.037712428159682024
2.5420377047587177
0.37488200415405604
0.8393802754547021
1.8619882639325347
-0.14289213694279873
1.5030096078518387
1.5047189175180633
0.692308132024518
0.9398983873055131
2.2547824397447416
1.2800193219526679
0.615333063530425
1.6042611966088822
1.9436034461881342
0.23289733469033733
0.7160377234616802
1.8584445869705843
-0.37788343121506235
-0.2807971675552646
1.9827717107188947
-0.40035239779899534
-1.0517934967164773
2.472147413097491
0.21473639217322293
-0.8932669995814707
1.4655610279503997
0.3165368625636695
-1.5051019944254278
1.9932787480181662
-0.525380152792627
-1.6512566938149253
1.5472345297393644
-1.404568012846127
-0.6650453969681599
1.631799990940653
-1.5235624211470096
0.1172470516057166
1.2322665698895343
-0.9529553611217677
0.21849497215082128
0.6485694807967955
-0.3175031919149524
0.9887596571442248
0.9951641641898352
-0.6899064417677491
0.6396469780747654
0.06284759786635162
-0.8547309682340681
0.031972008838443006
-0.7154278904875546
-1.1923269162478687
0.2815344933152762
-1.3713616423531079
-1.2787633153879523
0.1619898203717358
-2.012161600844161
-1.9924272786335053
1.090443746125435
-1.7513768947892012
-1.6889621313797933
1.8527358473330162
-1.1918524427284103
-1.372822514420458
2.0887934669904453
-1.2381884010288453
-0.40417253946579823
2.3460864642588604
-0.2768379117838902
-0.4185278462800844
1.7611003340031108
0.36046573730044784
-0.9864301151306647
0.9259256889247977
0.6135487622758264
-1.652957723862449
-0.10773643005890064
0.8212865990128337
-1.7845665284798122
-1.1166800742754068
0.7463840469022688
-1.5726741498289816
-0.6766951930202875
0.39351438335530026
-2.4867562160329446
-0.8647300872160906
-0.17949596912028679
-1.709510449909157
-0.43929392711811055
0.3707574106288817
-0.866520742307479
0.1898106416161258
-0.006366501547742355
-1.878134644924714
