-1.1738283444513922
0.5791494767616877
-0.43251734270797104
-0.2069093810197037
0.3691466175316752
-0.5695907247113402
0.2675149243556649
0.4082161487503019
0.31006826985902974
-0.484167775650782
1.0323028989536784
0.1280897671486903
-0.6636519837634657
0.05241211186088122
0.2605550462171279
-0.1891113663205708
-0.6009525874725304
-0.326596603742967
0.08009678609171275
-0.5185859098687956
0.6279291393937105
0.6735481816377308
-1.0038617360676774
-0.02204853411713771
1.0282523156536174
-0.21708903470164959
0.47592094199438256
0.6682566434671863
-0.10073798574757147
-0.4518099593335216
