-0.8759395868496211
-0.5176032587186762
0.13194786558380456
-0.05407716662166692
-0.9357303272252415
-0.3316616335938522
0.5397651807361619
-0.6097760042109976
0.4529171034853866
0.15214922554381044
0.23592041779806475
0.9151865632771968
-0.7402275637153851
0.4593074735586682
0.4386097518080458
-0.05818633179457918
-0.02352392471634509
5193050554008923e-20
-0.3481249555015445
0.7403933975472062
-0.47984781044118785
0.4657844767681335
0.7851116223094398
0.1311288743391925
0.8617922529569837
-0.032727567689478744
-0.31984004915565395
0.05706446847770909
-0.10137182865265108
-0.938492595808466
