-1.732737683443776
2.4856439863720294
2.940503917254207
-1.5320202768531364
2.455956609491827
1.9571315572646453
-2.131275010414256
1.689557083790204
1.9466383016454707
-1.6324794048316387
0.9565536673316555
1.8746676168678282
-2.4489697886593693
0.7489508380028611
1.6457569068257487
-2.587417081961217
0.1786905260985441
0.8442434116126394
-2.949649734171333
-0.7428437986018189
0.694349954318238
-2.4843134019723703
-0.6006577524726728
1.603079986402816
-2.1391580605605847
-1.0836363061120498
2.3638511652925436
-1.2605273737359337
-1.529871543566509
2.5976486045426253
-2.0692194686027303
-2.109855486610091
2.3097746064149396
-1.1908096368311352
-2.2059116746225245
1.6743704465605056
-1.1405295439713539
-2.3539239365067455
0.7691006673131333
-2.0724733893082172
-2.1834178064200893
1.3407466957700442
-2.665888550692429
-2.7657956312162346
1.9296362452879188
-2.069616029748867
-3.5508411717197332
1.8311918842725845
-2.443430069162304
-3.054931439213463
0.9851915979487934
-1.4137125216757307
-3.0629073235001845
1.1551863752496059
-0.7089245881209064
-3.017262653662406
0.43560814331634634
-0.5185506066876626
-3.011358032237205
1.3952134595793715
-0.4841267328420797
-1.9658819908485257
1.1359633755575838
0.5025936976795209
-2.127345106260033
0.6352571007992773
0.38066260497038046
-2.4652238822120305
1.6031174286888161
0.2697295056201044
-1.4972637545577734
1.4961086198572733
-0.4349216850086767
-1.4275412296361654
2.2157284446950904
-0.7885726423477193
-0.8931555895000459
3.0755478774317777
-0.5750620042027241
0.05844823336724695
3.182961227538192
-0.7023879813139756
0.4111954076442725
2.424055274962962
-0.5163190116125013
1.279902356768583
2.932924267089532
-1.2418126205109254
1.7601869124052645
3.5474951338260725
-2.113495449637642
1.50924905153597
3.0520219748947497
-2.2438264235364334
0.6322877552111786
2.6671432806787774
-1.8120286277822872
-0.12675051078271826
2.1301984186982184
-1.134329504325559
-0.6206610175000485
2.220067834517476
-1.6168568444891045
-1.2558020794900013
1.5285926196974737
-1.9524312643682742
-0.6597921663813061
0.706397785269206
-1.684432831152332
0.10299298113863047
0.11185958027409786
-1.6244030775423377
0.6714714268683731
1.1004904827142417
-1.4059417137273187
1.586669276506526
1.4163241319390885
-1.2879856150319575
1.6524158422955144
2.3924696965173853
-1.3983512450552358
0.8475003028136009
3.1336202728045626
-0.47209058020115946
0.8525995948472037
3.898149143812975
0.46083860054700554
0.7924787585753669
4.173925980386887
1.1969027947447803
0.10308894216228807
3.7953243433263193
1.4455713254679086
-0.5688317139104374
3.026810715427247
2.1835951737129395
0.04168576514598455
2.7637627035140375
2.0323526648080747
-0.03460254321903585
3.6338344744209565
2.4725350004563675
0.5613604286670082
4.3285084110681
1.7473445799371896
-0.10720758601107364
4.584630420718469
1.7967624183058548
-1.058417667616956
4.9389367959704105
1.0402499406400567
-1.5568847744346157
4.4593564003810995
0.372765034674729
-1.8428666350664735
3.7338391597131397
-0.48335397825539
-1.8878357944992064
3.144133196179384
-1.1884900017323012
-2.5248298755772582
2.9394617611031815
-2.0302173198148057
-3.0254513872343725
2.667157965218415
-1.1829098706278538
-3.1073706758000927
2.13134593579399
-0.4279000473132298
-2.4038689662838566
2.3333494109478132
0.58572533545775
-1.9791261591121496
2.424936961790114
1.1054009493668948
-1.5145480708763654
3.1908975497938057
0.6333143375481115
-1.0183915193566042
3.859178739631414
1.566126073721786
-0.8443542884062577
4.015017585491704
0.9401739305874404
-0.6198962254312641
4.76887643569073
1.0165095788732317
0.3370830477870508
5.0508552164152185
1.5134147794386166
0.8199610027896203
4.239493143834918
1.0248889044661968
1.4683247693709323
3.6986379108070513
1.4024128396356357
0.7261378651306096
3.2588833036986506
1.776208962651808
1.507091614290999
2.5722303615997197
0.9924071872590631
2.0464262069691137
2.869847719637181
1.2220511362963942
2.01258953773537
1.9284964379165839
2.120573065583881
1.7394868112609472
1.6197436680335273
2.629239547509741
2.132589995300311
0.7690696555107519
2.210495307901948
2.566950387269315
-0.1579650213407677
2.4297796385464028
1.884470498285959
-0.8065916907773097
2.5837596029164764
0.9468146189166722
-0.4500323786340004
2.7868995093799853
0.5834346807948356
0.4367573154376144
2.09126777256034
0.5210547771659372
1.0664212593678937
2.24047074756641
0.8176313065137231
2.0232430947672766
1.5126828844076552
0.9591292707635732
1.6092428240136796
1.2697798877945312
-0.00026624848497632664
1.3536138793025674
0.7058530748824448
-0.23529121020031188
2.0209441604439675
-0.008879344462108236
0.48931756469485455
2.3358710752821343
-0.5757207766153325
1.2813019927645277
2.018370753962146
-0.2872845958483873
1.9508746747169208
1.3264136548933694
-0.8326338235880119
2.085127427362602
0.34053770039993103
-0.4992966011431116
1.5311286350428737
-0.29713672250900525
-0.01817352398764607
1.5258575709043898
0.4540012916585592
0.5432423262732088
1.5952233201830621
1.3407342444949462
1.3270426085441163
1.3177216478579317
0.6067980060529482
0.6495837739747811
2.158501497706592
0.6352128671346791
1.6674377985896367
2.337153016650781
0.6850345986108471
2.13651906301623
1.5254194762768098
0.025737677422477793
1.2259262000031432
2.026159354607129
-0.2950284312200031
0.34779386998585754
1.4661844337081786
-0.4310261666124616
-0.07368242314637227
0.5335486479646484
-0.383475911972008
-0.04104928489068331
0.9198413972330046
-1.1597813748113623
0.5555819898620813
1.6330171161772167
-1.488672160624215
0.554800553907247
2.251733718144994
-0.9979120430532736
0.07599853172618737
2.8295212405096897
-1.5666039833258762
-0.18216062881557518
3.1768764293491496
-0.7631583058587991
-0.9190710275823459
2.5962122336958062
-0.49587567146283235
-0.8938044621009797
3.025461814896143
-1.4468754793375187
-1.0191804998521914
3.1350425860965663
-2.480243938025836
-1.102904826536751
2.2190411492710176
-2.948582824031989
-0.7159891354712864
2.365925072587968
-2.1227973713025197
-0.39216701811038723
2.07950757104081
-1.1012009067975677
-0.08668483504908012
2.221875374801855
-0.054320780074313076
0.6617468072558953
2.938458698680009
-0.04221218948315675
-0.10951743369757289
2.8108699623201576
0.6451824057152059
-1.0302220158953115
2.787793842802455
1.1745680057328396
-1.9754153056601405
2.299149397059106
1.1091975789511908
-2.636017893467673
1.5107141121665018
1.0305006498169125
-3.1957180554169065
0.8662726885981801
0.48394704206652156
-2.6900099872944234
0.28493622709363414
-0.20094579481760289
-1.9717988542634475
-0.10373528252775806
-0.6959267249282428
-0.9721247524196849
-0.2673792653802904
-0.7758140524437204
-1.4290423774204257
-0.6925492083961992
-0.08394331339550608
-2.31960490289269
-1.0302967998296035
-0.007712386780354383
-1.9157334534034514
-1.232088461778102
-0.8174795345703958
-2.092454282685246
-1.2775075462662906
-1.8219074491939875
-2.2724228438485037
-1.1143834278816993
-2.7848339818200363
-1.946034423156661
-0.9996084536572074
-3.699424231871625
-1.0131049727968826
-1.2378244910276903
-3.7276403895775703
-0.7195652735400299
-1.3148374656972681
-2.781996600918391
-1.1416189843496898
-1.6293608898538887
-2.171020165215234
-1.4579359222952883
-2.057860437482284
-1.208105587813286
-1.3863292963007716
-1.9229277319884301
-0.3814532216138305
-0.6565934857645179
-1.4108166932267743
-0.6460222593930144
-1.072673507762728
-1.043097116445438
-1.3176180364811876
-1.800583620589318
-0.3525158931594414
-1.70764125511382
-1.451207293299743
0.36848596118082644
-1.1723018575402566
-1.9570428555331543
0.7318668078744741
-0.6336784974446733
-2.3029657455091566
1.0627406686707643
0.226735793248539
-2.9870527101990882
1.1525326374312783
-0.44503450738697387
-3.127093666282622
0.3345369716387875
-1.0683478975056142
-2.3402443722060675
0.39476568091802944
-1.677266762564737
-1.6260558243723129
0.18674194376142966
-2.3377581135734107
-0.7499255620988737
0.058115530211496
-2.8174640121922634
0.37066614142935767
0.10223810027521764
-2.8341570958464435
1.2497106556253916
-0.15599957100585504
-3.271312722757199
0.9819978301598695
0.5606966392915431
-3.9100483486495072
0.3787403340726591
0.9937843830931079
-3.3427370148994275
-0.3895702001649928
0.3759433572718462
-3.7260368568915565
-0.38370063474388344
-0.3750598462122158
-4.3925036145181675
0.48995966157276527
-0.20578533119428372
-3.723200556673944
0.3383904243459339
-0.7894287951894816
-2.857643226118461
-0.5131463215444028
-0.5081143132431006
-3.2938857984692795
-1.2506521110619186
-0.3746650533369768
-3.9598156235620188
-2.1919302210035037
-0.12752901453426413
-3.3364609373663683
-2.5496961479988687
-0.19429756451169516
-2.371950635124444
-2.404120892688116
0.6948152471330492
-2.6533969970234295
-3.1912169379537603
0.5085472206737813
-2.117993584874756
-2.9914769183490404
1.30017368601819
-1.4795630804195152
-2.48939154862404
1.9944830435504224
-1.956366538660568
-1.5842933602138547
2.1497096004610188
-1.6526875938153371
-1.2389438905980494
1.465714597911524
-1.1660855310556006
-1.0353061424856347
0.543607089680824
-0.319528710324199
-0.7704933894738959
-0.0873436313400179
0.2925024258953994
-1.1721467650256503
-0.2569445255262029
1.118800710750711
-0.5304002159680938
-1.1092369863940534
1.311662929850622
-0.224852573632583
-0.03516681474476352
1.67176801115796
-0.7875883433243445
0.5370259870230587
1.3340433203187574
-0.9793868707678851
1.1265601071088227
0.5062155294082143
-1.5674063588285005
1.6827028940789024
-0.07655689965777511
-2.262473068669453
1.7818563553180133
-1.0817381490113043
-1.8401369426333716
1.3154532724028827
-1.848955189151958
-1.5417374350809285
1.295882609172977
-2.8399935703079566
-1.277542074067409
0.49977791929435467
-3.395499965416025
-1.2676570944037424
-0.8098978169227052
-3.0354449227779603
-1.5334588136959613
-1.6373671545375088
-3.0513968349624103
-0.7242226301632188
-2.1406298669409143
-3.3350947769332575
0.21455701363226762
-1.8760647242772268
-3.108103003523351
0.15146386872805437
-1.290498648340502
-3.891072310028486
1.0228396827089226
-1.058217499610691
-3.4253350727234286
1.1326635828833125
-1.8778069373178476
-2.807430407506218
0.49486249982349295
-1.6383443659899364
-2.0753452417783795
1.2230910230693528
-1.0059696770190238
-2.461356992177439
1.1790421751231972
0.07135579165024662
-2.254735031748074
1.5298936123036233
0.9955374918568373
-2.1135700847354193
1.249081212998244
1.9900796636873586
-2.1120571169982587
0.31974989457794106
2.012751576105627
-2.3337291484975284
-0.35873828726898904
1.3411409621904211
-2.051744722839916
-0.03142325973878531
0.4508001179194028
-1.9754918762381524
0.3695693139111662
-0.453178895142024
-1.9765363806766054
-0.38104285571024515
-1.0942713982684364
-1.848725903337655
-0.9173702453501618
-0.30893364534075335
-1.660366411308888
-1.0042701346500003
0.7952815555085616
-2.133849374942119
-0.6950058639755428
1.0259199972586637
-2.84856741737984
-0.14930771102358942
1.9028628911206726
-3.167451334786666
-0.13327098189019415
2.8394401849867865
-2.8358002440659273
0.8389698310643795
2.9028609341811555
-2.3583103125738947
1.2460090614417043
2.731893360056287
-1.4415072411760803
1.3588704899674289
1.8694971750938942
-1.1562121832956183
1.3221446117628497
1.0947542416718083
-0.30892784512734395
0.6989386583282705
0.8295416125028973
0.2598637423966599
0.0025678832967667414
0.2717615337474271
0.8203894400177052
0.4089435709423869
-0.5028539160686791
1.1430399852918096
1.055614197121147
-1.3256894460637079
0.819365887390436
1.4280789501114928
-2.185552933278884
0.5917363061481472
2.0120130090953485
-2.4840502261719886
1.3918148347242427
2.039125095503
-1.681615770602146
2.037922564755782
1.0496428436685332
-1.1691996580177537
2.3109706797703824
0.3005667575264066
-1.196358959245933
3.0061076029655003
-0.2665006961413261
-0.3603495156671458
2.5584510833612
0.6791542596471722
-0.02238837377945353
2.9924392847687216
0.021153568681999288
0.07279734181926391
3.8004712777535654
0.30279486989020016
0.9578749213585971
3.330267247011071
0.8655791285609975
1.1982013247660408
2.357976075250539
0.49794954571427574
0.4518325837286724
1.6181241594184144
1.2790502854790418
0.33749997212499633
2.20622381967534
2.1138483212024877
-0.18283381142704563
1.770317191748674
2.645379366844683
-0.3156838448595374
0.8808072852189976
2.610460196960061
-1.0076117570305558
1.6028220926317436
1.6060322329673689
-0.8783586003008745
1.3835678180633177
1.0863722737371218
-1.9433023409808396
1.5113162745197835
1.118644824974414
-2.8918261720316556
1.2002422084743687
0.331190583983017
-3.121124931444186
0.620351514834835
0.10953087172118754
-2.7860872473825395
-0.33332967141984604
-0.4901403651203511
-2.0391388479403547
-0.0015544476614614
-0.04542938288456435
-1.2130481247570948
0.42000676823395283
-0.8272467584299458
-1.2941253266892487
0.4947698884333646
-2.0775211331280232
-1.6146624763711463
0.6362357545257962
-2.4030325843489537
-1.950650680658435
-0.34805448557120705
-2.8124926208396155
-2.2226518619255926
0.5080437953785717
-3.255761578379429
-1.480862477313987
-0.08194029401022712
-3.0880127844041994
-0.5710524260884856
-0.6959051268755359
-2.7833039006007216
-1.502250070277704
-1.1646017626007314
-2.3091792002776765
-2.2354583545613065
-1.7266108211873197
-1.361480899995408
-2.5917550454874156
-2.0855193491897546
-0.4409845926063556
-2.104793159793955
-1.8494825760221194
-0.7329734947172907
-3.0999201816638022
-1.5447046940916922
-0.6485844206665063
-2.34450611238434
-0.7389010253357262
0.3447326836219887
-2.25455251721211
-1.1470102573918743
0.2728904835804904
-1.2330500778716853
-1.0733634032867823
0.45545185673309024
-1.9443675080946763
-0.29947327516186995
1.2688140984057181
-1.4030855482382105
-0.9138155702169221
1.5492042731559443
-0.5597645394046602
-0.5713757435152195
1.674127060402091
0.44741048525203797
0.19825381363538977
0.8552436703368088
0.23330574222702496
-0.6065601414114907
0.20068982098087843
0.0787993401561722
-1.2123802029119113
0.8571035986551313
0.8039043089730268
-1.1946881299678342
1.9695646569115228
0.8948628610801435
-1.1805163788827384
2.252680696279393
1.5642025407269586
-1.8966274785925659
2.1983916026828796
1.0890715010109788
-2.7146728638703412
1.2198275973200812
0.857694489154688
-2.9749286030122555
0.4442774784662809
1.1019114457176042
-2.272101347757662
0.8352389835254119
1.7433953065590668
-2.9982372782554365
1.5408198332255052
1.442122937644074
-3.700596664007092
1.9852394665627318
0.5389724717811133
-3.6225172113850146
2.5866645961218073
-0.25768176790866326
-3.4445852787832845
3.02917340310058
-0.3906415627853483
-2.5729317903899296
4.012638560179483
-0.40744913506257596
-2.217423532850981
3.4748839504641977
0.37878693871352226
-2.0727684527217707
3.1680315142013646
0.31937373474930303
-1.1284107786521904
3.4232397161260164
0.22460553539199704
-0.23886620884622126
2.531305634155117
-0.20064951630362804
-0.16364496473024098
2.0817999474100346
-0.05299612956877227
-1.0795370991147806
2.489272120988468
0.6146706167232345
-1.9894060172588899
2.1988292156829097
0.08900457330348882
-2.618489476633863
2.9761274508204987
0.5131776961752983
-2.985447595982701
3.086934408429102
1.3043399359270862
-2.326638481888186
3.043322678764528
1.3222060266136133
-1.2906644964934586
3.1426819540003104
1.6308179288829072
-0.3077974646789339
3.8030261802638075
0.9533354503496512
-0.7924560267089642
4.030562654605675
0.10261476442846551
-1.3430409287975928
3.26355338851261
-0.5244484377503799
-1.5612323592974586
2.2748991309237057
-0.5840788499078087
-1.8871540616122804
1.4200881542192385
-0.58761188563433
-1.368852621712398
2.1188827568313564
-1.007386709964731
-0.9931847368483934
1.7793450247506057
-1.4022129055962649
-0.07947523307521409
0.8344503219150565
-0.9129558764691246
-0.15409510461702997
0.06813066898893029
-0.509137375481006
-0.24963587698113493
0.7533435293100513
-0.19191092964848697
0.421598198891247
1.8367368996239235
-0.6987277389469617
0.5630046915182155
2.668607909362798
-1.0926792302429162
0.264117072347889
2.142017663944682
-1.5594968476303246
0.9367127650642991
