1.962759413024247
-0.3285048973704916
-0.9614153796931355
2.7786362107216576
0.059580526867352865
-0.507567655461715
2.3890324321447642
0.8808504650626482
-0.9752001617234949
1.6783333171947956
1.6274786523133769
-1.2078378836079695
1.5463952782766694
2.594942537275496
-1.5055647365347977
0.580818667934805
2.3927517934751137
-1.6620593051397416
-0.08189917261124674
3.0697565212332747
-1.7478883512476076
-0.551318319316935
2.557615376133506
-2.592862065543961
-1.2234945390539742
1.8941452433670398
-2.2195583799881864
-2.004193157800195
2.3209700698382085
-1.6549999755516238
-1.0728500233751084
2.799850386250736
-1.7794264872582073
-0.5898688167491153
2.851658453090007
-0.8838342954167013
-0.6939483599385992
2.1172048155685173
-0.32117209150369086
0.15044618630649337
2.2542924812593808
-0.6507998202352443
0.32695751425024605
1.510219008673557
-0.26092959734828
-0.4088831512003091
0.9778348218501441
0.03871531899851588
-0.12703706941758885
1.7295515016716418
0.5922735540116465
0.47443258160061436
2.401443587117455
1.0319981681413664
0.9382976513349601
1.4400949656185709
1.0963293011735944
0.5192704181789962
2.089671723611248
1.9298575790102428
-0.11462562288944556
1.3842918163198639
1.516898285585769
-0.7960574437980428
1.072960018291298
0.835301946278866
0.18195732040758494
1.0570422269018
0.6980988639836292
1.1370744975082632
0.9272650499399014
0.329019581286417
1.2165448589567653
0.955470372680992
-0.7814344056051541
1.852234077247057
0.42626343785174386
-0.2926772753949003
2.595088858284129
1.032415729622722
0.006728307552061659
1.740124751414179
1.642560469282163
-0.20138332005844453
2.1462459942837455
2.3340920259466222
-0.7439756134112041
1.2649586185466968
2.1987842791138594
-0.6518686841363387
0.99227161420672
1.970717196338332
0.23555564519218034
0.8241672566278152
2.9547581617697074
-0.007215313933499971
0.7283684800971852
3.1491913569923047
-1.0943976787838336
1.621910002422045
3.164377826809979
-0.6450682708018924
1.729893511255301
2.5690792681925276
0.10480749173249825
1.5046996024891797
2.330630512851648
1.056390269141305
1.535045034729731
1.8489927448521137
1.9260989973759073
0.7494234873483315
1.0867732427761216
2.091050282857274
1.7019988597011453
0.9641213300447079
2.3681829666006102
2.168171479887121
0.4241008047545865
2.0343757442665593
2.960506863430831
0.5989767910414155
1.3464470583407955
2.113559793021226
1.1409021755585675
1.4596295214525397
2.021046712246369
0.4968224907903604
0.6683720557585107
2.2016235391353343
-0.3567574749360757
0.26090921814613643
1.902420439818167
-1.1020915782393241
-0.32304338428179286
1.1318096503992048
-1.29937405818015
0.2969116032755767
1.4273686484565558
-0.40028793107021887
0.8668996364158467
1.3199861726470519
0.4812198460210586
1.5522467843813834
1.43964562717415
0.047170094834037134
2.4712278155858365
2.2284892700523917
-0.5772796064388841
2.4365001969538262
3.173447735195831
-0.3345368648878725
1.9604037413819244
3.6410963683805755
-0.16792943510173505
1.0936141852096177
3.635504440178187
-0.3180136899612655
-0.015562376621717179
2.997975065618112
-0.8008753259401146
0.5991652808803272
2.8618731566976052
0.2535904543438808
0.4633872353629391
2.3002339223159236
-0.3628389301640324
1.063018141193426
1.8218024177253958
-0.9495267998414557
1.603289146607067
0.9090388779253806
-1.2871540053520114
1.1573035183133331
0.291680021430596
-0.8956049099404122
0.4740335327842141
-0.2691785473711371
0.008344219770363273
0.15096068576094085
-0.4909806836891051
-0.2023761094407674
-1.0067026627860935
0.3433390986715528
-0.5898674889164855
-1.6073842960263993
1.430086614631119
-0.18378315715885268
-1.8709154553971328
1.298495219290615
0.8313196302579373
-1.6394879155994324
0.710773480269692
1.5796029805542868
-1.1510279241353487
-0.2724035817889252
1.6006322058098048
-1.0087899310609239
-1.0847524443473424
1.9904440614274843
-1.066837294870797
-0.3676601447478123
1.9726115797737225
-1.7911051944990037
0.25999649875985636
1.2701865674070272
-2.114624134218955
0.5633710385966274
0.2739245648520211
-2.0814000618778636
0.13346140434384793
0.7001622965996303
-2.8749371493965357
-0.44156221408651763
1.5422689040998416
-2.7267323330342217
-0.8528370261465849
0.6345183747630784
-2.6486117546146235
-0.7111329896372063
1.1250819491307578
-1.8177042019688265
-1.0190142506722177
0.6643143749820805
-0.8991885701236474
-1.2806734807592608
0.49420983036823796
0.04211602706536934
-1.3676240615566744
1.4217352199090958
-0.4305411883222545
-1.6113269337834155
1.1880791716065913
-1.4104626469112593
-1.6310740256904492
0.49153751579246135
-2.064083585248077
-1.1967176724174664
-0.4938814350500162
-2.0448434618408555
-1.8826791095820818
-0.26575895962445384
-2.8581566434376784
-0.9477169479098991
-0.3050426747608111
-3.034872037465417
-1.5152611768597304
-1.0752757463338245
-3.294980925749716
-1.3494179101490662
-1.9612446480063424
-2.791034848967229
-0.8743442837286624
-2.5013627740555884
-2.0730411185927315
-0.5696240476075424
-3.2645555980245557
-1.3205965300822895
-0.1274098995497555
-3.294782804684644
-0.41792743342392913
-1.10317028195998
-3.1571254886076034
-0.44394348677308076
-1.104412255266558
-2.3793474438354765
-1.0409470531705685
-0.037863271983077235
-2.5017865481610118
-1.0391447127509523
0.503702765883993
-1.5545222335684705
-1.3242501021565922
-0.18946020976159375
-1.8179377336583138
-1.9658069339287172
-0.8568455468814471
-1.1501423716859065
-2.6808959007276654
-1.8028301223030225
-1.1995017011937528
-2.370268592442246
-2.3033055037739922
-0.3727717280890041
-1.8474735244845402
-1.5099386569944964
-0.03202711423999788
-1.1392403646982345
-1.9366842736637455
0.7536306382125063
-0.7286489510198695
-2.1407368326995306
1.7151125315245546
-0.8023490871504567
-2.1908439807935105
1.2496963564791217
0.12200810104061383
-2.1539859690488834
0.44952093138639104
0.813628375202863
-2.571506112004394
-0.3162160430710008
1.3571670121342208
-2.545384687294561
-1.060665423175608
2.178728121065704
-2.173098690976584
-1.6435754702100924
2.891986561175581
-2.1080756034663386
-1.9697122814165606
1.9214865192789266
-1.195820526443947
-1.7917257837202247
1.4222389070835153
-1.4935268743016268
-1.4139401410675043
2.309427828398749
-1.8848950001239797
-0.6348334675834131
2.8485026549117043
-1.3077810153380798
-0.25372324869702073
3.4710624565901003
-1.465047555994864
0.21082800379170946
2.602247150686323
-0.6525623957879592
0.17937475866281444
1.9950447654634467
-0.43103856163955795
0.12138719176966456
0.9933755792979089
0.27826313412378256
0.3540569707902854
1.6902027050204698
0.5858140466167009
-0.10479694326137792
0.6165085390418177
1.176592572190847
-0.33113981944345017
-0.07178804304788193
1.1023523508090118
-0.9819362966497637
-0.8374861517636628
1.0034068394203315
0.12642005816746188
-0.9777453958444717
0.2222365275318718
-0.4670153202849813
-0.5182677158675171
0.33117461047665
0.38527759894831176
-0.37876138159041606
0.35115616758457485
0.6259624754587341
-1.2524925470670007
-0.2622886712097741
0.07190983097996739
-1.7987130774997124
-0.5016162980520593
-0.7377280356734603
-1.5983217941621592
-1.2135166143797507
-1.624046224220367
-1.6769268389340954
-2.122355116479692
-1.2121734157918589
-1.4598644864358479
-2.477425089394703
-0.3925751826703316
-0.9153566758870822
-2.09663220666629
-0.17220749282087855
-0.016433685698411016
-2.039435782467883
-1.0602438794685094
-0.3585499208466635
-1.245898876061106
-1.738511736242535
-0.41141995419406324
-0.6139450534350697
-1.5979831817033516
-0.902793518510286
0.3611928807184625
-1.4762849802190778
-0.357728261153746
0.4868888010389749
-2.4124604632748796
-0.18017346502109016
-0.6293719764502882
-2.265425368372406
-0.18591802223069853
-1.2728927580047043
-2.2460964812837085
0.505178637211093
-0.8442648863790697
-2.7601194926604298
1.2661715147898172
0.10360298860691315
-2.593901028755937
1.5268627155989305
0.9542615300635932
-2.1179770743700987
1.6892121819660322
0.2976651862502277
-1.9379456512029365
2.4361262710449787
-0.5695539318212834
-1.6285435764211624
2.717576759262187
-1.2875262553429938
-1.2421484499707316
3.267941993273448
-0.9396709398176717
-0.5624317996411565
2.688976375194781
-1.6857444983021301
-0.45799093497405463
1.9619578763986056
-1.9717303030268336
-1.248001584619665
1.285729850520803
-2.4519658222253624
-0.9159432721272033
0.47909812967435106
-1.5393185466615384
-1.2213051951362321
0.5140188583335386
-1.5000041870402347
-0.4190703446300188
0.944207333026362
-0.8886119866475589
-0.7746875670541445
1.628200222471704
0.0507160136646071
-0.9542069243636705
2.283051675738663
0.428116640862025
-0.06923001421404766
2.535852505278893
0.9439365877950786
-0.34731530494288687
1.804590595608525
0.916993537772503
-1.3107186946277893
2.236695195586475
0.1564225912882387
-1.6041221685301335
1.6194142911436644
0.5797164761381595
-2.051362135715054
0.7564785739259117
-0.12633240096309994
-2.780099701809656
0.6252828802654475
-0.4283696445968387
-1.7986093640245209
0.607120926763156
-0.46628769112218427
-1.0907735628703743
-0.2831958300530085
-1.1289789726548114
-0.8761180917477375
-1.0853769684235712
-1.286530827929823
-0.4880211714448202
-0.2591260198663501
-0.6772713462689184
-0.8388601621197672
0.8284112589809558
-0.034480581491604816
-0.6362442326544846
1.3432506858259285
