-0.8270757603439219
1.6520519423768825
-1.4258249359405224
-0.1858696701918476
1.8512272287816764
-0.7028387274826593
0.137478128439557
1.0938888017463515
-0.25732351770005946
-0.348180472308032
0.022327331041423967
-0.8049517330001383
0.24710968315402532
0.13094549535206806
-0.05488561211370645
-0.48009445514307914
-0.41305246921504035
-0.04802644173403901
0.5017467722387343
-0.8310803858682186
-0.15165770491364225
0.7301080747712427
-0.29048900296303265
-0.8825422718335074
0.31679641989458845
-0.9563019967258023
-1.3654204606618876
0.4693287897425286
-1.655714114337522
-0.6633580462052631
1.1770017957813346
-0.9850569033454711
-0.8169755816756636
1.0821411635002358
-0.49953033365812793
-1.7357061337606747
0.16635079981072107
-0.060303456924234354
-1.8293154287921483
-0.5005599103447056
0.7406979400467905
-1.734018651731346
0.3397804437284291
0.7451777899972757
-1.2395148665476077
1.1260217741240781
0.6164069756390184
-0.48346409383071137
1.382610269273023
-0.2105525805135503
-0.25817582926957106
1.120682097688112
0.5104360782041609
0.5030366968434682
1.8232334659537444
-0.38200015296208106
0.8043236931075158
1.3766787821510296
-1.1560358210122765
0.1684327283175094
0.6038246367152703
-1.7155039742659917
0.311470237147806
0.025922061166652306
-1.0598558291120042
0.7840714343884366
-0.1255627445563467
-0.11063589801921933
0.762769034788513
0.7026565623298139
-0.49336014152506147
0.7467150631699806
0.6442609113158837
0.2676494805600159
1.327247506931221
-0.1100269740151935
-0.2101504108865353
1.88014562351
-0.7505998271074013
-0.8190083023163726
1.3275830975966014
-1.06710261667814
-0.14452055340940295
0.6454177141326009
-0.37214605037552745
0.45823296132102714
0.07413232678578452
-0.6662732648173886
1.0087150880369256
-0.7317612783308457
-1.38704416103256
0.5916093118983798
-0.2117531549828166
-1.322523362267692
1.6183649764618941
-0.5268599585327575
-0.5594312044479397
1.5112483446373461
0.1268425581819693
0.09788982607998352
0.9099638479760565
0.5856882365252981
-0.8180421026253819
0.7921160988674323
0.9399033650960572
-0.30719135396917036
0.7277546304264167
1.6594314998271045
-1.0588735572230954
0.08872582915075833
1.6248916804339273
-1.686336379874378
-0.6167664628178459
1.227250649161959
-1.2198387328391949
-1.1255040968475367
0.5240755414277231
-0.2788498576982165
-1.6021172657964833
-0.09905425833372784
