1.6927435526250578
0.7128584680464686
2.8509669263944506
1.8995401362830355
-0.20584517093257135
2.5771799547248273
2.5794580730758216
0.26715307061585936
2.0436286293717987
2.9244906554148598
-0.4810013947633371
1.474055819682015
3.1170701807044523
-0.88057302111097
0.61863840126
3.482974607172499
-1.3202823535255224
-0.19799877364720517
3.2623839558192276
-0.3772708186147679
-0.2719811485350324
3.2708323732795086
0.0799772490530627
0.7490263302352157
2.351273757776
0.16453057530453224
1.1112709014503188
1.6734467291553088
0.36810247362325516
1.8925619784484067
2.345852429701377
1.360411905365784
1.7290278935129881
1.98036454584407
1.797835366441179
2.491896676676531
1.893806092979515
2.802524096889943
2.5743860829929472
1.2631266969213475
3.4609423863780147
2.1222273413868398
0.72617234970919
3.6578198930780874
1.2304213454158204
0.13763050846195105
4.005346313795727
0.5402641603243409
0.795418306563159
3.3749549803379875
0.32159395894010473
0.3342523735806815
2.452169049804336
0.011895132845056552
1.4888786626982762
2.4615869954666385
0.1269660474701259
1.8710984502670318
3.3414277192704445
0.4326828307583558
1.4674045415047858
2.926465447952033
1.2296221220699668
1.343115731568237
2.206971612131476
2.049688432579824
2.21925724826988
2.402978982904682
1.740583977454009
2.3835181055851593
2.551419572627495
0.7196986633230524
2.2501874502008947
1.9623624087675302
-0.028397576100590148
1.4378164469482508
1.561038533204637
0.21400234814666508
2.1846108300356555
1.1009410043221934
0.5750343993417767
2.955897498189749
0.8784453005866255
1.1995730176914068
3.222247143260819
1.121563881609439
2.128927717261133
3.6055929257425756
0.24281797181160902
1.6457449823991508
3.9397675142997404
0.8035377508262086
0.91827079149884
3.7823400182106677
0.7348263270614149
-0.06813794697003361
3.193111967705335
0.8246117238876212
-0.9232251801079002
2.539609409446047
0.9662776843673568
-1.695592946731461
2.3445554437304867
0.2794469908876433
-0.9506757701315675
1.8016720324663906
0.515833210221985
-0.15730516244251183
1.4178498469057212
0.021772205871796742
-0.891613602320449
1.6644372843977837
-0.7154573604522014
-0.287685508735059
1.9509423204595404
-1.7471802349449586
-0.843751062016012
1.4948914448654032
-2.608129462033666
-0.7575321125552335
1.0852528991753083
-2.7780130158358767
-1.7761684203604227
0.4086709442436727
-3.1715809754833906
-2.348064247317438
-0.5805921063559819
-3.235305131781748
-2.4203106411003685
-0.16927989108695243
-4.083487189333229
-2.074427522709681
0.6853014337167723
-3.6044649325253295
-1.3221441177891344
1.496661345339658
-3.6260500505451905
-0.8287675133211416
1.5916194148111835
-3.1265773380307764
0.060804850004155385
1.6266984206878348
-2.4122555504876373
0.852500830003598
1.5137795374074874
-1.413945134660496
0.3043812944361422
0.8972978290246791
-1.5275483281497808
-0.5044261814329214
1.4225286586806816
-1.0530093979943118
-1.398841292762058
1.3026366018752664
-0.24585290118150238
-1.8512900738642362
1.6100766176885521
0.605726192636475
-1.5614958101800755
1.7719458074611916
1.5921183319253067
-1.5903502243290262
2.285755183387798
1.1875908199425371
-0.7517260194888538
2.6857252848457565
0.6325602276847877
-0.1015501070351665
2.2985639604015584
-0.3439823708883751
0.24484635203892147
2.330282556891442
-1.313060494563387
-0.059557168385887906
2.0415537322411295
-2.2135905300575573
-0.07154524839259051
0.9665023611088787
-2.3489419189599134
-0.07235197095877612
0.6286586773489937
-1.8597494861060655
0.8844564178331678
0.2139701390568343
-1.039798628896228
1.157368005341202
0.5142902119779694
-1.6018535190339298
1.8171790823518028
1.0742875857366252
-0.8260474179361316
2.217944557094729
1.1274593499793994
-1.1524533997355078
1.174545632737587
0.7027556914983104
-0.9772892729637727
0.30509565715569836
-0.34488976044823094
-0.47745955917757726
0.30153845659599143
0.5469545244232088
-0.06912726040185545
0.4409394721070155
1.4271980179949302
-0.38018244235329024
0.5120881567689316
2.221961236462017
-1.0832822199442123
0.8549135236725257
1.8927830716207152
-0.4804678911819886
1.697764196211258
0.9866978441260665
-0.10795639890538601
1.4885412562512876
1.3913911432707637
0.5804086690323883
0.943054159082632
1.2802719511170526
1.398263665164093
1.7842958417612738
0.5178409711859872
1.488579413066311
1.9523751017599837
-0.17602492542218606
2.230309586879624
1.3165128909553578
0.4132218013003461
2.828822207760735
1.7326036646842824
0.4062591080652016
2.2405903727916767
2.5114272117227228
1.0410423801195845
1.6060394819485713
2.659602782361444
0.6976867891425842
0.6462240952309866
3.172495464874486
-0.03998660040520688
-0.11555333015498262
3.1653734733868175
0.17773175343576073
-0.17379541035264776
2.0916966553968974
0.3979296275000086
0.6130467150473972
1.3524777282606624
-0.4054946523814539
0.5964239273368696
0.4047493295899755
-0.2878229687370936
-0.25392344338107753
1.2679379185829625
-0.39213804563810895
-0.9309717576695632
1.7935020163602362
-1.4374636462713166
-0.8011341579123484
1.8750920000254792
-0.7510592774090405
-0.1936150016675659
2.4178920606001277
-0.7100081166420769
0.6342962046225771
2.7487766373753684
0.10410028281380473
1.2289297605613845
2.6690374305034306
0.7010515177956879
0.6540200968475091
2.183125509068661
-0.29447448301956164
0.6524107168210593
1.9650747336495584
-1.1115681273366689
0.030514232574108367
1.547533654795113
-0.9744845222031817
-0.7619596875283636
0.9858437549921211
-0.4821116672569483
-1.502754144248973
0.41725510700550056
-0.8627246928262226
-2.2128548111971003
0.10722600959039756
-0.8957179926068023
-3.0512268774971147
0.6252454677685524
-0.7583660728776997
-3.2570661812294155
-0.39223543212067413
-0.4847436239135157
-2.4149953957204904
-1.0137683288602812
-1.4230379401287692
-2.059031841896821
-1.131518964250608
-1.742274410085526
-1.9654087911935678
0.026977112541916544
-1.724875695497128
-2.6854368838697957
-0.5542793804916297
-1.2446757007750375
-3.3051094721565577
-1.3254005460137719
-1.8155660106058542
-3.944098922960648
-0.7379495844649254
-1.7320952926965203
-3.495368832436071
0.13966646421409865
-2.2662824842915485
-2.640640389429911
0.21315271297059982
-1.5393705603426782
-2.300836720698046
0.8538292545426714
-1.15788543933116
-1.782535962328388
1.6985006655892279
-0.6388384315937156
-1.577059142346453
2.589288250050067
-1.3594098079847594
-0.8668446434057385
2.8989889061473906
-1.4781143952444258
0.2520954003305031
2.796664335119826
-1.3928674611441962
1.2421320206685034
2.562668866120751
-0.5890108133310514
1.5865763259388839
2.1446655278295124
-0.7868077178173383
1.6234716861567604
3.1868850935017656
-0.15312423886346907
0.8188556633277578
3.736763571418001
0.4672729394923683
0.10067893106186576
3.8975750685684143
0.8575661087352132
-0.28853674343339825
3.084890579606674
0.20411539015866853
-0.97238254498995
2.8267012620824334
0.01707940773146671
-0.7924734142447611
3.8109360812310835
-0.40553694298789406
0.03865755139244516
4.253700541656127
-1.5183452563875184
-0.08667267545826358
4.362219502943597
-1.8609797281534084
-0.8325824896378804
3.736738828210248
-0.9541021792394533
-0.9693032212801754
4.108791984618323
-1.098136822308776
-0.18140575533039188
3.3739785533732976
-1.3245492350497101
0.7587868435155156
3.5317801845250343
-2.18781662847015
1.025803115471383
3.1334007824185726
-2.1722396110017845
0.8758414655990477
2.07336787025487
-1.2010639714034752
1.1120212167979775
1.601451481136399
-1.0293898445495162
1.836502657644337
0.9878373118126299
-0.6003272041473003
2.2751757386621208
0.09859868388383776
-1.033859974914044
2.221106484361044
-0.814724685634446
-1.7525506516479479
1.5856784597699174
-0.12072646437867397
-1.8465822801227643
0.49109043960718785
-0.18548977968197297
-1.5265485281286302
1.0837630652106112
0.6333261785820944
-1.9601952761549992
1.9585302589341231
0.6511829149432028
-1.6320428136617637
2.5637119257049754
-0.1275006073361105
-1.153867423783351
3.1128970268473837
-0.8518366060770526
-0.3212241056576684
2.7619409151054093
-0.5859494369560169
0.7490944667943567
2.5987717888465602
-0.8646120246122805
0.46696159906932355
1.7820460766487833
-0.546231462994743
-0.08271880380481475
0.9230286640099258
-1.0675078070914668
-0.8198143811184724
0.4916671453454968
-1.3428924014051162
-0.782474160304435
0.4430167842944392
-0.5695544470077967
-1.1103448523212758
-0.04733704816296957
0.5496207959090109
-1.5762675843267062
-0.8374339811830682
0.26814674277646205
-0.7612900095775376
-1.4042971560585327
-0.38122977655416074
0.05738844875520566
-1.9390165079105741
-0.3221038789459581
-0.19486706553730013
-2.4172371304437545
0.7290793405274753
0.705010920930093
-2.9592732779876205
0.8486585788582919
-0.14349934453210475
-3.233902608776354
1.246165312334464
-0.03331005657701925
-3.2876367604897485
0.27639141459411337
0.7342100829050008
-3.227061815351453
-0.36856820364313786
0.34907517061432514
-2.524702785855391
-0.9750723838283913
-0.20614134733655953
-1.696004908288473
-1.064622189300795
-0.0048914295253526694
-1.077203220301219
-0.3973501879616263
0.5936987730443096
-0.2756396448473927
-0.4280260241811308
0.3231191301148342
-0.8046698232034447
-1.5093542680113847
-0.7052383985087378
-0.5307407489120255
-1.8623492233695775
-1.5813566072820406
-0.745683744518333
-1.8058813907675302
-2.1629348542729425
0.08939000895011902
-1.964939502445994
-2.281305847892854
1.057405852581319
-1.6586789801388746
-1.8773153237704703
1.8642814791139426
-1.2757659383536022
-2.458932048329344
1.3224704752311152
-0.7055101550615778
-2.447185315627187
1.1568285580443416
0.2920202488396164
-2.2701775214188156
0.5406223407798881
1.1514852448207349
-2.9887797103338305
0.41020391521340976
1.7821066679024207
-2.702936161629525
0.32112819456266223
2.713891261529091
-2.0365684953399517
0.11254498795965381
3.56462548273553
-2.265059744177625
-0.628754559009306
2.8680785507593813
-2.159359638748226
-0.1250140708252204
1.8779207696848252
-1.9016271556420155
-0.47456878002880515
1.02919031039495
-2.166807074683733
-1.4698343752033292
0.790700234766907
-2.4903696812947085
-1.3143559091799866
-0.20350592139322274
-1.7663224990994817
-1.0045465546051373
-0.8653908367467606
-1.5727997127248659
-0.0618438349394009
-1.170072814567489
-2.4921368828734813
-0.5838876884270336
-1.2929557748805531
-3.327306673748924
-0.7165646865921433
-1.7793903213020126
-3.0721460440221158
-1.319861766775785
-1.0387604654331926
-3.138661101397296
-1.6563983939166225
-1.9571459229544574
-2.927970208010978
-2.538495659395479
-1.5408383561353531
-2.4491347141301345
-3.180130067818193
-0.887809924442783
-1.867983508048036
-2.650078238642086
-1.508904186161513
-2.328575340637313
-2.194340783499653
-0.7061386270897267
-2.2718660907208954
-1.6478989354549634
-1.510113267580721
-2.541334387117408
-0.9645775900137835
-2.3237559494965967
-1.6448680082253018
-1.6960651779840794
-2.4722935439428477
-1.6803277962604761
-2.692929458149781
-2.4594022630232706
-2.4410765831824683
-2.2620999971463895
-2.4753143914833546
-1.8221084070897189
-2.1337445916250726
-3.2530952586706974
-0.9983518721521982
-2.712724282460088
-3.329411298435641
0.00672129059561134
-2.5645168352531797
-2.9307001112930817
0.02898449106339603
-2.410550954491941
-1.910888867351635
-0.35630522794580843
-3.103350296214702
-1.4583662376327955
-0.9155768616927615
-2.38777086005489
-1.6526283109027007
-0.7683686053430261
-1.8694258444770502
-2.5635635231441283
-0.9606483443259861
-1.4767702402082252
-1.7981216224101235
-0.032593018628933046
-1.3649749856363893
-2.235091513236296
-0.7124797258137905
-0.9545589349678995
-2.577409816397384
-1.2875891370861638
-0.03789703736872275
-2.3395015648587556
-1.7261417322067478
-0.7270687822708866
-2.904928172803747
-1.0023712823915079
-0.49509464026246364
-3.5820613326797246
-1.000009488598994
-1.5724659465367683
-3.450167013593605
-0.016761071781190122
-1.5845226703001307
-3.139197525337314
0.6894801497681512
-1.9911597026854841
-2.551864671901647
0.8325834058227054
-1.7657017501992398
-1.5186552738586314
0.9445470020979385
-1.0301435050169296
-2.2416664524618355
0.24486857290806452
-0.25690988653428465
-2.293493988781983
0.8564135751184955
0.4581476510563865
-2.2772932577424436
1.778862244361919
1.1041402861474021
-2.4402892872728277
1.0061477294451917
1.165782980844233
-3.1166086085469034
0.5312137070372874
1.3901482837561159
-2.3670147781457826
0.16401820747869633
1.699272263103882
-1.4025098832599265
0.6957945431063101
1.1021026682636272
-1.5953559113827804
1.3121276454186825
1.1496191620712344
-0.8254226038794586
0.43241319263668826
0.7117228506980852
-0.13987790013986937
-0.05477140723852488
1.644000583246231
0.21816427743667866
-0.3121157313748171
1.1840531571773059
1.222068366824646
0.9512597103214696
1.2896029039227277
0.8987334333175686
1.6199739161158708
1.823134673833644
0.996296418044307
0.7542853792699525
2.2664713830808627
0.9799843818340497
0.07195640079736029
3.004665774129761
0.8718918451112029
-0.5372877714280456
3.2930099106067066
0.06705668078375096
0.28984677798747704
3.4563133016587915
-0.5043915420123392
1.3829355796631877
3.3440155408988606
-0.5772422646260122
2.2086625852765946
2.852753519176075
-0.40423928416793325
1.6000858184431193
2.209620589230886
-0.7516976076645117
1.4430994569456712
2.973162565825007
-1.4600002366680767
0.6331638957623752
3.2701503445504074
-2.0973914959257893
0.44472512718362855
2.5686793207781298
-2.6149924724182267
0.9614316755517144
2.2021567478783974
-1.8041398319517603
-0.0010516556811982318
2.7162781605509356
-1.713380796553315
-0.9447463341245828
2.6281369854197645
-1.7179635673881115
-0.33152405864868834
3.0968376102813187
-2.445386300627695
-1.048482766197864
2.4654036209061765
-2.817082778434002
-0.6181923564357782
1.66862201720763
-3.280507027797485
-0.21463384611554598
2.6286035012390006
-3.355256683049385
0.3726029377282027
1.8069332298666614
-3.4283050465032523
0.03137922170235592
0.9495687648325495
-3.0190489753116716
0.13598047619647574
0.529109094512157
-2.0204061869851575
0.5398094273485804
0.26560884881864305
-1.458125342952079
-0.4138141293714224
-0.32979164842775577
-0.8959345712111801
-1.083482540448727
-0.46923141159694076
-0.37173511342627036
-2.2011478199224097
-0.4023453178571544
-0.34751006083753366
-2.4091953781239344
0.3933210257898493
-0.9444641556191741
-1.5989325194568091
0.8844184443223029
-1.0038841366238846
-0.6038327448754486
1.2499597060035037
-0.3080004432433253
-0.7328519796735247
1.421079451734563
-1.515684388986019
-1.3293639154079835
1.7948039095199748
-2.152091332372116
-0.4837158773759921
1.9451762660081449
-2.2096384766660164
-0.7703775098434419
1.1275411729831775
-2.5788913364144737
-0.46054915701419213
0.10678142751863329
-2.9388439172530054
