0.8942740075276403
0.7293463772257048
1.238308084144756
1.1624876369005683
1.0940919519210404
0.29100465188758334
1.3579492315469364
0.6229037568733404
-0.6532034482086958
0.8441978758407399
-0.10744984338413344
-0.2811381429918605
-0.1884910045039678
-0.17679452047390457
-0.20474072313102815
0.3533610481305456
0.5280005634197771
0.2781001254754259
0.32630666592192686
1.4252830342953644
-0.16094880824102273
-0.5250098859122784
1.7511225800012258
-0.7260928369302225
-1.2744278050526445
2.0274580309655974
-1.3066973419398449
-1.573401744621053
1.2478144189742302
-1.9153250196774223
-1.0026697452675204
0.3700036315147722
-1.744385803565199
-1.191805628488059
1.052333333058167
-0.8908696921531492
-0.5467021545616108
1.3721190543064474
-1.6260805333431785
-0.0839114162572259
0.6232650154251808
-1.965737096105783
0.7232127612755928
0.23656621014447124
-1.1966292732687014
0.06529935344130594
1.1112733940389872
-0.8912793104860783
0.8317634077322611
1.1612897493384562
-1.738186888532081
0.9078746243604003
0.1784325336428721
-2.183436580826018
0.10027939803175262
-0.5009433467786286
-1.8943792921109674
-0.4639325800549641
-0.05690867429532417
-1.0258360805812683
-1.2272398932539745
-0.34201641787536685
-1.1839494638109145
-0.08634251627889329
-0.8434422281570795
-1.0366393623900232
0.43712469436576645
-1.6022633215325717
-1.215139006199667
0.7061641587508106
-1.1623483271835497
-2.07244395967776
-0.2160591767608382
-1.357627222855562
-1.8663224367198321
-0.8561494601017726
-0.5909188077281553
-2.0491162697976173
-1.0483223965083195
-1.4071802498928125
-1.3804087738382635
-1.745055286864066
-1.5455908704061194
-0.6555671112804831
-1.8010525057613966
-1.1892137331659527
0.2755872040269884
-1.8360355203379095
-0.5772320691631764
-0.47986432694969955
-1.0580785164668285
-1.0053060952817536
-0.21754530605183253
-0.5470005524064566
-0.7712044188993632
0.468461281004415
-0.5537589437696047
-0.7677866287115269
1.464172741147236
0.1046092282644557
-1.4775504418986445
0.9333386853548501
0.5747072674873339
-0.6664310719503357
0.6045144901780869
0.4528648383507822
-0.701474504218604
1.6361361041028328
0.08223457069874777
-0.02478905173690661
1.2667156868504323
-0.8268003531048584
0.05843434801236391
1.258704481339957
-1.520746507776347
-0.7611284601874252
1.2076624003969745
-2.2622537945084016
-0.1674170269371323
0.8341672672137244
-1.4399665814270994
-0.4296390648490365
0.3427761067006711
-2.1520801353974854
0.2932297122344737
-0.06719972478174077
-2.1299503080490427
1.1377587709326382
0.3874609054399065
-1.3495029132882153
1.5037866420165162
-0.050800614510313466
-1.215204561093406
1.4536165188851333
0.9541209594037788
-0.9845017740164406
0.858686690127862
1.7188594928574017
-1.804002242845835
0.6375314829104227
1.2286465878770105
-1.2615069884268035
0.7097673139515994
0.3696226265660961
-1.0640227558803164
0.2148108746905012
-0.4922381791102432
-0.525562765633748
0.9164570071222967
-0.16604282207732254
-0.4838958996245803
1.765783465382313
0.42490225890636757
-0.4019161130512878
1.7713704641744055
1.3339338425372689
0.3507723638890252
1.4837470601161642
0.8930354553123733
-0.5539474108693423
0.9553868422665194
0.9249613268777931
0.037789456627630016
0.9427040357853734
1.7217693053549115
-0.3910466493907731
0.09114049267200103
2.0122710480109536
0.6009623984528134
0.19990069941595046
1.982587108030363
1.284386422882201
0.43919209686046173
2.753227128251404
0.9602704921405109
1.1198162455776528
2.0865289710823527
1.586229919362851
0.3862957943835541
1.8017998647719788
2.229324363098407
-0.03511003018506692
1.0387529902216637
2.0658731279290077
-1.090512410216267
1.135296406354221
1.0166195453204214
-1.3339343961082242
1.201403937027231
1.2376514428484466
-0.48876057965452874
1.3056213332946034
1.334312520240716
-0.9223322371498139
0.3134763543326523
0.5959160288284252
-1.095113715117031
-0.2669200248731426
0.6583321149805159
-0.6165623939918189
-1.1506193320106661
1.646519699748731
-0.8701758751575931
-0.5330139048002686
1.6427983842947407
-0.15788006622559123
-1.3034739147768273
1.4809645196797654
-1.3527369190697618
-1.5472670216915734
1.2732284410626022
-1.8374189398550853
-0.5758989262524531
0.8590239713621894
-1.806835316212689
0.32787299244035556
1.8705893252137584
-1.811224005597549
0.20491208808353453
2.3614078613932294
-0.9092693345027514
0.16077774307787387
1.898189282188128
-0.07227291395216542
-0.1656520177217054
1.2764820374415733
0.16207533789518216
0.4995993354786085
