0.2945620266458511
-0.36090402629557405
-1.3204471051419617
0.2681896502763763
-0.7585774140775321
-0.4060059097188569
0.6325654731196791
-0.2516885704515449
0.3691613189049131
0.6473138773556889
0.16152674052456192
-0.5383518407002087
-0.32726525355475117
0.01166855504024917
-0.6322994865301201
-0.9640716755211831
0.37761886128186534
0.03029107213084318
-0.5929617989569156
0.3194707016155832
0.9437972241844498
0.38329781229563487
0.38051692652249935
1.0996704602380645
0.01880017266569382
0.512944213749943
0.17233880376497226
-0.36043028432606833
-0.39257598791005394
0.28184546286789947
