-0.9762248860493192
3.064755341813209
0.2694459163791801
-0.403094261106485
3.0940622995314033
1.1741177522832809
0.12059486092879952
2.6874555756848886
0.26805055212105156
-0.4020375942068175
2.812240159031461
-0.44775860441928883
-0.8727427351735288
2.305032046588264
-1.3268124886026962
-0.4372988607447631
1.5300283448224803
-1.0086914407537773
-0.38263523157617074
1.9353052179721892
-0.13673283436501524
-0.7436494075376897
2.1747835153967827
0.8284342924109417
-0.926414382996823
1.816707085081454
1.7462676627975735
-0.1914960711843473
2.5464070524669626
1.9585012153636403
-0.05935463370511014
1.8588124467856126
1.3826243878501936
0.49213473725901924
1.9143857439692538
0.4761530855426187
0.9330078186926689
0.8671459127307081
0.29014342501450474
0.9301827962676603
-0.21989815665400345
0.11078344918532519
1.088954673002865
-0.6472947682827365
-0.6131083414761802
1.0939322266267206
-1.5100042168993955
0.0065508060337410995
2.1410204726541457
-1.1116153413824508
-0.3104536527914001
1.565893831793695
-0.6359236438774977
0.5290527884329109
1.9152276428719135
-0.15077136632058422
1.2814279705906084
1.5135052577903092
0.8515163015381574
1.2531230402798907
1.427110617119114
1.6738895145628903
0.6973658905584924
1.0839780360478646
2.531453537244921
0.2399158222226087
0.3850401172577766
2.296281753282502
-0.4389632758322471
0.36395734282875664
1.2345865758315866
-0.5136837865983466
-0.22079508464760256
1.0160597251876078
0.28444046828103886
-0.7466853965550803
1.0941667210898998
1.1091121183167123
-1.7941360526853354
0.9826378204701987
0.9963088364529028
-1.6823567176618666
1.9814314413219576
1.086377627957844
-1.2255927986025157
1.4963141841159295
0.4140007141966919
-1.968343603112553
2.147137578470468
0.12875449674571163
-1.9734071759306249
1.038160474371731
-0.1790406471398215
-1.255511950035072
0.5561609398993188
0.29436456878184397
-0.9155319763928209
0.8862897559763707
-0.4168672386555761
-1.268797610506054
1.7731490527255132
-0.6841202597423318
-1.4273029404094326
2.707996752930539
-0.5391724543960764
-1.0270402716527913
3.381566022147238
-1.2288007386144497
-0.022386328225614066
2.990658253481813
-1.4520529978126264
0.29600441595084437
2.0267099559312105
-1.492586574382046
1.2683760691518366
2.1351840132063584
-1.1742089947510466
1.2274223410453067
1.6616281951302456
-0.19461059578323675
1.9329816611991477
1.1240688159829835
-0.010807437830211928
2.5683512122894263
0.6482513530689237
0.6623198579227889
2.9053531526879044
0.9789211638848456
-0.22582568788650584
2.4996459031434197
0.6424962798200137
-1.1112782103179246
2.34938506902844
0.19120267516730097
-0.18030132398502122
1.5096232764596809
0.2550034172698863
0.3105334810727845
1.133454833556337
0.5090950675016515
-0.4685079332200064
1.755099805494397
-0.13865485238427927
-1.0723084086789196
1.6766001897117413
-0.7704862784483545
-1.751336910668598
0.7381754430359535
-0.7890294853631936
-2.244797952562475
-0.26871092640507205
-1.1681655794195944
-1.8654683790962112
0.3007972530308664
-1.6725362979492235
-2.5080591145567106
1.2447717581291757
-1.7407925619887754
-2.025974523305362
1.4092406499076178
-1.6232643100907118
-0.9821862165275056
2.371257286001349
-1.7654128877718007
-0.9920190031843921
2.477312905746335
-0.8030809294095239
-1.1842396449697012
2.303396729221254
-0.04437986425446904
-1.8639294116736207
1.4572470120417143
-0.12274224861758515
-2.4287241798181283
0.5925684316285874
0.39885967286131335
-2.1534107949877956
-0.11155134680058201
-0.21261759919938375
-1.5357383521293442
-1.1969648597748745
-0.1801249419630433
-1.5494059366283883
-0.6867187214622971
0.16697939387200264
-2.2106944694418256
-0.10651342169108385
0.6863671590201444
-1.6356337748822503
-1.1138164317454031
0.894489395810217
-1.6430988283184376
-1.6475007687596097
0.23459386128749657
-2.2166522335682495
-1.1874595311419283
-0.6726100180849677
-2.349877479598717
-0.7032545781424535
-1.6082418243296788
-2.5410248262740978
-0.23079318523410403
-2.0974717230306936
-1.8156057622393869
0.5604393897722035
-2.181434393658043
-1.1148181093801168
0.586700191686951
-1.166948218135794
-1.2439115125154228
0.9447494078409586
-0.28879034418722077
-1.3669773242864414
1.5739250390393953
0.5297607814450302
-1.7205625487210827
1.7451246328001837
1.2965455930887464
-0.9816948380717135
0.6744243773154255
1.1268876761685862
-1.3399932663615641
0.365283317632798
0.3263490940497831
-0.8241481794566766
0.19830864868982206
-0.7202404624748475
-0.6324667455090123
-0.17263726718862074
-1.5058103724305547
-1.159398310294832
-0.9522063757163801
-1.515706975733744
-1.6244291232626131
-1.7931348838845278
-1.0101981695527704
-1.186667530812464
-1.943216206007946
-2.0753831110710763
-1.3522601618334271
-1.02044453525636
-2.4099540846799763
-0.9920371868500981
-1.2832898865449598
-1.6280240284852046
-0.39814251625276376
-0.8826800223261828
-1.0180582791258326
-0.8652727252683788
-1.0994188506785376
-0.4347264752652755
0.10054981221222718
-2.0653729440472444
-0.7280517563306778
-0.2549658974225406
-2.3050769907450546
-1.6380179946275382
-0.5616329435806137
-1.9984111260911444
-1.487317219352929
0.36899714162348074
-1.3495314648738188
-0.945615247618753
0.8783662290769986
-0.4731954771215155
-1.0600586470769267
1.2433465582051715
-1.236620071736836
-1.7151239873206983
1.4439713936130718
-0.6811384983578972
-2.6079947655298272
1.1778046309907255
-1.215125428497699
-2.1457469881462266
0.5027106077172651
-1.7622807829946256
-2.5245129286574346
-0.3035930607907734
-0.9195754661614541
-3.0565676193759916
-0.2619391359321967
-0.023063578904815585
-2.949784235203848
-0.5917409759399127
-0.5517883565153592
-2.227799213318072
-0.1856748205394788
0.1654659080865495
-1.2844200375930719
0.014718147042636853
-0.721301981883829
-1.264192213490844
0.28923245757677785
0.020667537234360787
-1.9352901393038857
0.7643625153504735
-0.18796911199578142
-1.886663628387201
1.898640498834996
-0.8255758185975504
-1.2558316946570676
2.312294937854937
-1.1212728121375701
-0.547953350038524
1.756727492450132
-1.689249918258742
0.0003050206368170206
1.1410034401386435
-2.333628203069259
-0.6453550583804345
0.7143536764393918
-2.1825888824996964
0.2942725217594219
0.3035570513945533
-1.6531848737081307
0.2653516889815358
-0.5539532939148857
-0.6454556396075452
0.041016030739109484
-0.6726299137408674
-0.24749364978264557
-0.44004056021494614
0.159601895016091
0.5367178024647723
-0.9338289410723892
0.6283269690458391
1.5490148913208088
-1.046628679121798
1.353793225290359
0.9652328789752307
-0.5410754586327227
2.0609539028737864
0.9005025982367519
0.5143055011948899
2.0490022637549505
0.5836490438129378
0.9365471423909693
1.2185265130553367
0.15154539835305325
0.353151058078494
0.7565037085735553
-0.6045987815816322
-0.20708546381876566
0.9585491734043634
0.0591775695167462
-0.4585519476736467
1.6273816599646074
0.8771266533100882
0.06940431184340226
1.2204399315744414
-0.0032278970533182526
0.3942463006130623
1.6453549497336963
0.2074890553660025
1.311149752719327
2.1913607846241927
-0.5156980204515504
1.9159050855545634
2.677173192183082
0.4227421605923475
2.117787511249087
2.6940496086336494
0.0215851277178235
1.2947314948887272
3.146099897470686
-0.6820950107525542
1.0010743494285863
2.431171293370709
0.13037929904844323
0.42712662351287006
2.7502799668328914
-0.4407344875173691
-0.3064209181236484
2.3830096659314988
0.14793687345415424
-1.1178815489801055
2.3735056377139365
0.6163104968617541
-1.951196182112861
2.380039707619576
0.5931347858881068
-1.5131110243580577
1.6031762424378773
0.9562053062099078
-1.9287221708742335
0.8087050702921991
0.524040699444075
-2.2824177931140266
-0.005003838068821536
0.7860570989656319
-2.90509211139751
0.6928759077788565
-0.17713897483544147
-2.83760177025581
0.39979769678005517
