0.3678558233854618
-0.2374578696716611
-0.9254556093258883
0.7396456507954545
-0.3826733778593915
0.0034292105459058806
-0.19913335082284173
-0.6490040570665103
-0.22138382441673732
0.07258104895660081
0.32008496309652185
-0.16377563531521389
0.701331914780748
0.4391102505430872
0.5974479624726021
-0.0011025989909696585
-0.25679704091479066
0.6694174469792978
-0.2630199458820691
0.7009557744113901
0.7020794753090348
-0.815667100729147
0.04098511161505213
0.16336673291347006
-0.6024914414932441
0.024796245846300895
-0.8251257591624761
