-1.5746360195167843
-0.6140172058259932
-0.19801977879905502
-1.1957971259135394
0.2973851525980594
-0.11914712872087188
-0.6847577722420966
-0.3433815119031144
-0.4476065278600253
-0.6805985515075993
0.030589289121374007
-1.3223220756864185
0.21436082113288824
-0.39827006465909365
-1.076666524719031
1.075159201264571
-0.5537644450709769
-0.6190539935442312
0.6556081621047206
0.03657145301604043
0.041049067200653135
0.5157095134507547
-0.3433593586377912
0.8852949684394692
0.3928395670390476
-0.8649912468844224
-0.038988370475676506
-0.4149395260958814
-0.8918551816252113
0.4868989991946694
0.45891381633148043
-1.2883242137255544
0.6896032085955299
1.0060771531535706
-1.463333210596113
-0.15891122835999338
1.096964968101873
-0.6280529487292069
0.34582099623956214
1.6505731524535165
0.07982682893156334
-0.09892805122211379
1.1814691712679912
0.3159284033577822
0.7533042842125501
0.2958465250064363
0.80521265574745
0.69093400294424
-0.2659654894532684
0.2415662454960208
0.17686233388384615
-1.2421794786729716
-0.23706169970117172
0.6479064021846999
-0.5760954614181468
0.0077096821671377
1.305571302487551
-0.9374958440900055
0.7203142852972592
0.7377685664818819
-0.40830576802336704
1.11387424911943
0.024624286877158882
0.561194740362709
1.1752948312448521
-0.21164387051424244
-0.113013385162899
0.4469204459199059
-0.6928126618781018
-0.08536701386718881
1.4307555839741466
-0.9250480216964911
-0.9255653557058161
0.9244619813676465
-0.8764901852655935
