0.2352940787187666
1.1782522500801929
-2.2244565193319423
-0.7119920321071574
0.9598323237821038
-2.2779830555872564
-0.9594393309348055
0.8212032777552134
-1.170127153107477
-1.8900243239511663
0.7378481900968417
-1.8185420872023683
-2.059348562867433
-0.3261814025978964
-1.9508089043590333
-1.2908434877979995
-0.7806091123921675
-1.521540139299374
-0.5027795129304926
-1.2108377840787636
-1.2381702456399026
0.45757666301094974
-1.2333308542006403
-0.9181812907642117
0.17510638901170783
-2.2473109059216623
-0.811634725011506
0.9374572607420304
-2.012412468889568
-1.3783790490540584
0.005815378805985605
-2.2371033921053374
-1.7579384877342052
-0.2161651432598506
-1.3346587859313397
-2.123079714523205
-0.27903032654635973
-0.4609952506893616
-1.9914131127099273
-0.8607359298624195
-0.04414336014108636
-1.0813297974205043
-1.728103426464146
0.22497576135132274
-1.0064751675220516
-1.0967488190719008
-0.09243450433741898
-1.929630492697971
-0.9587355622991169
-0.7792380699191215
-2.439146174060236
0.017272796025236216
-0.6849699307795102
-2.8125974194354644
0.678045430027558
-0.49294653511752445
-2.0429956349345364
0.17134361264985154
-0.31443639044685445
-1.019583529027503
0.8568330648875114
0.3992964643833618
-1.0327897086479791
0.9689878649202082
0.4839500073551254
-2.027281918997747
0.1256008620740549
0.25193902393440576
-2.5008140235334535
-0.15110520351637322
0.6346904047472212
-1.5939394520960233
-0.2793307589195051
0.9249681720495487
-0.6679145948720973
0.4620358298321056
1.3581528162932228
-1.2595864540686084
1.4244810019402567
1.1251996398122266
-0.9487305866095901
1.5337720370848256
1.0048882001443804
-0.010795923448123607
2.216608093534143
1.5635508373256157
-0.49225449378866987
2.262056734812175
0.6212347157886099
-0.6155142952050053
1.7102094967092145
0.2642030967479083
-1.3786267879847323
1.0596123439626504
-0.5066310262287543
-1.1947897344326888
1.1671626196878038
-1.0393248170981895
-0.35369797517059126
1.0062691684208394
-1.359778477018338
0.6170113633317651
0.4854949331815944
-2.221488158479007
0.5946444930106651
-0.2753699491436285
-2.5689233714662247
0.04965018595004083
-0.8603877887455906
-2.37628918337704
-0.836816912897393
-1.2338361446385204
-2.6069581959228887
0.02164937186016729
-0.7987151440916296
-2.6378684709686198
0.8943516698196737
-0.3527476370065349
-1.7649900892893366
0.8364895889136899
0.15610726822705523
-1.5608441649823368
0.022716545779969646
-0.21220230504165938
-0.7480324125196979
-0.16442434917504606
-0.4002802492439515
0.01320689484988256
0.019121046023235833
-1.6160417476290525
-0.31214964059788336
0.18503599346824395
-1.3425654329250125
-0.8493563866527416
-0.49643956361189545
-0.9990347871899472
-1.6797939891017808
-0.19786860831913958
-1.3928807031095143
-1.8640563887363957
0.6777952957915837
-2.149401353397847
-2.3141804290864996
0.1554951083192773
-1.8760128380467442
-2.5659347034253095
-0.7702993287618614
-2.5155966096479805
-1.745125708559001
-0.6676054249998397
-2.3544995482396
-1.1910255823410298
-1.5458110293069882
-1.9451764448310547
-2.1871648569729243
-1.704034190025822
-0.9383223347518834
-1.8505924800179374
-1.68249348503418
-1.5718792611761743
-1.707319289946878
-0.8352091104226753
-1.8181940217273878
-1.2025454611059274
0.007844762138801633
-0.9637848210270668
-0.8452641425063655
0.4323345478848861
-0.997232423287016
-0.015396141355713683
0.9177144222670535
0.030992115445528372
0.20353929607985466
0.8134347237163055
-0.23209554480286176
1.0290139844884714
1.328541080413467
-0.5788829473175582
0.18049622193848094
1.8299070098309083
-0.1895016771728061
-0.08521827624840417
2.7575175259494387
0.313569326559394
0.6761822930641713
3.2606411610634587
0.8106236465579891
1.309578683159793
2.603532184176985
0.19745697003530271
0.705028364592726
2.2707089811829264
-0.7352309640210748
1.0665005985008877
2.3773890103396536
-1.2846197354774738
0.8666794798818642
1.5347829430009912
-1.5895216367072755
0.7432998871888483
0.6159370385861113
-1.2938564769746141
0.45498567892110775
-0.34362069015898566
-2.273538410895273
0.48649217924067156
-0.06663853789174706
-2.2637862409972924
1.358801859870068
0.36845913293448534
-1.6291010558488639
1.6566846648723337
1.0467393156657112
-0.9061485720856961
1.8067012680924366
1.6836730356280365
-0.2223266125423305
2.5613274343002925
1.6119751125129105
-0.9951752178171207
2.413411856165335
0.8862528289693261
-1.4019191157555846
1.9617596508452264
0.171191404906628
-0.8779791561894955
1.218202907109686
0.08828276595416479
-1.7655832333093995
1.1230112587449392
-0.5272248861211153
-2.3980519975855397
2.036413038369776
-0.38631358650105974
-1.5856933634919415
2.4633859405453746
-0.8038096502842491
-1.6481725079820866
1.647106633393771
-1.4046024266252295
-0.881424810278507
1.686182481609578
-0.7527302855278621
-0.19471982499913468
1.9454583632915987
-0.15460405066671304
0.6934407305597003
2.4352841854178346
-0.3696615970312543
1.4830845841051463
2.163443812702706
-0.9183022822008057
1.5023729853159757
1.9927044081466176
0.08612568495821012
2.2953312002841497
1.4913677640644678
0.47272032285144994
1.8326338426187043
1.0447356837876212
1.086515371725901
1.5901355542394968
2.0026577405334485
1.0437844365307996
0.8311265181100764
2.485277072854684
0.6325452915105017
0.014803341505302242
1.8667424541018056
0.8199520191024728
0.08258377766493559
1.0392435803446776
0.49501074211300694
0.6981265092156929
0.4434268439701334
-0.08019628281747711
0.7837241942637743
1.449727810085758
-0.33041148153545996
0.7801147322897392
1.6097321654329988
0.5637668270171099
0.7037505680474578
2.134473526571483
1.4735593791643764
0.04328681270935281
1.6595745476399821
2.1224286343005683
0.6799841884435488
1.1570991713003138
1.6217022938864516
0.8032599566447991
0.4890284399187799
0.9002244564041745
0.8208128966200081
0.20220462380061227
1.6772099796376616
0.09945266366369857
-0.4858231533993204
1.638179260786774
-0.0453038229966984
-0.7903215420431452
0.5771422372659324
0.3383537324117971
-1.5331345294632852
1.4571386401826345
1.2001985091476068
-1.2843299537431083
2.0452787464138273
0.6495623844478432
-0.5508116154782555
2.4426314345746176
1.0473888313129334
0.3621491373212186
2.698114325474573
1.5806257835578672
-0.3384229479824284
2.0890033403478325
2.029406626317125
-0.9296137384451503
1.6384644066665581
2.5704470915192323
-0.29052071364477616
1.03844665530338
2.2850931486447617
0.4063783683766871
0.41261176100473845
1.9809700556581897
-0.5422598668359313
0.3683428935878273
2.4569692026337164
-1.2516735647275674
0.7814684030595034
1.7800489449440964
-1.6113760724173851
0.1725841574103927
0.9967323689403731
-1.9693230998361877
-0.18976868669152386
1.75828532888778
-1.6383529643711903
-0.8255530076007204
2.077042052595287
-0.7053691795846588
-0.8194329399950963
1.4606749610970673
0.07571978590809599
-0.43670019894305057
0.9157223123018371
-0.294966805177831
0.3648349115600201
1.6180107688468923
-0.05632803494323159
1.1022814552541063
1.0613459173813355
-0.7180447324591419
1.2365907240822016
1.5804888268701098
-1.6300741169381228
1.1618427998587857
