-1.453615678567986
-0.5251330274012397
-0.8090787532411028
-0.6946738035894264
-0.3425882186015641
-1.4696375888676971
-0.21233014883033732
-0.6630916668011431
-0.6610864769409349
0.02769637384175404
-0.8740101978826476
0.2827357743885313
-0.903187361208488
-0.5797962825321891
0.02810265631159653
-0.45208753176485234
-0.22477458082111298
0.8519621050140355
-0.9830328550057605
0.3897684469426725
0.3261502874755427
-1.6656001921898491
0.3951926546491162
-0.43335533246811553
-0.8410765872713465
0.1193510706064466
-0.6701543341048104
-1.0857228553466993
0.9940598960224667
-1.0288574805856812
-0.20732124097078322
0.544952357867756
-1.356139263976447
-0.20811765558241713
1.0934134997139433
-0.4573371277751269
0.619478797800391
0.9808447166615354
-0.9552321110312133
0.6082318081933454
1.483330237132669
-0.10396436372457263
0.2452420588367782
0.8640042691498632
0.5892622037967393
0.5153785304525539
-0.03209081722745857
0.829526596017962
0.9638649207257861
-0.45588436960768847
1.6853861260986969
0.8676111093919543
-1.4480759188990093
1.6422395075534704
0.11812943784258313
-0.8768381500493087
1.3018883303152053
0.962807966607355
-0.9309931175154379
0.7775690695356859
1.470217740366978
-0.04656155891867794
0.5585324173364891
0.8537336038070982
-0.4625736255868346
-0.05601708331499872
0.49883943910655454
0.017546455610185394
-0.8574999872859094
0.0637369052203538
0.051640196527893444
0.07384417143813052
0.89179721813447
0.5283077309597607
-0.08883934196548263
