1.8766557120729053
-1.7375887580762066
0.6620975097377347
0.9776911027418286
-2.0459978526421456
0.8363989250837718
1.4435308211339537
-1.5991251673372808
1.6033326478216323
2.3993878129000343
-1.306517815555321
1.4894050895929982
2.657583318038457
-0.3797069458058236
1.5263145410210592
3.0022276209823393
0.47341632021032165
1.966003742232837
2.6978518864132823
1.4222965212956908
1.9441175839844547
2.023800006175861
0.6267844005479034
2.271349303642343
1.234304912451311
0.07352903346789363
1.958093860569036
1.9856138778712522
0.26094398257151147
1.2708581266193106
2.953754094723457
0.9242171688364038
1.0892748780207895
3.0487682580597006
1.256627019269775
0.0847488915726398
2.4478442978410158
1.829400792560123
-0.5820532017143778
1.771297649257058
1.7473097224362264
-1.3125838707393458
1.5128458129527258
1.563981304661444
-0.5053687886452758
0.8530218881252957
2.0059756245821045
0.2645541094449615
0.5963396441890167
1.2667943629178335
1.110498400735851
1.5586495294590235
1.9657495930538198
1.0909999731767634
2.1195448738629947
1.7279809727496502
0.4426580276011962
1.3780378654299037
1.1516895098562385
0.5953328437106513
2.189836981902265
0.6922489308842691
0.34528295522066366
3.13678213120512
0.2757074225551633
0.15180265479355806
3.3534740651462744
-0.2903499642372801
-0.6883664808981318
2.9123760623127257
-1.0996411869849636
-0.5289504872739116
2.829617073288781
-1.249158501599111
0.6322470424076468
3.317926237484184
-1.1235266114269649
1.4565381209894634
2.7522938919019664
-1.076588631258028
2.335724596362854
1.725304307259096
-1.279464066500977
2.525963758818729
1.1004793236800905
-0.5163475328397104
2.7265056135984986
0.5088190218957058
0.4724513571201874
2.4982964714427296
1.178784177087218
0.9660692783404661
1.8809812683771334
1.1455871346019377
0.5287612920197976
1.0687153572601775
1.4980697585785283
-0.1913547183981905
0.3084795363599586
1.666172967128082
0.37194014413771187
-0.27603775591800717
2.4060084408322626
-0.1922861455928979
-0.4592391772897164
2.3387349044881405
-0.26951285528965274
0.6459775598726475
1.7252425655047632
-0.5327311750927869
1.297618927981131
1.903566460237368
-0.35857140422840933
2.3019670055882058
1.5117152485352363
0.24409790490638633
3.0027071947769812
0.5728719044807874
0.024595128479862317
3.383136501851511
-0.3646100896840618
0.2715736227585451
3.067335934928977
-0.5389349439955359
0.02068593469195943
2.012854064903136
-0.04151219969003358
-0.5940167871985971
2.8270863094168797
0.5160538072902083
-1.4143778252753345
2.276875430809592
0.5482456525677037
-1.2516784244198331
1.4055394325126267
1.1215338360975429
-1.1404892209137742
0.49313532981450686
1.2564296056735107
-1.7839915780948135
-0.08783512213897827
0.8188937388239282
-2.366829829938506
-0.8348115304503333
0.05254920007104882
-2.825422557762963
-1.1961876880589064
-0.23216016553537014
-2.2676916102865166
-0.44586137650264585
0.3764537786850711
-2.58584519256834
0.28803953057726317
-0.0996890442700211
-2.9104647969045803
1.1280210352115216
0.024098780177997478
-2.0700112428959097
1.914423446922407
-0.4296429045404109
-1.6025985243491334
2.601451174343381
-1.1909072373050609
-0.9657765097742189
2.283575755377364
-1.3406401814736966
-1.942590619669567
2.2883456853210062
-0.8493314424809316
-2.675307407169447
1.8388236436138234
-0.7987666948514308
-1.8170045444592307
1.4981484019492208
-0.2675533941464093
-1.0596280636347868
1.9108279506863939
0.4149497156021067
-0.34812567399575084
1.8315273602265234
0.6352910269643328
-0.4347493723317315
1.0476079980365924
0.2618000388888186
-0.3227818025530291
0.3612579214957921
0.06903021192007687
0.28414577383734546
-0.4373112482223489
-0.09289533452343937
1.325921522636738
-1.032225202244498
-1.00754183370476
0.7576145521041883
-0.8674274550032437
-1.593635229775052
1.3031689411602982
-0.13928717368498122
-2.1331658456257077
0.7658704035818532
0.22328691393630853
-2.8385968690183994
-0.007998493368883662
0.35400594996029644
-3.006660139674466
-1.0452752991700716
0.6675126509753283
-2.283562154835735
-1.6833935528053472
0.7460360354544323
-1.2814138140221458
-1.9018945091145842
0.5026863662573442
-1.651344907333357
-2.2632797907922675
1.410463929300404
-1.8776896610844906
-1.2683015004190183
1.6277877969641148
-2.1077193508763683
-0.33483802718691763
1.9253970986425042
-2.262098221955471
0.30027736223400786
2.8719683419529516
-1.3380701478404178
0.5791737430654815
3.33656087741357
-1.7652316954563507
1.3134374237975344
2.805256478778101
-2.7611517795612004
1.1464314681187202
2.499510739330189
-2.2049251682028927
1.6562071672746819
1.9464536771773382
-1.4896706578257128
2.1672354312059388
2.4096230279751105
-0.5596317442196859
1.931081808086005
2.64346712227132
-0.9845832800836403
1.5737139150655233
1.790368831937939
-0.09974459730364568
1.9046554672037546
1.7845476156080744
-0.19447092566661114
0.8846660338258872
1.739606993539033
-0.8483700703275573
0.8395367869583283
2.5021104008422324
-1.267501186803813
0.024675113132252607
2.562428343292584
-1.9373924745214282
0.6886055006125807
1.8584835165991118
-2.878189218256021
0.2397027910718278
2.084579298777504
-2.9144080757380824
-0.2993363017262053
1.4346321930934134
-2.0427602034388945
0.2091390901874007
1.1793855959979789
-1.98043515003322
-0.6866339482778894
0.7222554960862161
-1.1730721404998161
-0.09169309113475772
0.8497208408608262
-0.2610046673028455
0.09953379817573255
1.1797190347424227
-1.0952797139765278
0.5529571626079276
1.7079989231630646
-0.7397588047715857
0.9488697653765406
0.9896655180670594
-0.2054784168859133
1.6404288730960792
0.7530525173316371
-1.1231288097638363
1.8381431132857842
0.7220333871169013
-1.7896040761969656
1.313374047834567
1.1712409674326683
-1.6383562601238482
2.233250887836228
1.41594462002199
-0.7103067582117826
2.4709145528235226
1.2918127080605974
-0.05803825637279375
2.778492353264293
0.49392346833699863
0.9120440484679971
2.9929670156995294
0.5081537888990494
0.5189519398844515
2.4875316095316107
1.2699378979244311
0.835770373014283
1.9121492438408672
2.051400679802874
1.7722428931588805
1.8368548112170366
1.9814109543481417
1.941957505594852
1.3307928158344327
1.2458371597765885
2.3636687289103175
2.1515540133814506
1.2347961091489745
1.8898590839801643
2.6454071272155564
0.4400117402136076
1.6687515373678106
2.504847030003549
-0.6038090441271571
2.450149537600252
2.4450345232380184
-1.308815814535777
2.899448660214863
1.4862325562802363
-1.3571833533736544
3.0131932369898
0.6640238848186976
-0.7289006747324916
2.2013809508614357
0.996075114215005
-0.9083936843749931
2.7140262070674717
0.2817551094369427
-1.614290115204639
2.5937807693931325
-0.6358771775393963
-1.3107507140569745
2.0756022243833603
-0.30141608836189304
-2.12135784175326
1.4461090355621984
-0.8798518637874491
-2.788971185724132
1.8151575013789696
-1.211347673066974
-2.0321311064769794
1.9542272256511672
-2.1759042917258196
-1.3936547827319998
1.7276987659101581
-2.721032165520107
-0.6317566340176325
2.1651276888692705
-1.8959996749498276
-0.4097798920265766
1.8555615564317716
-0.9513177133492631
0.006254497061882861
1.7837145575353375
-1.1059770414701025
-0.9635949033836015
0.9127007616045176
-1.7773706045176563
-1.621188413479686
0.24388381136962345
-2.2352206230432246
-2.029006028851582
0.5951552494607627
-1.410189650707694
-2.5349640210979403
0.16178822225705114
-0.2777572271179835
-2.086891831333126
0.13488176844565272
0.5531031724143263
-2.406476911008382
-0.5136806751991918
-0.09216977719559488
-2.7793605713195895
-1.273674555645011
-0.7369443278275649
-2.839972160012362
-1.5184187928693087
0.140846282113348
-2.510137124177734
-0.6801322849874962
0.5170496024123372
-1.7591540619619241
-0.832956418946267
0.9732942483862554
-2.814237124230702
-0.16341238279257897
0.4712859673961993
-3.4362481664774442
0.8041323097600976
0.4115925948321602
-3.1095528035426447
1.776677142563207
0.36543713697593316
-2.815401278641009
1.7156830628679136
0.5953670526131698
-1.9166800268939526
1.7526243794984067
-0.2683673905567294
-1.276511855924758
1.1225342551187893
-0.8794856395290392
-0.4543442763625212
0.4870141285106431
-1.4311533275906432
-1.002759367584536
1.002588232804963
-0.8389543480660507
-1.4666597052785884
1.1492961884830677
-0.029182409114353037
-2.2799941426745893
0.5032682005470688
-0.5353663063620914
-3.042415100269621
0.5194222238941265
-1.3863519996946794
-3.5008696605942635
-0.19550858953803227
-1.8270649338247817
-2.9832241803453914
-0.4275873033608804
-0.8561740323706497
-3.2663402517413833
-0.9867704250128908
-0.10661657312986149
-3.539757520366371
-1.7578793551981888
0.5052381542258463
-3.3915998874605173
-2.41243890358079
0.16873878005702406
-2.7341851718992456
-2.1303306519196332
-0.5009768141686842
-2.070134604974036
-2.928660369362062
-0.6636493075346149
-1.5973275044903168
-2.8212418513671556
-1.4647313553251264
-0.9829964939442999
-2.32067079906765
-1.2066648204428794
0.03296901222755912
-1.9467430153869296
-1.944022497770933
-0.14798526865925718
-1.1580479115408817
-1.90087993160751
-0.6821443913424984
-1.2304326924567892
-1.442448264755759
-1.6483411688889682
-1.1240087527893128
-0.5078460485494246
-1.7583475329990041
-1.5914756924212232
0.37998331173894906
-1.5582219013491065
-2.6193711518225506
0.2600825763477005
-1.7689682958620607
-2.0363316160425815
0.8118148734413891
-2.171325019296143
-1.3614001251164525
1.6389366355290735
-2.3870040083320965
-2.1168293940656753
1.3792938327783932
-3.0522435447803877
-2.4945574424616273
1.8694143432162014
-2.167856577948082
-2.539724394073124
1.1969755726104825
-1.2895089072376504
-2.5273850986953432
1.4529285534647014
-0.3016132490439855
-2.4975319138164864
1.6825769107971267
0.6834530940792948
-2.7246012344244654
0.9766177674869657
1.4319141137795988
-3.1105002202051955
0.9389591177358378
0.3899159771733222
-2.8141797684783465
0.505537716175102
-0.42650190966299606
-2.1721465200668426
-0.3400227413417788
-1.1616705285891518
-1.8963444158918756
-1.163245234941517
-0.8805757752218415
-1.2544480802423936
-0.4088848195997033
-0.7440416786343844
-0.5320404095042816
-1.0245836266160873
-0.9978275363500853
-0.28408716707986675
-0.23429223885105957
-1.295716461459171
0.019568242712864455
-1.1931195027617618
-1.5482552796561742
-0.5660607667349904
-1.1680639292949395
-2.335087135312999
-0.7588341860334387
-2.1248729850540706
-2.215854046893972
-0.3522372068871261
-1.9709806815033493
-1.247750936458925
-0.8127127389210473
-2.751054976155193
-0.7312209649099592
-0.6154611373824277
-2.624275729397558
0.30421576281852253
-0.08193757329443112
-1.920528292677841
0.7306003732076313
0.3343786603459271
-1.4930290982096996
0.255639849640732
-0.4676476770570283
-1.4918079525525647
0.04743784651210413
-0.014575581953531064
-0.5833334792773652
-0.463813532326607
0.7329606702564697
-0.01469027201936235
-0.8476154546664797
1.0963793318076098
0.9769964206231443
-1.0390618730075791
0.6977734792370269
1.8709871906597098
-0.8888533046619854
0.4402368297349944
1.6148183801827731
-1.698074486895567
0.3506953658213489
0.6219247145406113
-1.501399916619761
0.9812680516378841
0.8716206331307951
-2.314962953565473
0.1379087649339188
1.4899870388733045
-2.76967560137227
-0.4992568623456102
1.4359859039635474
-1.9815838948224946
-0.275641603657417
2.1761520692366743
-1.258954119890996
-0.026094439527966945
1.9539931454288226
-0.3291213728410066
0.5671602257662173
1.3373262734683278
-0.240532816733791
0.8433213562237881
0.6279050708056512
0.019454134088937345
-0.05858413372722477
0.7858214353637223
0.5432827352344901
-0.6386219744861077
1.2592285821923324
-0.006132224746920691
-0.977848563738333
1.7769931944595745
-0.8263148507324239
-1.5218537790865212
1.3117843777906586
-1.3201113408069405
-1.8550873329566222
0.7334738251789137
-0.7241701762895775
-1.2273476690443117
0.47603496983543947
-0.04548472977128701
-0.6736605205336587
-0.4079081291452966
0.17812549152949458
-0.19657577383960223
-0.8444990608571081
0.748354340453381
-1.2004444215515901
-0.9228571260294361
0.9965716878099403
-1.4988418928326621
-0.9905744191531098
0.10835891111017877
-2.0056815845598304
-0.23240309275458837
0.00719093141419877
-2.8850118993653084
-0.32157393982039983
-0.5454269705649082
-3.533262344132071
-1.151975817933784
-0.12699550061140483
