0.6039675177391173
-0.518461182491788
0.9875078196898832
1.1973392450352491
-0.3911655765305189
0.18184064982352938
1.3561976311674222
0.5633352821378524
-0.055394618102708924
0.6414830032257323
0.048778851621929166
-0.5420559900361791
0.5198109472723372
0.2987519576970475
0.42138076591836265
-0.3133841933236088
0.8397084364148782
0.6387239372527598
-1.1218267828773083
0.27639872069936056
0.37022111314954975
-1.182719650759082
0.09786384488595168
-0.6038455129848398
-0.7678420401989832
-0.5974895046075728
-0.026881480655376475
-0.3039935924040419
-0.16604876626698015
0.7571441348790827
-0.2723361279712131
0.23782380582975216
-0.19844743270628762
-0.42007498800663656
0.40891257068735554
-1.1591367047694732
-0.15877186015743772
-0.49671653751383277
-0.8330602904626534
0.22215089125845422
-0.6016919025634218
0.06200360900435415
