-0.5757424698395845
0.04411906469362712
-2.2054920497081367
-0.8132028731379393
0.46209179480003937
-1.2750323710371287
-1.389653480285119
-0.20712895377343551
-1.798776090745387
-1.4336387136594853
0.7989472682147739
-2.0011955784564566
-1.435286136172562
1.2577573276079197
-1.068484386066939
-0.9535627374136323
1.4065361450102214
-0.20030539120905413
-0.48273800261452404
1.4068403649461938
-1.0906237807761783
-0.40815966258452957
1.0398722656441437
-2.0036292200031607
0.41251483011102347
0.49018916044698324
-2.2085594434106044
0.37675567205265603
-0.5560200496053407
-2.191170274241441
0.6000814424609832
-0.9934878553755723
-1.3027081041657431
0.5083941508154535
-0.15831688844225586
-0.4921620611474176
-0.07969265127417394
0.5561091133624365
-0.5745111753080275
0.4743583712546939
1.5605565305333275
-0.45572878550642026
0.41843754307453734
1.0861132411416767
-1.4499915691375636
1.0326541649337537
0.5592111520779262
-0.6984242124617172
1.7729950061217874
0.3254945379942445
-1.1591007000466045
1.6395786292046342
-0.52312450777657
-0.7862248092062266
0.9565063485461565
0.06053788780562984
-1.594156908750866
0.02202131791070028
-0.04798074580216397
-1.2880970038743447
-0.14186089805933227
-0.7616299420692126
-0.7239940510089291
0.29543565722941123
-1.6667053081602132
-0.7169366032466151
1.2655962513376156
-1.8852881426298695
-0.7450883584669614
2.066610280822045
-1.305732749069724
-0.6285701223913454
2.515142766761715
-0.4540870846670385
-0.4311399789863575
2.4890261717746918
0.29256510485626863
0.23015518813101973
1.8635848174159355
0.9799971238661489
0.35134379970274554
1.4511334944146856
1.4595046061533856
-0.45318124960536776
2.2536599342233408
0.8633450044490933
-0.502425002088996
1.6155015476993753
0.36518998388781065
-0.3202028295926464
1.842513497780744
0.1181509529526708
0.8964688566738311
1.5757198296362427
-0.9633983098481813
1.1229525468193222
0.6590906126256295
-0.28171364474140037
0.4343822755790345
0.32342605631984644
0.13956192119385688
0.18360039965494085
0.03881480869410645
1.1172545053230811
0.31854927955595624
0.9051757442900029
1.6160589749438636
0.45752517461995085
1.3361401240352409
0.9521963626709061
1.2667299237155114
0.7596646046323042
0.7942116820503625
2.0171629372268023
0.425460046709596
1.1883979506072782
1.1296403906450843
0.8300715936876362
0.6344814937864756
0.35178711980647076
0.7942914443842953
0.1646572981086109
1.2169086428994296
0.7365475360522018
-0.8689823834926352
1.493235477044972
-0.049973730823715944
-1.415870869667393
1.1954170030408047
-0.1428000906391999
-0.9489935174174318
2.0681749406870886
-0.7778711845545937
-0.25982803955338407
1.9134706470296798
-0.970386565134447
-1.2145037097038052
1.60779896712415
-1.109706372735025
-0.48951601988074495
1.0578140286659123
-0.74116197648846
-0.4918127834460072
0.08522330149673298
-1.5595651047005403
0.1773007952073864
0.35507052427882885
-1.5682767230256098
0.4471197640386672
1.349027828153673
-1.3753779816937746
1.0952611288813379
0.7033466548116851
-1.7621363945204342
1.8931434991324594
0.14030046706336272
-1.8111510090607486
0.9141111944191298
-0.22774289344180962
-2.6797951324833367
0.44713849136001005
-0.17757307955876234
-2.6831541332962945
1.4188199664268346
0.12676787175411322
-2.3035892204106556
0.6816173527965622
0.7278634986793072
-2.4454001797742038
-0.28104675751340186
0.4590679011861009
-1.6354777265030922
-0.8764646709756253
0.1342564557124097
-0.8959128311303536
-1.286395248748517
0.6315689021474971
0.1364008369018189
-0.9676599256441567
0.32411457553080225
0.936853826573403
-1.101855434340536
-0.15496864660990678
1.8194745020841805
-0.9538227957474565
0.04975394088737123
1.6386934346690354
-1.7103587981057073
0.17044735715533865
0.8144570946937899
-1.467100594197778
0.7576281847886328
0.7088578936677634
-2.178504130249895
0.04629227874310007
-0.23986359673578192
-1.9843078144046729
0.07002593291916727
-0.9799311974487823
-1.3753833189650388
-0.4064556800227293
-1.2039637080603491
-0.5196491237114732
-0.6812866272379712
-2.2307128543932895
-0.384940915509103
-0.5158125233656979
-1.7993634565028669
0.3925734990392982
-0.9593787878835939
-0.9835220574720394
0.4175526110869114
-0.3188812585639572
-0.7309038550574083
0.45074054225756804
0.8054794625580486
-0.17375302788507593
-0.43704744184187894
1.1250531667721895
-0.15348531849692784
0.4233126313697458
1.6160098857099925
0.46158445210540233
-0.10399663634998618
2.2226678523611407
-0.052453283640591125
0.6240148162828221
2.59492796599881
