-0.38470170609968857
-0.4886325723197486
-1.593597143471506
0.3275029769811934
-0.8022161541355736
-0.9496564948088383
0.9287893943969966
-0.3237368993871929
-1.4819009484523968
1.1102182054139111
0.6538120340953169
-1.6016677655689917
0.15238377533581518
0.30837552569871873
-1.3786446809776065
-0.601725506030776
0.12908051253241354
-0.7525679302083113
-0.7607438995392379
0.4353261108458916
-1.6748470971655247
-1.0761632234742475
1.3860538427048537
-1.9514911641414459
-0.14038860973764025
1.26688234327013
-1.5184923216972739
-0.179096305622574
1.6467734670719771
-0.5379478000678403
0.5662607498982689
1.140005906832396
-0.8525807065521925
1.2347640062830907
0.511136659206875
-0.5692436421549638
1.9694834349436137
0.12211623451839626
-0.1205791136110797
1.6009067742879075
1.0253198584464125
0.24377561445201473
0.8141862730267868
1.5108730824574574
0.7678371932419302
1.3435616599020352
0.8953513741311208
1.3557836185539407
1.9701060496664944
0.11672570494240611
0.9184376695924906
1.5342354101041473
-0.5735607116953199
0.4267034541750423
0.6597140129937966
-0.5295985237783942
0.24538600074941386
1.1945288112301398
-0.4935610637905589
-0.5273246716324842
0.31980110958253494
0.022523733830796283
-0.4196223508372843
0.04643737156429691
0.09871884772144707
0.5588128506775978
0.5793152722928785
-0.34499258385432097
1.197923237066518
0.5474442681695112
-1.3240358950066677
0.8794830677012863
0.01314562219601265
-1.413022815410939
-0.10821305255650805
-0.715409595182022
-1.0187268941726342
-0.6709626182783397
-0.1484082006789336
-1.737764957094593
-1.0260766866298467
-0.7580935110061877
-1.8988370846548535
-0.2972115334420703
-0.11623234091881288
-2.2168068779056807
0.38730898711845335
-0.2768510027735936
-2.0644165477232934
1.3603333672983187
-1.0582292175563766
-1.544805449273102
1.5322117059790428
-1.0336014667236788
-2.091175038483228
0.7007605971432769
-0.3449080788999568
-1.3661349416640824
0.7311514388264024
-0.18476955507907677
-1.081775557182814
1.580213002319625
-0.9893675927721782
-0.5491836531107523
1.1518180233604607
-1.2429264537964595
-1.1501671599136225
0.1674247850351105
-0.44411667013510064
-0.5123835390369341
0.11539097774565867
-1.370071583108878
-0.3411894489609695
-0.2717658893969122
-1.5572476950924954
0.35858364819117405
-1.0646252523355362
-0.9464695104444811
1.1397272954272104
-0.8456799794052355
-0.4260377654320987
0.7806546028036575
-0.19814037659896178
-1.0369286956381838
0.13589761997270794
0.5087948927397044
-1.3387744807223219
0.7046923992169631
-0.15492909514450928
-0.8495154409478637
1.5045523193753079
0.2246682866820229
0.004960004837420615
2.006832604453597
0.4026324919378227
0.7542693155254377
1.8017712256368337
-0.17976901510898882
0.719830807298917
0.883801536647158
0.07617501469419644
0.8968006704437395
0.2158662369934826
0.5679509587566934
0.4510091182837403
0.5658250046695374
1.356018986084378
-0.11717036392518497
1.1588366171902365
0.8598122656836662
-0.5307926928308612
0.30350821324038557
1.3847566909835185
-1.1109139304896947
1.0370998064303092
1.0459721516464175
