1.5345692065527068
1.7892548257747678
1.3667284948147367
0.686836140727345
2.0619817296103458
0.4093080446192892
0.3642122424801635
2.619902785163553
-0.12369387605000692
-0.25210147202794075
2.5074016972569946
0.7830838939230739
0.5934979536122926
2.817961957783281
0.9662927865953223
1.3221278764947102
3.537601360779826
1.1570367178229526
2.3146244088901837
3.2050282433352884
0.5609132832743886
3.136559727695582
2.761993182976934
0.3430771551481457
2.8231738571929372
2.4633613969225445
-0.649637689770744
3.6075493796930425
2.87516100973022
-0.5396960513235581
3.435416426376992
1.9394628152884434
-0.1496683448639352
3.4359077171742367
2.1054630818277906
-1.1504730355180959
2.4797101250576485
1.9938356060205282
-1.4395450607462568
1.972585767345388
1.7522976683284872
-0.6795535490521623
0.9593398723130283
1.3902230474040682
-0.9011283423479424
0.016144964437450324
1.4152129665261737
-1.011996486790969
-0.6850154924296503
0.7106061147101882
-0.5460065005381629
-0.9225124375457995
-0.33230092748822965
-0.6996764374900406
-0.7585471146513386
-1.2348936463030316
-0.7840331761271385
-0.1191556665693299
-0.8297098566953213
-1.5029504025215092
0.4160872536990782
0.06772984019016405
-1.811135386297351
1.007504866620356
0.48906852572060094
-1.2098786693091923
1.6676523142038873
1.4384772214597028
-1.5203049102191672
1.3149145209450963
2.2380274525905874
-1.3949705776142949
1.0882499886237094
1.7954022956715388
-2.15385906526362
-0.06274805032558863
1.983448719599566
-2.0156254181579674
-0.4035579133153539
2.273023622066495
-1.3093045268625083
-0.5596471329517879
2.719746986278543
-0.15456708513191558
-0.11398786589531866
3.4848918014216914
0.3331945021427343
1.0743736555938224
3.5229795545364664
0.14102967090916996
1.7634420130636133
2.988324207323189
-0.2670565315037408
0.9451535996991011
3.1902210206511508
-0.759209532736948
0.2942190057014922
2.244934157856048
-0.8051580301222355
-0.09999003902714598
1.8969994829096872
-0.167705764148448
-0.9938182297974976
2.017084725040936
0.30709564895467856
-1.5026897649165638
1.180794066269405
-0.30446015839753293
-2.1235191332493066
1.4487804660235084
-0.8824425333706519
-3.017610466918216
1.2810150517222276
-1.3808611234947996
-2.979277773094186
0.777902581404533
-2.1430222092196636
-2.106215327701579
0.2514199600111077
-2.4017723429840245
-1.5451479333901814
-0.033729124025722784
-1.6263547011266892
-2.3658502050607226
0.5462535771319583
-1.4515425155004862
-1.837492844101027
0.30535950832207076
-0.5973096601070437
-1.5228763685627036
-0.17715161754851724
0.2730566378370639
-2.2896876670046282
-0.24190938634545592
0.03378969442366764
-2.775355655653314
-0.10037210947783476
-1.0245015232249195
-2.9743894963321273
-0.18703906959092056
-2.007343850947117
-2.4782619944203477
-0.6675932966886993
-2.708365851747824
-1.921988974260945
-0.8663894501027554
-3.517414361096467
-1.0673022753367534
-0.36412030440545023
-3.3477779586125673
-1.0790508064108542
-1.3513827664710836
-3.653166227101963
-0.9150377364281244
-2.2817032242855153
-3.2357539627088348
-1.8217611114540448
-1.7881184867898179
-3.138201054743563
-2.492540415857421
-2.2071583216066197
-2.50298645649777
-2.2447721178691973
-2.4092839801633295
-1.5446309962317866
-2.0662876038821256
-3.362547620476934
-1.2679265722600894
-1.3575129037096225
-2.7973199638385173
-1.19701580868821
-0.8370012757294486
-1.828293972095814
-1.573242620254934
-1.093237809769213
-1.009321448971506
-1.7190684105704817
-1.5292467403337955
-0.5646724857495395
-2.4539535853473895
-1.022207656566504
0.3190343499043031
-2.2850031010948464
-0.4996949149932348
0.9480808963668025
-1.6785139860676341
0.2935514342911822
0.387256184662272
-1.1338488411082317
0.5281679406402253
0.9836242395782054
-1.7421214633867137
0.3053391333337494
1.3307407945073626
-2.8078543783980967
0.4286927191875232
2.435021915145689
-2.6909993398976875
0.4374196038898082
2.76685638805397
-1.736922944813441
-0.0013960645316801632
3.1635597575382244
-0.9094196660238532
-1.0837751760671175
3.164542375780933
-0.9993185847479905
-1.4863537595765115
2.102390220177789
-0.8584218653878355
-1.0993996661850516
1.7407770492928296
-1.747398573483569
-0.70972175362323
1.3338784907915822
-2.628908578907067
-0.4968901141382827
0.49507990214392006
-3.187573841957393
-1.5470728629353256
0.5531510241217041
-3.1964090417737294
-1.6472424751584622
1.114643257373397
-2.305066737608806
-1.2772895395756139
0.8649340444332891
-1.3321506645501096
-0.64561579310927
0.23244855865931027
-1.4997066649005324
-0.5086689547139686
-0.47598529944585644
-2.2688326359183684
-0.07892622065463284
-1.3910008365500934
-2.1194209407869673
0.5874552219069814
-2.023905118022171
-2.585396629923264
0.3707460037725582
-2.172823867978015
-1.6728437095754456
-0.3285802167881847
-2.43031280359126
-2.4256783349537288
-0.4384193667851214
-3.0543710493349745
-1.6091648675687995
-0.32594386280570803
-3.1887431449018235
-0.7113530860164048
-0.4750867574715655
-3.120541902182131
0.31409559225081396
-1.3515332675314664
-3.375479290993369
0.6130012849870159
-1.7798696950841528
-3.2596240878545637
-0.33814335802230416
-1.8328034994108073
-2.489652750491997
0.43072604207361603
-0.966248730817968
-2.6521647076579895
-0.2663013733910502
-0.22858104450171277
-2.298888374132688
-0.676298988180688
0.7768971680681505
-2.2290182591314704
-0.806501669601553
1.6701082449829987
-1.7224449541207778
-1.238613852391302
1.8451321193480625
-0.7529001186201081
-0.9895436809347354
2.2025792248539218
-0.6718698599056466
-0.16636257077934596
2.092356490071813
-1.6735819725751266
0.49061064771162427
2.59580612382004
-0.8653413647986176
0.7926886010240466
1.4922929249801578
-0.7986109927921655
0.6310643306347355
1.546846620752381
-1.3976820349197852
-0.3361418630353613
0.7644434824780354
-0.7799750893778612
-0.06471466586365422
0.24369146028270533
-0.3865563772301061
0.7059251445310065
-0.4147495451256615
0.13137025336494026
0.21582698158156327
-0.6098216127506826
1.0080136095882073
0.2764138591946416
-0.2730645206938604
1.5103313378309016
0.9084278462205376
0.3529861237643218
1.098505443257775
0.25633744400087244
1.2552592616781255
0.9533117788593443
-0.07934294650005169
2.0573939953305187
0.8017762460351645
-0.6661610064466275
2.8455685483203474
1.506130238860332
-0.761526970966617
2.9041434634774177
0.48556501968763965
-1.134392018453709
2.099750938745366
0.4015697426916794
-1.750074259177273
1.2662060911572175
0.7753786924066636
-2.2545709270562777
1.3134372766514861
-0.22055666005626245
-1.9121453806219333
0.7734728185893408
-0.38636646293794447
-1.0669969182914492
0.058447881493103926
-0.4358481511268593
-0.4781872734601274
-0.43682417445406274
-0.8552613097981815
0.032954268070841175
0.10869543295154473
-1.3381735225914295
-0.5815062393351916
0.6642550177967051
-1.2819175141604886
-1.5526347335689157
0.731946848474448
-0.8551194892452583
-2.356070832709688
0.20371996178577836
-0.19610010572596262
-2.9746938840809265
-0.3539275493206047
-1.026002066939582
-3.076226977150389
-0.9922620635117635
-1.5495345757847678
-2.4949369557500747
-1.4827294201811383
-2.4989996568419817
-2.424223343761385
-1.3088163090968712
-3.328898867284203
-1.9104572974084504
-1.2072302645024782
-3.7058543920344134
-0.9836021437830308
-0.5502485786558473
-4.0900214239013675
-0.15882231619659373
0.3817403374128763
-3.82184114851237
0.45911735858903724
0.3988654951606254
-3.93014895219829
-0.5709620783318755
0.5560923236768035
-3.065196220741685
-1.1092469110985543
1.4951309600016127
-2.8559305120529057
-0.9488324523527282
1.106429161519185
-3.3966887774892918
-0.1725862828824224
0.3598038149510429
-2.7154165079652253
-0.20734407238656788
-0.11641254656229155
-1.8617907098511306
0.10038684491653499
-0.9243182693504993
-1.3077332354813982
0.7632710402352632
-1.516819904675442
-1.1940243917454498
1.4614160367427294
-0.8673945122265602
-1.9711440769934485
1.563611714878096
-0.14227215487868558
-1.3339210207636758
1.7798241967536015
0.4750776980646747
-2.1043514304644733
1.5635750891940445
0.09591073775628003
-1.4534732444312477
0.8653341735187353
0.6397938148860167
-1.8736559123335768
0.1229880868855398
1.2682283179062088
-2.511486076029386
0.38070949489602884
1.1878331708891965
-3.4532560100833454
0.7974439921366606
2.0000178093201786
-3.1635601009602503
0.23323285681507303
1.9763153336307224
-2.2523961515055944
-0.26645214804276324
2.40688211450299
-1.437282582428518
-0.6780385290826607
2.784688127789429
-0.4856019190812268
-0.8562079237460167
2.744872100048798
0.23783276037545692
-0.13953351026503638
2.9594947763886257
1.259867086830549
0.3534940704616832
3.901274411711463
1.4151346947470893
0.5387549794963722
3.8463130466512085
1.676401908310243
1.5415528928615752
2.9431662300481274
2.2058343224469246
1.853643992042031
2.145869436969831
2.648233843629061
2.2314365215773857
1.2446552260036465
2.6187035685385704
1.645217630282545
2.1739359082677283
2.3520342890988633
1.2585417570321757
2.245967350533581
2.045892997129091
0.3716754900305415
1.4984024538701757
2.556780975911415
0.4672290324252408
1.2305432688795181
2.2432779799851383
-0.2201354059566405
1.5632560391572903
1.7781716229707256
0.26859231152426655
2.2276823803314234
1.5222841045802213
0.9078855794972589
3.133108700817326
1.9116495633007895
0.7454539797975055
3.337749905631389
0.9893138499769267
1.1157809713187794
3.0598602658218987
0.0613722234490607
0.8576662389461392
3.096324022751429
0.2222284645717278
1.9357868912667489
3.1209559157931404
1.2808564230558153
2.1366844207591718
2.117267683792068
1.7119854369121432
2.007991201351621
2.4423704974651628
0.8177765598727182
1.6630075031115183
1.6204943208000526
0.7854712887929343
0.9317062802118781
1.6212208315879266
-0.009546595874161415
0.25067831543704605
2.0861604009250354
0.04366900072899375
1.1080963358720843
2.8073824232231734
-0.6097471278503542
1.7589237346478
2.2726567019156265
-1.4619195157469338
2.266772325264281
1.264281321209536
-1.6950959898091418
2.1674420054859818
1.5553843232719657
-0.8086054007492522
2.579964041920955
1.2216891108710346
-0.19615151684368634
1.9981875531494802
0.3463060236121093
0.577840500508805
1.831362954742962
-0.21738982356657618
1.2957908885657485
1.9055104836636931
-0.3456210676525944
2.3436308445080027
1.9100345440861435
0.43123359064538513
2.149260806438782
1.604489213941414
0.6579664952193681
0.9491714524874798
1.119146259978992
1.448349360888239
0.8524676164196267
1.792991591632197
2.0840955957113243
0.04425161043517884
2.118979917869189
1.6966646165893504
-0.9273834266421949
1.5843418384363717
1.9059716658579482
-1.898749935781983
1.4529100548661649
1.1447118396773062
-2.572716712819053
1.346258471861359
0.23596299592580575
-2.326395908652538
0.8349744225789122
0.9846819380170911
-1.7360896388009834
1.0023779728432263
0.8651917437110497
-0.8988793282665756
1.2676065972354416
0.938916522945317
0.15038461103291625
0.8880200313074793
0.35859726933799335
0.10809670195039356
-0.08107543500921602
-0.1139149373824024
0.41971848289678687
0.8419028512674859
-1.0094474248701886
0.38792679107359596
0.8667652124137749
-2.1141854447871036
0.6769222913581237
0.2727052633830386
-2.639607601841009
0.5845802160959587
-0.4880393524094955
-3.3384779344596063
0.2669008218233204
-1.3547106499901527
-3.352850621287367
-0.7567338674478704
-1.3579938900777848
-2.8913885463641886
-1.3628987857790553
-2.09856169293311
-1.9081207071286788
-1.5397427835387494
-1.934195255412203
-1.625647407758825
-1.6668393964124106
-1.0804855897863799
-2.124818475549663
-2.3151308475813117
-0.5654501053314562
-1.3866754668182812
-1.7109660546233338
-0.0807225972358226
-0.9519835560508918
-2.5256169337514947
0.6369065663252875
-1.5118409319694808
-2.6885960175786416
1.3205965185357644
-0.6541057996563467
-3.154596173995474
1.2751738278859825
0.35924050906703847
-3.1262156339458342
1.349816204993077
-0.23743295194809239
-2.6602365975526303
2.033250418784108
0.36811258321206863
-1.850445242995803
2.6319814280160547
0.6458950863064846
-0.9005263237256386
2.2533458477694532
-0.13327178637402218
-0.9325946532431169
2.779765066033532
0.7832846773378257
-0.789124532198296
3.235647290899703
-0.04039442264797025
-0.33832213948194584
3.548006410596809
-0.5791375061629961
-0.03180449974446725
2.804885234411022
-0.771866288218107
-0.7870106657315666
2.1361207008562926
-0.6394472298219359
-0.431727991848741
1.064449653396345
-1.4393610990817758
-0.12749554330531995
1.489321134636307
-1.7324376395105723
0.2355717175093236
2.386861989493692
-0.9625274884300323
0.8923999045232357
2.611670112704701
0.05068747822153986
0.8895215354862915
2.7331508504006403
0.6124154484961859
1.4318686426182534
3.34100504755148
0.7281741031671373
2.422046348775846
3.5248150961421665
1.6227995804424669
2.582629593952478
3.0742203390635714
1.4835044060187241
1.614603998100741
2.8390564636269833
0.8076078232512898
2.332969260244866
2.4546133323187918
-0.008664215602647228
1.8333856511096058
2.681831607154342
0.6525897284095853
1.3801652964686633
2.1003622118073793
1.016149322119315
0.7268927158467435
2.8132997184847013
0.3442046692766312
-0.08359143600393247
2.793564183050758
0.030583376390688588
-0.45368354034548686
1.650237744018645
-0.5368968710380063
0.3220881721512199
1.8543812721605353
-1.3491264960758733
0.964644641172375
1.605460309994652
-1.166798552684851
1.8012200393486726
2.3138578707032447
-1.0707975627554234
1.9226489160747617
1.2475279833534718
-1.5453422169903397
1.3224224900181571
0.6638027117126011
-2.0983145869694466
0.36750342749457326
1.2895367682492784
-2.0170728300819833
-0.5030042253409447
1.0040449617752691
-2.0569134289225897
-1.4990167678502315
0.6462402323400922
-2.9865896328493333
-0.8731622069266143
0.6043793335702751
-2.9423226017352113
0.05993001522382146
1.1627998218947548
-3.0407892450811738
0.722424962764849
0.3987720022957904
-3.1533119082052234
1.029337155330731
1.2862774997448623
-3.634166813715542
0.8303136942807069
2.1565847221481733
-2.8897402357266224
1.5399377335742341
2.2210722591390137
-1.918073250410133
1.1929475777801999
2.4175740915256845
-2.601884472815687
0.5447457274721147
2.019285627012211
-2.1848513262040954
1.3721505539406649
1.5174437642850829
-2.6042905111903387
1.5360384865540426
0.5876160098776836
-2.067548053865449
1.9880972203553247
-0.11547563869082532
-2.9533192662573935
1.6750011081408978
-0.2051857129015313
-3.7394727728051618
0.8102643143566128
-0.528767556242219
-3.349058345193255
-0.042162304066389544
-0.31800159931903615
-2.996169955755359
-1.0020779025731232
-0.4644176479257371
-1.8753009284709814
-0.8568101149229288
-0.6875250276945152
-2.315601882871384
-0.7625779585356344
-1.7929055794467035
-2.521930424536328
-1.5140628920662256
-1.216420931838193
