-1.7685902696763103
-1.3349159475984786
-1.8238718521407316
-1.5007797196196588
-2.245909906358417
-2.2566677453463146
-0.463590768476506
-2.216989799457499
-2.5103178838160276
-0.3198815158700211
-1.1991189674154388
-2.3169570559172765
0.09779396279460778
-0.2586501584043417
-2.2864403001606264
0.6223211302131001
-0.8907390280922868
-1.809568955507149
0.7126622327905779
-0.8985539859470413
-0.9268120855692564
-0.26938622508095006
-0.7515139670097305
-1.5376259624233295
-0.7340600022907272
0.15341855745966104
-1.5766814068779096
-1.033976693775228
-0.6310520338197327
-2.1370673580978514
-1.0164865745310276
-1.1267695512810145
-1.06226411183046
-0.5575396753813994
-1.9059746415698953
-0.7635489948064472
-0.8206452396452144
-1.8120250165761445
-1.7727802934353876
-1.1206448373509899
-1.4395336730342123
-2.673115193198233
-0.289371356874021
-1.5518482716472517
-3.283752420339508
0.6669727755072218
-1.565045939196268
-2.7907387904490055
0.3328443500369952
-2.001179004863904
-1.8337862196774093
1.1254087891879796
-1.6474060870883542
-1.2704084113290801
1.4502320387509824
-1.3299309866602484
-2.1860666067187324
1.2359740397824182
-0.3510789115793377
-2.317636941451353
0.6820735088397368
-0.05351049015721447
-1.516294168043862
1.3882609998167843
0.9087022934260843
-1.9773909442298068
2.090965286491886
0.23223359507925057
-2.252775193844426
2.4685362459373
-0.34888050970541634
-1.527507856106371
1.356169575554999
-0.7266588700577745
-1.4522877024272483
1.6667739548040055
0.147701327592066
-1.2600107027686813
1.5202053384600656
-0.35954065366804683
-0.5184524747653669
2.1878585562600525
-1.034106267238392
-0.723480425086277
2.150764693013108
-1.8403089878067982
-1.3237059696397342
1.631737026099476
-2.1921162868823516
-0.5229488688557079
1.1486259703744774
-1.3337093042843944
-0.2759206102966292
0.9537529536037687
-2.140294185901743
0.2026726645736508
0.31428072372285976
-1.9523316574019993
0.8415520091914134
-0.4381191746851843
-2.146900817799981
0.22597178303454543
0.16119814957640685
-2.785788138726935
0.5751487511933453
-0.5208370592212932
-2.3260757815868427
1.1879262150817604
-0.5170895666155294
-1.2859549849399723
1.3780672282256934
-0.46102269539110097
-0.3814693250769744
0.9584112320980892
-0.6033324396778591
-1.0027416514169545
0.4435576616246705
-0.37065797735965633
-1.0037784768301967
-0.48584978895532344
0.45683525523762347
-1.3860908547390276
0.057588892486203004
1.2097632765308193
-1.3261948083087522
0.6477921606420527
1.161839274189859
-0.5644103416087642
1.5132495838186977
0.21194254126939233
-0.19576952636611963
1.6847464058636463
-0.6131098206032256
-0.4221125151456912
2.0998961524995385
-0.06654038768607787
0.3516647708240947
2.398323722543927
0.4274464277390114
-0.25963430395189546
3.1518273536507695
-0.14816052267228527
-1.1112291848888165
3.3861198419533483
-0.8012727244361302
-1.2268461295525945
2.649517637975338
-1.280671844406446
-1.0823920255119823
1.7310712452860275
-2.2873833414299054
-0.7529698172899122
1.880017147332853
-1.8698352281544453
-1.4222187111436786
2.5912629580710735
-1.50700407901649
-0.41587205339159294
2.6438360519900033
-1.0950056472431684
0.46766803509898297
2.4413896322700155
-1.5919274671073926
0.0025233435157014693
1.602939685144515
-2.0548536655170038
0.0349055164436494
0.7489268219539426
-1.247811207897919
0.25672758655144984
0.4465338055148705
-1.406382366272865
-0.6698046740627781
0.8969979649173453
-2.2195458822438217
-0.8574868307184386
0.3110993584600795
-2.009999549305957
-1.0333549863888025
-0.6535412745371524
-1.7128630562131453
-0.27205470662112646
-1.2110246085780465
-2.3854084204011694
0.01659236745259727
-1.8082364946144698
-2.6288795443649193
-0.31188044803652265
-0.944994995201322
-1.9310251073348534
-0.11939738036387888
-0.2571584941396792
-1.2643550183205525
-0.8064896279510161
-0.19838927291328387
-0.194062649081049
-0.0435803082634626
-0.07203017562216063
0.47798277753233853
-0.5235254788573181
-0.09298595239761206
0.042000634151830425
0.0379331709485233
-0.8398973853246442
-0.9904614731904587
0.12135089165751067
-0.7639855115229599
-1.433413451453431
0.8635211760221196
-0.24570429130525145
-1.247637713736822
1.0715644053532878
0.5498630298194981
-0.3358472837146029
0.7396774569338673
0.6745823504725855
0.24374128552055774
0.03570794268799991
0.6808228525773496
0.3381740021458392
-0.792763991091347
0.8725547350529814
0.48705193668325086
-1.431686146556063
1.8339677130704048
0.07435281524188829
-0.8540351580483782
2.4208491277078044
-0.694416235466548
-0.39049150776475205
3.0190622305586787
-0.2720394893323368
0.5094152932667473
3.5490665303523925
0.33956035398230167
1.1132743697892997
3.029956811504401
0.8511639840052103
0.7331447796137992
2.3116678111071103
0.8514026745224511
1.7607253651017858
2.3345763564929127
1.4199886286994272
2.2676249934673955
1.7130871387482993
0.77030426577461
2.882316341541674
1.1760699606635332
0.7769467677193899
2.3887079730845224
0.29832471407884126
1.2837683974208007
1.6294959151420307
-0.1433991863084015
1.3586883871916118
1.6520088725467605
-1.2389807610507702
0.6846129801586597
2.2513428183901385
-0.6994581621961067
-0.3360021531006021
1.9637766633963443
-0.7134514784757662
-0.6034658692463448
0.9604383044772177
-0.14651708074512268
0.16969352997531129
1.5147706654967128
0.5400192222967519
0.49712070679476333
1.87928302555464
1.4531495287815661
-0.13918246903372
1.428864177997064
2.0229374942749283
-0.40409281811952474
0.6182090830875568
1.670364037763575
-1.3282911068606271
0.9587687642391892
1.5669014386305105
-2.139103447117725
1.0301051996123307
0.9060385450917746
-2.549448874568935
0.6992080292646509
0.0243357155064982
-2.1786603111974343
0.5437736251426645
-1.0549343335238548
-2.100569940320601
0.9524397056344124
-1.9020596079413856
-1.7800386539602842
0.30808598942768445
-2.5774506383959785
-1.499956354836759
-0.5582807696638549
-2.957575044944392
-0.8187204411468185
0.1108989431471829
-2.713367804101568
-1.0645684421366564
0.853369850612529
-2.184584503619668
-1.2833319726477952
1.8297183285212293
-1.7421411201450971
-0.41126078722300113
1.524207487828319
-1.9970120354950627
0.17156517437639002
0.7413691367303603
-2.0533444168840944
0.8561000692390874
0.8843717611385606
-1.0324324579696227
-0.2558234876154955
0.9117673305574482
-1.2086608785842807
0.41061913601855876
1.6609006934183
-1.4064723731822444
0.40756373886229363
1.2779177752959068
-0.4648399576938939
0.6835079592358866
0.46114548307198905
-0.21907249879908225
0.9565078569226756
1.063386042771058
0.3326212801611292
1.3645493108656954
1.3783171735652957
1.72152269059038
1.3942994194731895
1.8209960067868067
0.8172248763218901
2.165874806440163
1.6607523760434928
1.3702385578210567
2.8142907064581446
0.9888022356185899
0.9898016978428333
2.910684410103685
0.08812133525718975
1.3386983914006183
2.430379683286232
0.21769004710701242
0.39945310112558935
1.9581334239542347
-0.6644498940679798
0.16825551418425855
2.306658972437966
-0.06331734148938223
-0.5681148551262305
1.6176305332741296
0.6703058432790755
-0.4787799865609357
1.4087797234677721
0.12691034734067855
0.39559290216878384
1.9071491690266738
0.9425663787010583
0.780463243092701
2.129707957763222
0.7211846725185855
1.6824547540331452
1.8444691190465006
-0.11718343497712663
1.1926343518069562
1.0819621780367579
0.29170776228445255
1.3822831975346916
0.20961908205524338
1.0796669791159565
1.3421576919868623
-0.48326495569563305
1.560802481611282
1.2417305895947395
-0.33176261891197095
2.3447979573087454
1.7813944512098012
-0.09216101611427706
2.4747974255925103
0.8514022285251749
-0.6829455688203219
1.9531303478418542
0.13923856641067714
-1.2657479466920847
1.7539589689535562
-0.6242684396187184
-1.2855214309574312
0.8666916595709624
-1.0842100261324974
