1.6582742805034836
-0.0877546999149061
2.478362297765219
1.3947673718429008
0.5440969268961554
2.070379057215515
1.0058667399868098
1.417950629242013
1.438531264748572
0.8084795666537572
1.592623212753243
0.6182681204136316
0.06058993806142984
1.2690756977533797
1.1793443209418912
-0.7941924381323033
0.9101853589532156
1.5632529155001051
-0.19758323271929346
1.4747884752765295
2.060948566030807
0.3027319063030043
2.1057178650833164
1.6016402841911985
0.7659289746275029
2.6972280089639393
0.9105231044601104
0.14815775896424957
2.933645637166527
0.17156518808482496
-0.1626846196247627
3.197505285365936
-0.7688273525194133
-0.24172381415278463
3.109412507587708
-1.8003134004346943
0.020861441665883343
2.817518470031569
-2.7513217485938792
-0.8421963604775381
2.510107057903727
-2.3669350309222397
-0.5887759676051542
2.240530375092914
-3.308409133373994
-0.10369973302838768
1.8192601365036345
-2.548160623500097
-0.5362718174573089
1.7030744399774755
-1.802546015500961
-1.0169618061660541
1.818247199673195
-0.8563554625964499
-0.2735897181554586
2.331292723913644
-1.1726514137188617
0.36242522841722785
1.5388140471510898
-1.4386450729264477
1.2884959958989535
1.9751212558656124
-1.6782136168102848
1.2041290669138935
1.612788256049347
-0.7626316209958932
0.3641630054821829
0.9129384364859138
-0.6570093128920061
-0.4356413220100281
1.0264352807973007
-1.2258052300626554
-1.4009595970250799
1.1131154034904953
-1.5310062201166332
-2.0859054831014863
0.716811029772083
-1.0400793931505867
-2.251795292073438
1.0454927183787806
-0.24538004740530592
-1.6361460713661748
0.9113173014727751
0.4966834739657243
-0.6265599828916424
0.6676495586736957
0.700190682484475
0.3556844198656979
-0.033102599099830474
1.0171936454556065
0.3689750437313094
0.7940947157358432
0.2872414808548336
-0.40059463638568454
0.48052186985896406
-0.2626511528135204
-0.31625914371688346
-0.27640151750201297
0.1148215114990993
-0.670983436677164
-0.34029599894591483
1.1448543491929097
-0.43768207880054394
0.2016934386405611
1.950817673661311
-1.1217033532752223
0.23706662610573737
2.742550343713834
-0.26530577873249817
-0.29541334273951736
2.8711368810345466
0.5167961335705575
-0.003338267262856304
2.421984270831686
1.0858023677752737
0.6326236566293607
2.940870487373143
2.06677313851391
0.6809377701323391
2.768275815799622
2.351560434988609
0.13923788390253372
2.01005257160973
2.4233121243765625
-0.20189839230203627
2.9335706551179195
1.598706302042922
-0.12752980580329312
3.525856470582227
0.4501433060794309
-0.03624253021898326
3.4760665503250503
-0.4510846365955043
0.43478329198843235
3.5193821031674353
-0.7900137447240326
1.1949654657509363
2.837899556777444
-1.0068468266109398
1.878472037776411
2.140929653924583
-0.6169759875518727
2.5803200484359614
1.4695503768977842
-0.9420390700699326
2.7541057238437996
0.7522937604200423
-1.0001429011446477
1.915426084388119
0.953370610809565
-1.8871520914546265
1.6720646261733434
1.5916307628639768
-1.557481698177307
1.0056574318823925
2.2516188543574467
-2.1011875722849425
0.7707935869897038
1.296445362152563
-2.3286409846634153
1.514138490709017
0.8234000108413555
-1.5976991380944752
2.0229982311480836
0.4165116892279733
-1.6370294666338328
2.6028821395772317
1.1781035144633791
-1.810864820150493
3.018916572483333
0.321780183172258
-1.6409591681377518
2.5466510093632095
-0.6047717895051933
-2.5617697398161656
2.0790793370825513
-0.23366338213114263
-3.278521639862941
1.4179404712265067
0.17605244464480976
-2.876769542193741
0.61046398599213
0.7522311747466185
-2.445735492586252
-0.1619424855427168
1.0227000228590601
-1.808049235059838
-0.7366080606319941
0.2760170185615926
-1.501335006778212
-0.9370979775317868
-0.6414632089831095
-1.009093780657647
-1.1809997703443327
-1.5419267263436514
-0.22424697421658732
-1.5627038647131533
-2.1857855505169805
0.20329656636269156
-2.4015342453343553
-2.2660484253548687
0.4043241912749496
-1.7888913076925226
-1.53581777187868
1.0207949802007754
-1.674339499551941
-0.49933031928810506
1.0733684699120671
-0.6979527118601899
-0.5663997084627211
0.17946290996071138
-0.027031161936517258
-0.716944768893791
-0.6511273279540254
-0.551357038804069
-0.6323304364768737
-0.707381444214528
-1.104827318855011
0.0026964334053108116
-0.03573578309511624
-1.8170714832154804
-0.019031269084759935
-0.0049517737547672275
-1.1099231828337592
-0.45914544284253783
-0.4673363282599768
-1.6015066627705625
-0.8135719465154694
0.032854819999332124
-0.9524507937659155
-1.3359781668180166
0.6668170907849067
-0.7019053240322062
-1.9918578663815554
-0.4216303374298717
-0.5045861328802324
-2.271711439533332
-0.7872148921799165
0.3966490321196524
-2.33332180037918
-0.18938761906387505
0.839434450337957
-3.090184381964546
0.9112430353113573
0.7983083962261777
-2.901361586763075
1.0072256483963298
1.164338019420487
-1.9739431939524965
0.0455153526046467
0.950464684693504
-1.9537561549111937
0.27750967624667616
-0.0005139073359520871
-2.555168989843355
-0.45680372648956546
-0.12085684873002248
-3.1072367196032733
0.10705068688247774
-0.8392999445608109
-2.9661871215983733
0.448014112880976
-0.07919320530789957
-3.510141239204252
0.48162430805398726
0.9194949156019292
-3.8076103419370138
0.326809740640711
1.8734046508362885
-3.5082300354567573
0.9828523017319569
2.6672245094941207
-3.093623314940574
1.78644789381341
2.1176908957765095
-2.648438637433905
1.8462005588643975
1.0585061009979346
-2.397779094235932
2.2847967158047453
0.10989331801044581
-2.4967288075364364
2.177223091642001
-0.7418621138361506
-1.7925285819245966
1.4304093274793563
-1.2236884235125405
-1.421239592277455
1.9008311540570453
-1.1230342722713749
-0.6428969023733029
2.4256353583491563
-0.44756099990872517
0.1667414112476312
2.6521715473612413
-0.33335608161705305
-0.978529902992569
2.9954430482189527
-0.15045642009728635
-1.8356771232847633
2.792205643167838
0.7955898825578984
-2.0174421738763995
2.025185754552913
1.1852536740686392
-1.3439982842029792
2.51070402986369
1.7932195746116175
-2.095945466309714
2.465509109774187
1.483725093551442
-3.1002091418456215
1.8720147338480813
0.5912526540572726
-3.278982977003915
1.4678401551416307
1.4597285151625314
-3.3375257461041477
0.8991811280230644
1.7139350317022344
-2.538728533154065
0.5005750184918747
2.441740461662765
-2.012608078056789
0.7676869815012249
2.5619569086996274
-0.9575545637584452
0.17467590318522955
1.8546932139639645
-0.36683711709529504
-0.6942472259717998
1.6455523486613142
0.22602052049514698
-0.21637258343147095
2.098483590006166
0.6490615287657161
-0.6829321174016737
2.366861826928108
-0.39427487339813694
-1.1258555007158926
3.3119367658468497
-0.29274262396497636
-0.9880991298634483
2.924970503488122
-1.1331472518585248
-1.5346637959751266
2.268189467094851
-1.607191975299635
-2.0221611649234723
1.633633090673181
-0.96939162710678
-1.4596973778867055
1.09186089442019
-0.6375540999850999
-1.3287687917181263
0.05795464035354773
-0.1373755341943526
-1.2443710098389207
0.3128321640025605
-1.1045952406403798
-0.300760296766568
0.17764392275083862
-1.5334668735259516
0.4669811602341848
0.14613069371638632
-1.5753201556507803
1.295967229768357
0.7114064068334303
-0.9072949466098866
2.167867210924726
0.7643132879671796
-0.4993463189311646
1.7768503264225366
0.20230393593912158
0.43287836260589363
0.982073874783338
0.6097800962516087
0.9808681063128581
0.4980112947257355
0.5249277809333966
1.6622752100617364
0.11305749544339479
0.641422515574874
2.824310455731354
0.8575842962724469
1.3690910410632247
2.462717950551653
1.7812490104940153
1.6508592314175352
2.196600816507927
2.1664124288005513
1.027789117872105
1.4643142861303442
2.6023366080402193
0.31530108690054093
0.829896902675901
2.180387796519475
1.2490251047435728
0.5115527248516636
1.1271893982552081
1.0598973429458978
-0.031923296090919914
0.9505463565056667
0.13057982280285904
0.07870124419431512
1.6157916852993424
-0.0013259199157544636
-0.5130761426564281
1.3246082809210655
-0.34716254817293024
-1.332388302217774
1.365488295032963
0.07232335631597608
-2.355667473151733
2.226921704919595
0.2888214057117237
-1.5526643135859741
2.8200391759768126
0.6295182075348095
-1.0523251895209325
3.15882909276794
0.07667092728558764
-0.22490758004467884
3.180680560063261
-0.4284376746889947
0.6512472116262286
2.272963865478869
-0.5717302783943684
1.0541308324559078
1.2749829296141775
-0.551363294719861
0.6635587534055273
1.7327202665179362
-1.4461719341918031
0.2159778938181752
1.5785716998528767
-2.35113268738007
0.9165203712984507
0.724690412733716
-2.0333602405771876
1.5388727442615278
0.20182553786399796
-2.5221078967830164
0.8746754138867843
-0.17479933057195768
-2.4690536540338015
1.7642550435516533
0.02248173443653896
-2.051615493317576
2.6451019231112327
-0.5360020196516836
-1.2911320156157202
2.8141572675047595
-1.6088442516064518
-1.4274106260041812
2.272317462339441
-1.4041143724732512
-0.7110889674823132
2.997028228308174
-1.308229865854481
-1.7656377240684908
3.238263136496337
-0.862097263529523
-2.1451274582616664
2.3440478518896053
-0.06789352069938621
-1.4743313955924868
1.9213617159878167
-0.9269532040203758
-0.7165379971714372
1.86724138011509
-1.3338241940888556
0.07193184896215268
1.8489463843793472
-1.447614728833676
0.058944962860600074
0.8461863375671813
-1.606994439525231
-0.9555725937402244
1.3253434681969782
-1.9923490008620546
-1.8080126995871315
1.4368938159166214
-2.3632138879817646
-2.0877300090315534
0.48928556287298847
-1.9316372697913156
-2.638582097041004
-0.24144602174974816
-2.3245539108236066
-2.427280841758721
-1.1474527233745961
-1.815088190455254
-2.240735602196675
-2.00719889360998
-1.505191148742872
-1.962634594641289
-1.2220062915046268
-2.2498700358142614
-1.7286403859419264
-0.4490063703571246
-2.430502594117516
-0.7143077685106083
-0.4806493385009736
-2.269056029534216
0.2080691729737605
0.09753655164822243
-3.0335604175656323
-0.4888728037874894
0.3155979596792967
-2.557166198745807
-1.1960075672802122
0.8677468586509596
-2.453339750385547
-1.036349747376848
1.8858721079513792
-2.3325263967330305
-1.0613818619307696
2.8714235066687435
-1.870201836609067
-1.1377477926551347
3.7598072995734646
-0.8544928140825337
-1.0502424531395549
3.714806913920905
-0.38609477835451755
-1.8602216488289498
3.543850529665025
0.08339654292943234
-0.9906278732662086
3.4556060706255756
0.9790584925077385
-0.8542993083590983
3.0979017507479054
0.7722309046360205
-1.7135965970702258
3.2975858565053513
0.7682885042574826
-1.474026707905695
2.3306372870446492
0.679025071429199
-1.156302197932127
1.2818277539866132
0.4865631021339266
-0.9235353152017135
0.35760776670962807
-0.18327704144365228
-1.114759044417172
0.9608767936346774
-0.045235788446089824
-0.5615301142507827
1.7043321986516224
1.1389525151809083
-0.11687261270484059
1.555667167089931
1.6242446393180228
-0.9653054060542555
2.0008402890667223
1.6249173611204017
-1.4251239580913815
1.226806275002626
0.872128557513822
-1.6615342323194895
0.6029171280595941
0.8780562836200732
-2.5027602575162646
0.04317123381587855
0.3978907282181025
-2.3275263546538207
-0.7757982405728562
1.2896829797354046
-2.405605447546654
-1.0568825253909258
0.8441803889491672
-3.1721258955641582
-0.5648419206615298
-0.06513167790753882
-2.8748295281818312
0.05934448408681188
-0.6388680629635427
-2.1345446938794286
0.5351552342881305
-1.1957517544372827
-1.9948764756644028
-0.11454765572230084
-1.536530674588591
-1.6243614943979945
0.6446138887180792
-1.0722525461872412
-1.6995404277021744
1.4904080024471629
-1.0368695923248608
-2.7115744273768847
1.2375619516253547
-1.0534758328058156
-2.873681398459375
0.18740809089649685
-0.7524662203902317
-2.6365192231082832
-0.6571797409848252
-0.3903039643868065
-2.2728681808472557
-1.5877261042515196
-0.3474348236805193
-3.1890272235947505
-1.8944458296605733
-0.07805339051981226
-3.3820991247078704
-0.9447548856592238
0.6304672809683364
-2.973858179912198
-1.50188604768835
1.1807984831241876
-2.312046898784618
-2.061343206667668
0.6808102704476864
-1.6223233523805014
-2.506124365184248
-0.1705090636395162
-2.002397426104147
-3.0388791671205952
-0.879513976900204
-2.466954719500261
-2.3902896834327887
-1.2516881353950533
-2.863497571913224
-1.5216102841303802
