-1.7718197255292278
-0.1585070273170999
1.9311957463216118
-1.651073552095656
-0.06303251058095023
0.8666207962479239
-1.3336960517099417
-0.8923206366056344
1.437302385581906
-0.9236926335484662
-0.5631548198379208
2.3432578155273243
-0.06327248588242244
0.06298128200586169
2.4667889826714458
-0.9617004846988896
0.41276150541230655
2.2166296600922446
-0.11031355162788704
0.9982401919581724
2.330335080132482
-0.006146945704183435
0.38874920869439245
1.5698835609144883
0.08920180804158234
1.2813375485663385
1.4593351066201854
0.8023966248219648
1.4237260785360157
2.246247130749263
1.093646044020737
2.3144149416459037
1.7320021368528435
0.32090415338224076
2.2029462723557898
0.9778467714555333
0.2285270269255204
1.9535693696900163
-0.07459177869117253
-0.4746468126467917
1.647897279178739
0.712132800720183
-0.6925090042089491
1.0232792228145395
1.3504864058215964
-0.8891453285147304
-0.04343007186362628
1.3313460106668247
-0.9769503084396951
-0.2977561808627295
0.4180733343766681
-0.5288609204134186
-0.7237528980054094
-0.22832022342816355
-1.0732302515322447
0.20225086299780906
-0.21177461495531458
-1.8795840902241545
0.45367449929927667
-0.8789401151411547
-1.9364462172847883
0.5212846034852233
0.137820855098448
-1.971151574929314
-0.2111160794407584
-0.29045141807942576
-2.708907840810854
-0.7713361789101653
0.314720419452717
-1.822464170061273
-0.9761297629413708
0.6981232522496865
-1.0112603461546288
-1.3455014366226965
0.6550747778180065
0.06251574401474526
-1.5223422640018285
1.3012816841137314
0.016358629696327037
-0.749325200744479
1.7115683163934021
0.8010553245659018
-0.48618890744822474
2.338538291334005
0.825599985291554
-1.2472236608556313
1.7264990149585062
0.9335588870680778
-1.6914288771025043
0.8075832784569951
0.2674482275907078
-2.3518498062388447
0.73505911094881
1.0050257274085526
-2.451186124145555
0.07362450874961536
0.6966079220969472
-1.3877446369141138
-0.13701226371726816
0.27527140566564945
-2.214566689360354
-0.1946919868587456
-0.254950880101286
-2.2030355127522117
-1.098665339010682
-1.2675896867559013
-2.054928651842507
-0.8541160415802125
-1.2631353676151713
-1.248770857172099
-0.39011201968862236
-1.2727950704412232
-0.5301230292505337
-0.9875140561482124
-0.8064766347177137
-1.267447130102032
-1.0776006405161838
-0.753541406584117
-1.7043006016244309
-0.16586188152213766
-0.6339871398064973
-2.8337782663321716
-0.49619453593358936
0.44266436808629483
-2.9933413047338644
-0.6009028807819886
0.7740411057162915
-2.073453313421134
-0.8749061228447446
1.6360834238208006
-1.4950598662209957
-0.6440944711822252
1.9836724077616301
-0.9819894218459274
0.27377240994149266
1.7142534060542232
-0.3691387070345451
1.03955628881305
0.8664240539428999
0.5374278116860466
0.835534363363292
1.6135794213482004
0.7166727127581228
1.4278760775025956
1.6392836266614308
-0.13105631020871766
2.0739478082847356
2.611036837517249
0.08273475478353433
1.4595135351930633
2.679231146568235
-0.3841057422630757
0.612752803759514
2.698893812658498
0.46992073792157096
-0.2017366616528928
2.0590183471137378
1.2323139471089166
-0.45433953644926667
1.4200621100428503
1.7703419282682158
-1.1733172480194571
0.8862710411121907
2.4490304714319278
-0.6248723945647368
1.0327919650822561
2.2724284972370774
0.32555547946272906
0.5572535102269482
1.2951568666889126
0.44631089428895115
0.11631487320230152
0.9891470231526814
-0.19308653876738105
-0.20736708359322376
0.004847613859745539
-0.09429294643799167
0.5404674295542209
0.25606733530832837
-0.8723033023843444
1.1903063868332437
0.9893205832959887
-0.8645378043434713
0.9759228236876701
1.576133409021298
-0.2830633641549869
1.7864964160783283
1.7941604312046362
0.5647395751143471
2.3345432075569716
0.8283974876738132
0.7707757441895774
1.7609865568875744
-0.0618902043488903
0.3106433482527639
1.1307859166706318
-0.6280754452234527
0.4147424249893933
0.8505235031813766
-0.3576829850406171
1.4026858993998823
0.8676668631610689
0.4908937819007966
1.959737801839852
1.195187949352337
1.34305550204606
1.1896996586004551
1.431333384796949
0.800778505682826
0.45956996634364533
1.009961670848544
0.050630513297062224
-0.06311462398570196
1.6486036136762956
0.2641670937837344
-0.6987692811336079
1.9778220945723168
-0.4568413356641937
-1.2491530709436516
1.4093233651508512
-0.5620456079035717
-0.3522261895627773
0.4965014493421682
-0.7449094809842756
-0.08798824706774552
-0.03465856043988834
-0.4511050739117157
0.8036991054530968
-0.0551057548959646
-1.3847911971560931
0.26136001240492907
0.07399884112952675
-1.3825967013587277
-0.6008787195142632
0.18497445170731103
-1.1735567247195884
-1.6780471436266597
-0.29362887071744226
-0.40899524332098003
-1.085921097494011
-0.6078380418813562
-0.2225578533014437
-1.9685797289606994
-1.591168419501726
0.08955259846641342
-1.8523257205308241
-1.0696634148587654
0.44470428286778013
-2.5712429625317714
-1.1495426873808374
-0.4875846575730678
-2.818422798299374
-1.3894976775570245
-0.8961890990385973
-1.8819624016884575
-2.0051437376765184
-1.0813519797898579
-1.1108226423059604
-2.5684581632556056
-0.2682772486935365
-0.9375732233955313
-2.814806124386006
0.1272984556384303
-0.035174194658091996
-3.3228838829275196
-0.19194332208730133
0.802870775951483
-2.5321490936693727
-0.6176579256132114
1.380105289618494
-2.56761546711732
0.4678526666697251
0.9103993662518509
-1.796351434005782
0.6943115645950318
1.464440289635627
-1.1637354946819343
0.5514151351881992
0.7379452041836166
-0.1833985574453781
0.8425581410639967
0.7563025473192934
-0.6724720753332918
1.048091551633032
-0.14407676633700006
-0.7387776283193878
1.364427110512078
-1.0026748052663614
-0.3273841518516889
1.063743427223243
-1.9777982417644235
-0.7581239324530336
0.47668617811701613
-1.3293064614501922
-1.420252626421378
1.1053609780646794
-1.7247833357847797
-0.7062379401949417
1.9799011766482144
-1.8257817406298051
0.08182112912352146
2.232733683451976
-1.2370265918189256
0.22838270851478287
1.7849311952731466
-2.092586811271289
0.3447074888321336
0.9371051149180173
-2.6287202233343634
1.0340438490086565
0.1818245004347722
-2.460130907813166
1.2616094430729738
-0.7511249459568297
-1.9375114905949284
0.6857339056846107
-0.7968993472788077
-1.0029438830207238
1.1418454204577517
0.10771167454038642
-1.3702606270965085
0.9614929753521445
1.0616950704287582
-1.7760365158170135
0.13576557616996582
0.38093782411908117
-1.7822091354476415
0.12580791469527142
1.3009166589587244
-1.3225641344846832
