0.16258053671097838
1.6794733388193823
1.2839045424087063
1.1602132130959584
1.3419431776345032
1.0236764378175642
1.49809069185677
1.029486830842605
1.7922529998119685
1.8845276375771458
1.9208543841522348
2.226985199148525
2.635723558894059
1.1310080331757113
2.153751107381602
3.207098610525217
0.34319691618888604
2.120550393058468
3.8539307285938396
-0.48928781388984166
1.5562097598228188
3.296576272450596
-1.3055286670066575
1.13419449516906
2.4220649882491707
-1.8567537505381422
1.1886340278184815
2.4598049289315687
-1.6189273355847047
2.1782355028977833
2.8208969791303176
-0.8359245860667925
1.9249510272687997
2.8706461662391445
-0.06422617986309616
1.1506041644354852
2.3249778983494003
0.4702770335556755
1.3961387455843821
1.4086822714843108
0.2849746792318905
1.2956885528681714
1.1657393858988323
-0.5924092207710742
1.0005245255111825
2.207170011437045
-0.9617307958411233
0.80244807990014
2.9689314930151807
-0.683233458694919
0.40119428011926705
3.6275001214539895
0.06525580567282974
0.5374637002173918
3.6387719656418285
-0.42088504114298897
-0.38821879832172124
2.92312621486082
0.19948077845052037
-0.14306863792141478
2.3316864087351754
0.02625301010029299
0.4701062987929643
2.889899789817482
0.7283480374421117
0.657078673479984
2.578049706965012
1.401269634635035
-0.0895383205231443
2.2842760369869834
2.1466598323534303
-0.7362795091462673
2.295118736041361
1.9345494598462125
-1.751201192239187
3.126348953871112
1.5606838118921578
-2.2034446412978417
2.981275494725117
1.1324937552023877
-3.218403855909508
2.243713544070673
1.6824742624948346
-3.744985853435417
1.3445807821759674
1.2355122232642661
-3.9458761585379882
0.9471906409090386
1.1601285933841263
-3.0966344463727
1.4146665348067933
1.9386622244732987
-3.216230997993319
2.2505531140324484
1.8695942585120164
-2.7511434716004617
2.4396382620414023
0.8744246553054958
-2.2765642778981947
1.3193260763140158
0.4845412358700065
-2.3918901222275886
0.7565057273842657
0.8832938655505771
-2.0021265368163252
1.2226367383123729
1.8958178188783177
-1.6768707341218498
1.2902797242931965
2.077681410223268
-0.8108591516575105
1.8348512662101644
2.7085864759640144
0.002348396916628264
1.5604317941218653
2.2466908322877233
1.0656216458412358
0.9382773942927912
1.7758746755464339
1.692385537271825
0.6009769021567399
2.5774256305421273
1.2505321920454826
0.794964020188191
2.4457444607548213
0.3487191277509897
1.0919082845546235
3.3523879459090438
-0.1070253485026795
1.542985009399513
3.6262139712806483
-1.0239841880725675
1.7905484482482266
3.4765851737400135
-2.0603593187158245
1.6251600747485753
2.403585472019583
-2.430851526467799
1.5805005047531946
1.440434966774598
-2.6141113782976326
1.9443828885857566
0.9213619722663179
-3.300154389998053
2.248216541798911
-0.045897256484520844
-2.8942756042917206
1.4727079168312758
-0.5211970836232941
-2.589913228387508
1.8701502571752613
-0.6232685653252631
-1.6512478235602914
1.3889271717436178
-0.6459433399009672
-0.664445499372918
1.3468712416980535
-0.3059009163226553
0.1893078997648389
1.235762827820113
-1.0945279406771462
0.027637015847357522
1.3279741341412967
-1.698739870289935
0.9885881262499909
2.1496864913886222
-1.8143156485893805
0.19729298038934773
1.8876133898145349
-1.5426987181640766
-0.6677094657414799
1.8578584655168962
-1.6047949287255534
-1.7378084145105697
1.2304120760090005
-1.817647005334276
-2.5567135904965435
0.40863346189273186
-1.9077864428556908
-3.246829001954752
-0.39531950751191086
-1.4689939003083579
-3.733335008069856
-0.1527720394126079
-0.8185611192365705
-4.481365171937729
0.0411515728666833
-0.588634081410502
-3.5162247596475407
-0.48975771623145586
0.22841286628242233
-3.605247711125995
-0.9893021921922807
0.9009836305137917
-3.018868091241907
-1.8942384485076091
0.9311801992780304
-2.7297357278535634
-2.20577765735142
0.19684204206078174
-2.1650977720389837
-2.184399397441613
1.2306347270658256
-1.759115487081647
-1.5597347618623505
1.386877780885317
-1.0532571463909952
-2.0655707137713346
1.7770011909353758
-0.1713008311389745
-2.338194035539324
1.0751466454478125
-0.8337685243534881
-1.8556135064937676
0.5782393361978294
-1.1777440850061889
-2.8509395290714403
0.550145969170886
-1.4369682592426913
-3.2555302299492843
1.4564288520387834
-1.352030212255683
-2.497775369105204
2.177068381111849
-1.135410700160363
-1.4669639943207489
2.499318540175363
-0.7596550913096516
-1.127122572051908
2.1574994378406087
0.16173947913775277
-1.6434179099151598
1.4669968443569579
0.5023188444876313
-1.2471468596484012
0.5574445009670849
0.5827982561289529
-0.9412151942835102
0.22212156398343655
-0.42362738670919653
-1.118619792441585
-0.5892772963307676
-0.7649897637023909
-0.30377498004252496
-1.1181222899322467
-1.3410017778800636
-0.5601187453649071
-1.4934886729828838
-0.45254878717139346
-1.3185474415729854
-1.132398023097795
0.2798311417077602
-1.0293206847544598
-2.211497851064458
0.14607782580288844
-0.18300413049383607
-2.3786945578874485
-0.306254132738539
-0.2372938438080421
-2.3604406602119457
0.7529878918714998
-0.5195161192543556
-1.4904173836973524
0.4767019130502651
0.19414630984246023
-0.6030050254606888
0.6155645028280627
-0.5439640345939125
-0.5270243545621027
0.010743388146305566
-0.40460547848409456
-0.15043617931462486
-0.9622698213390432
-0.796488867192509
-0.34211106993958357
-1.6170480034998964
-1.240085413032826
0.4162764313100911
-2.1908194592711445
-0.22528163436984688
0.6817492898531895
-2.0431339414033958
-0.8116814433901786
0.7237804182717235
-1.2040287292867038
-0.5224591465610453
1.5651542806898706
-0.8043705994304887
-0.15498858411811756
0.8711669998840883
-0.43941319846281024
0.9652309171278756
0.5037576985918083
-0.5087158902055483
2.0038065512285543
0.16855472969240842
-0.5183465807505651
2.1857005518062977
-0.7818607686593997
-0.150890752460453
2.7524140138876163
-0.45304628450806833
-0.907743264832294
2.3775607461950288
0.3078046848487138
-1.4664530286035786
1.8692745117533793
0.9499454533420215
-1.4877727204328468
0.8751251944452336
1.2640422504799729
-0.9225786614958836
0.3603680525756369
0.4322254353930016
-1.2787504325180465
-0.05806622381832582
1.4360795710300986
-1.5050632436695426
0.5619901519606462
1.8414347703358187
-2.434149000626157
-0.0486678189591225
2.3219790192761303
-3.0099383405528974
0.3449676900601219
1.6337863760375189
-3.6670757434197134
0.5501485977164422
0.5279303745393498
-3.9738768164514413
0.801030732570279
-0.13542762666274066
-2.9748912426477223
0.6142781378522578
-1.0023904038957299
-2.80507357559325
0.31524537588789464
-1.7084976153251228
-2.0408918299501195
-0.050400688959370665
-2.268995260777805
-1.263299292382146
-0.6818288058801536
-2.875495387262514
-1.356649841532052
-1.7169871928062823
-2.4863388320177435
-1.678277008660267
-1.6749859449639657
-3.493638148982805
-1.1966388834744355
-2.4082864516658997
-3.143637561102495
-0.8176124988444672
-2.7166847115809802
-2.695327664612928
-1.734623474379747
-2.3404844278487213
-2.012017352188272
-2.209608303240779
-2.0774270464097713
-1.251577314432849
-2.808592784128084
-1.508285202584355
-0.5238050831291637
-2.3528280933177954
-2.462479146834474
-0.762518640899228
-2.0967471381970912
-2.794391572247632
-0.39428713547916067
-1.1771643153464189
-2.675987903714377
0.3625728739229419
-0.5049784426461793
-1.8144343046802607
0.8252459696004051
-0.1311686309858044
-2.0932729019460736
0.4745763416750306
0.8069676536713212
-1.9004290145700866
-0.44501703162020123
1.3598459261710936
-1.4463164921582956
-0.8430835096932395
2.111727017170962
-1.4545097268916223
-1.2142493423161669
1.2831069813613036
-2.4189514413076387
-1.2438953648412636
1.2485124366860014
-3.0045966445144052
-0.46470815843474017
1.5626116982445197
-3.06869079014685
0.5895476739907233
1.287543841897314
-2.3972644811916166
1.2580358412493178
1.1207576906592052
-1.6029739756587262
1.0070251779051471
1.4241050143104772
-0.6018139481825066
0.8257540906955498
1.0915451853877258
-0.827362105794022
1.237731599942997
0.06898014704877603
-0.2635860348985511
0.46269960382482633
0.3495120889785954
0.3752654683094158
-0.2556498156805977
-0.22570763835156266
0.3104702871651498
-1.3594228224193268
-0.16592543059127496
0.426641775929744
-1.6189567788232904
0.942397070536294
-0.5090252479771342
-0.9592078663356224
1.3268184812625465
-0.316821150485476
0.02073004771244962
1.2855435643525412
0.39060357552191827
0.839296914433341
0.9617340760068446
0.5629769154853901
0.46822320820632657
0.3374318143537862
-0.020202226615951953
1.226096027852901
0.3704952001587736
-0.15957059411587823
2.3929988792434904
0.526880178782543
0.225954397099332
2.8917482041614186
-0.2325839440401867
0.8455862616277704
2.924915082953486
-0.9647733928011137
1.7260813084835096
2.678699166205728
-1.3108622676768127
0.7316454986229206
2.6453039123885214
-1.8853831187770576
-0.18447926847865576
2.3543574802119736
-1.9462240351583748
-0.3747935150121044
1.4845154031782457
-2.4699720769165245
-0.0662580484047629
0.7539184734134778
-2.752337393267929
-0.47095837710424937
-0.0002847550766293741
-2.6237626766730937
0.798531096257755
-0.060385152661735886
-2.0181978561210445
1.300816816518546
0.3252615648466942
-1.3542266243749828
1.6662489568046075
1.0148820881417273
-0.6636143129368381
1.667437733976276
1.6813797997971986
0.13845908425120756
2.439174697902782
2.163242549532207
0.5368167497800851
2.075792629242334
1.4240801202166555
0.9696608443929002
1.6340524517872983
0.8858162205385507
0.23927102351174356
0.7505237289523096
1.3870011617838862
-0.09164071812152119
0.32910879359284967
1.9768043901876697
-0.6883623586263087
-0.49929989457037194
2.569142239721974
-0.9472050837313934
-0.7081873187382142
3.073026952438475
-0.03665479288431736
-0.9809863809357667
2.8155746615290353
0.9376966783983377
-1.1927584076952304
2.5148626954352573
1.8502176200901592
-1.6869816305479304
2.089190932663866
2.6074152077836343
-1.7113435704067534
1.1114188684112665
2.420148722512748
-2.223213828267285
0.5639858968801444
1.8986694062677163
-1.3193995971796404
0.2312558179542416
1.5321920616127152
-1.2709057621982214
-0.4906005306810306
0.7903649934156542
-2.134121432851996
-0.6446463112572349
0.47481295069149215
-3.0656731227984007
-0.6286323375478546
-0.10203399584083207
-3.1599322339289624
-1.3361319364241904
0.5659980320605555
-2.2296482058583007
-1.5739689006154243
0.20150862350654944
-1.6283435207878407
-1.743243150904463
-0.6127422479350776
-0.9979112093407875
-2.0528216402774784
-1.4469371230444323
-0.587102176724324
-2.4812182704067385
-2.1425863516412833
-0.47769132287860677
-1.6819906936781428
-2.816015810811049
-0.7536454350242133
-0.8558467267303002
-2.976140507503252
-1.1927149200571532
-0.011787156997131877
-3.0861428051733983
-0.9315141488971187
-0.5884469047666171
-3.900176944748687
-1.8199930795696888
-0.022889562760086076
-3.9497637076012895
-2.2907943306702867
-0.34216662889493094
-2.9722663220949537
-1.8410596485472301
-1.0061549906732246
-3.70732207354814
-1.2700950288620023
-1.7607768062147438
-3.3613550453785157
-1.2628552231015293
-1.8396684614589673
-2.2560567226149666
-1.811324897168384
-1.5529532246640991
-1.5148466478130247
-1.7860058423117593
-0.5382679958201213
-1.4311028777071013
-1.8531786230518617
-0.1525137635438861
-0.47342055441475056
-2.2364208603474878
-1.1220099295632435
-0.5283377432199219
-3.065309477719416
-1.564305870852314
-0.3635598595867622
-3.412388778373313
-2.4669531671122384
-0.8180365879383095
-3.061976539757111
-1.7314519352121618
-1.552503230659239
-2.341609922274879
-2.000751390170354
-0.878299742050753
-2.35880988179827
-2.640059253564092
-0.009116514361690739
-2.181328763471964
-2.234130598605372
1.0117347856398244
-1.1747047102589658
-2.2437402265992086
1.1694851238955626
-1.5890460850663704
-2.9071175742486757
0.5919341353808955
-1.8441714419365343
-3.4738144876448454
-0.16064955096422334
-1.6312246148779164
-2.570754318540527
-0.5473708758299176
-0.8408865582358034
-3.134639630167351
-0.2534214599017301
0.006539882671456673
-3.1802544264636596
-0.8162750399293319
0.6997023173799403
-2.5559889364883968
-0.7165589085142777
1.050631944877364
-2.1498351402492517
-1.6802321730668681
0.928906184044989
-1.122595907861336
-1.8874216550491587
-0.008756157341431724
-0.8739566406819865
-2.1106926021491614
0.5679032862029001
-0.7986752635904417
-1.1903115952195862
0.9430583757500549
-1.3989529378287662
-0.6862269462454927
1.1236494957476935
-2.1515563838951257
-0.006989018447955556
1.7651584336048922
-2.5645849307819217
0.8180360078035723
1.7327650627119904
-2.305162173406495
1.7793491424095491
1.4555027135105363
-1.5201780190180163
2.543669201063572
1.1415405532558673
-0.7103969360356623
2.8731903488161405
0.6319625525274177
-1.2589722280445301
3.5414161038750107
1.232270019411516
-2.0780728893194746
3.4139596468429514
2.0541877491122573
-2.438540394398236
2.82001736944269
1.0712422660495287
-2.5756596163560013
2.4992760993894025
0.4120889011086557
-2.757214250902864
1.7242249941288241
-0.18133940443632812
-1.8940005971197111
1.6401652458145604
-0.6316777438766293
-2.643301801785928
1.9943825916341622
-1.1929163549191897
-1.8111479444570908
2.161237888386556
-2.073689193243656
-1.432615620048086
2.505796588843278
-2.242793386515328
-0.4646654050223774
2.4661959705910856
-2.08558250075104
-0.8486853797971551
3.298752911321242
-1.2152491407648576
-1.24044872924688
2.987266684323862
-0.25271690956882414
-1.5905194532989047
3.192114696196935
-0.8210574839718751
-2.3505890122676383
2.907465446891424
0.1010412670174026
-2.2658823716561933
2.5681643606307807
0.9087336709646325
-1.8786583925851676
1.847040558877289
0.4907106811136616
-1.265305563253199
2.647612427621112
-0.027177691575956113
-0.6673513245048567
3.1026884755067115
-0.49070015447400134
-1.1285654192428782
2.333094174484385
-0.6354871564595298
-0.12980877828325119
2.2560957970516795
-0.36688240977523606
0.6441903543797133
2.016969680012109
0.2572806905662599
-0.2810295039933012
2.2714072921690933
0.6330528445065204
0.8176137531308676
2.0375378814878986
0.5255553234710537
-0.16610494910657048
1.3495029540512826
0.44380106913720857
-0.9022750385086313
1.5391800002898037
1.225065417092457
-0.8573997416527834
1.9440491423226178
1.3642434990702244
0.14288634396786085
2.0621751326762787
0.7116994223270803
0.38457035001952244
2.9005660022905277
-0.043615153421257824
0.3779674894689
3.3353382879232054
0.6066422521175496
-0.20408843267190124
3.7353877933411237
-0.03195199724148035
0.2151387185137361
4.350073402630948
-0.09671253954868672
1.171456392272933
3.948562945682617
0.48532353184910787
1.8239863308578022
3.3943148024429455
-0.40584920370021305
2.139231009677542
3.0462725505522825
-1.1594134310736333
1.5520755376651016
3.2555557679427047
-0.9758874395659263
0.7137367044692404
3.8268440108760173
-0.7934211224890763
-0.3084472530511606
3.7974578958750924
-1.4077456263587933
-0.22603022320030403
2.9731788188563
-0.863489074633287
0.6756211894099694
2.7835188393199615
0.10812844251124258
1.1182874464235046
2.849514107905482
0.7603390299041333
0.8961377561011324
3.5712473216936282
1.6387403238388676
0.2991940787757544
3.3522912115082013
2.199538618576127
0.22899466912608685
2.4473155156768174
2.0267091356228377
-0.34831617506667234
1.5924265440295755
2.073774562691001
-0.7689244767435581
2.5211944603814227
2.955883098180751
-0.3682070512115932
2.7988157232794975
2.5666021348528902
0.4413750449595739
3.324522109260915
1.9395961580368881
1.019224305945263
2.89477162473434
1.0360425234606498
1.2749617610455675
2.7729513425152748
0.9944517097997531
2.344937992219709
2.7136194936488196
0.039775222309364956
2.1469492861275734
2.1834499956086657
-0.8331073019395335
1.6396343208081121
2.268347902521671
-0.789785936727845
1.9363348863091385
1.2265594616649171
-1.829464714797713
2.239410043571117
1.1510276943889566
-2.66322408576087
2.1698910004552205
0.39085503165000335
-3.125956425465034
1.8122126157868872
-0.3073052306259262
-2.6472393730008625
1.1374372898101477
0.15925362929553413
-3.38132268725282
1.4491355028544295
0.8461294764211262
-2.9212067467309253
2.1811177555407766
1.5453583202773555
