0.7618023217380618
-1.2277448954015484
-0.29673252901566377
0.03366617639306999
-0.9507958232494803
-0.9389005044669722
-0.3650799766176142
-0.05008493198222792
-0.9039335951566497
0.5549731997229573
-0.15899653591403826
-1.2968845025628735
1.2356739825354277
0.2472861183206109
-0.6218594741553702
0.43377583402773123
-0.26175739674310533
-0.24811587153835782
-0.16245556992872617
-1.0007830487219505
0.07463496252448178
-1.133243281627566
-0.7679061829746534
-0.005180573817496744
-1.2883326341346104
0.13950043575718454
-0.4946506609019939
-0.657599029410703
0.9010191967910396
-0.7554345484696987
0.3089289457740335
0.6753349851095682
-0.729861884314837
-0.00351729986026222
1.4319986499545998
-0.20929545960435494
-0.6925965515634098
0.8884176216193914
0.25362210177696215
0.2410871086586715
0.573451284770958
0.2292374181798915
-0.39095416819811796
0.33728684930819686
1.004295152118318
-0.644400341180167
-0.6427571104973047
0.8690861979863901
-0.4108327083637331
-0.08294014660720138
0.1498283261384248
0.2761780607023351
-0.392808887512943
0.6541775092498565
1.1227460929633286
0.0819549117865001
0.3599942558601425
0.6511604242800283
0.4956645858412467
1.1964414336035742
0.12901941408926446
-0.23533967965483818
1.7095322465663
