0.2214707256932232
-0.2803407919976454
-0.6487330547510647
-0.36287934014348217
0.5549150982606442
-0.6607769453325865
-0.707368161862729
-0.3085411572187664
-1.026564345362439
-0.5792032551468647
-0.20437118621165198
-0.040839993960707616
0.2578016144532352
0.3592087662408886
0.11402682293160149
-0.6456213262477771
0.7325600440653594
0.3023151529068678
-0.24692923347848164
0.000854873497943797
0.8826140856855886
0.7637198678543184
-0.020196444459960602
0.8714631463081197
1.0506517779206348
-0.19830412883475032
-0.08306099726497528
0.24835733095791387
-0.6357850733420595
0.28955612883959464
