-0.5540528309299528
-0.7219695349338127
-0.08813066106996667
0.31742126180123537
-1.1763502312651308
0.06385299095239826
-0.017283936814597594
-0.5286272425713013
0.7407472094153199
-0.5258500956527764
0.20042209696012733
0.28992899774280007
-0.5033380390105457
0.06875351104524598
-0.6996971172805124
0.28993680251427717
-0.19177090207290426
-0.1467671972494601
0.33389856270021157
0.6112275201141069
-0.752542006403911
-0.4821680995205072
0.9939404406724585
-0.3168653927293664
0.3127797210257628
0.7395931827505612
0.2369309958385081
0.828656653886894
0.004781159300644447
0.6725421807841901
