-0.13712276553681627
0.49645055444611824
-0.7371875835991714
0.23889564927372
-0.18784119075334565
-0.12241327686621131
-0.09640206927404119
-0.4652619841363059
-1.0213261222199843
-0.7404761431310798
-0.1869898028302661
-0.3049754285450292
-0.34669462288779607
0.5548610810393816
0.2372268212199771
0.573312282900817
0.7515323459253022
-0.06498332815495854
0.4246127411149968
0.19540026975477917
0.7674819114989627
-0.4016244235111619
-0.35751926839051174
0.624946954242454
0.48549935105136416
-0.800632005055153
0.6212300524239702
