0.8086984947409419
-1.051813684137068
-1.598860805771121
1.833103752476274
-1.3225523104849695
-1.2332179918124
2.4996838197690754
-1.7582967972475418
-0.7802501618383303
1.991510694070118
-1.1787882917343242
-0.2677679070022653
2.424191527574233
-0.204232641695161
-0.02372271483728165
2.913384540666075
-0.8642988795843378
-0.635192845801932
3.282158472459223
-0.6307722151164747
0.3107130843381791
3.031727769006785
-0.10799263684362387
1.1082661720797422
2.2673214991769326
0.2548903319826754
1.8312534916000502
1.2277653420374837
0.38984410496599387
1.7245237462801475
1.2595522953103013
0.16999278545613444
0.7005433263437396
2.033068445290934
0.05067797687717446
0.8475695739532304
2.7608106395631937
0.5398549181034753
0.3461904711412272
2.339109865951604
0.5023061639917465
-0.6312792475084702
1.520246016073469
-0.07024672657123299
-0.5709156990850617
1.563119907609932
-0.29690080547832004
-1.5759283633981775
0.7130788094198725
-0.3009665119799028
-2.2001653335575857
-0.1311904075552326
-0.36640677626757623
-2.721472564546206
-0.028717919914643827
0.5679244295235815
-2.63102521816859
0.8864600094857265
0.6506513721363939
-1.921742728669619
0.1341653767873744
1.3171413663003135
-1.8384584149733922
-0.19004050634933
1.6195023341704806
-2.656919035207379
0.473355486894777
2.1391892356254516
-2.050234786409656
0.9841601043422538
1.5339073629950457
-1.4879496504586864
0.486093015478186
0.894862972184872
-0.9628492871421402
-0.3590659268454653
0.9656331044199985
-0.9799899385764881
-0.18413730610546103
0.24907609279260362
-1.6010267762959434
-1.2725574893799527
0.21212663679102448
-1.6232384166562361
-1.8819754444945354
0.1207425465543463
-2.2081261921828057
-1.5300580779026345
1.0008610391602515
-2.1308363128034458
-0.9457123791146609
0.27462958300284324
-2.4879994200437308
-0.6843368225167001
-0.49851146680968694
-1.8283569422134214
-0.5308150176800818
-0.33471209456184986
-0.9446416998534017
-0.1373409275577497
0.40884599095777235
-0.296086889733525
0.26360277899125895
-0.4712650837503245
-0.16859788370822973
0.7983742056466141
0.3143607493127195
-0.3910168067976853
0.7718624739457027
-0.1869945005926943
-1.0486314395438725
1.375376207906059
0.5068204690189996
-1.1890845049511567
1.0158134466800468
1.2771891174806564
-0.3584273087577984
0.577935093844727
1.1825648392271628
0.4702011924260535
-0.37899800408956136
1.0073871056281574
0.49057567575562655
-1.0953738032061746
0.739763881556806
0.27521118335344585
-0.7837749573451794
-0.13512479833260468
0.09508692214028648
-0.5910852771497347
-0.03517465504824675
1.023441938355902
0.19130607114376463
0.1290901317654772
0.6136018928166398
0.9292700632143347
-0.6506074191624261
0.26111094021784426
1.5286174057814312
-1.464719005721391
0.6262210311643862
2.4072339926495934
-0.9314571172462348
0.7001444273522406
2.851838732882901
-1.5094390734414886
0.11745680672031678
2.084980409961263
-2.095288350751882
0.05808334665093914
1.2406361058285602
-1.8109044688485954
-0.3733746789457505
0.9378074903707254
-0.860060653514222
-0.5790110191140168
0.09912118373605557
-0.9761165757721018
-0.983385613007031
-0.8301698609663019
-1.2372427953535425
-0.9741602622447554
-1.5550303859109182
-0.7174952915941722
-1.515594496683438
-1.832020426636322
-1.5630670913123368
-0.9222984319725039
-2.5379049296166625
-1.768218783374846
-0.3596996069146415
-1.6892303886856916
-2.300154876648916
-0.3398830111924885
-2.2282123338029347
-2.022981202806319
0.5728294445580694
-1.1487712099089602
-2.0750715146585987
0.6767775848737898
-0.8955068590449266
-1.2274025484876288
0.9285987690546705
-1.150952833943938
-1.737668695845011
1.5638911357371543
-1.0686094284107563
-0.5224379773232584
1.461431284879577
-1.9627584566390048
-1.2633031168255964
1.1320310282064712
-2.484083811886417
-0.8545623711180422
0.4121042805019297
-2.7390126668424903
-0.036766096157113744
-0.1831750139561107
-2.3541984818003994
-0.9078132497388962
-0.5403981759910029
-2.9980492541343526
-0.2265623124544112
-1.1881940387284142
-2.8427194228355157
0.707623428835818
-0.8425544785529762
-2.281960983786765
1.2479458978047369
-1.511139982825701
-1.6872548177029334
1.9516635207435047
-1.7445445156485972
-0.7229311763017521
1.6347571701825938
-1.7732304706490782
-0.08255139273762949
1.8526135066339122
-1.2778793379276225
-0.32096399308952206
2.8264264774043095
-1.2526937828702829
-1.089944033595312
2.113489935207746
-1.0042119884157938
-1.3918085945664955
1.3624300426594504
-1.2485776663570987
-1.1291249164830781
0.3158124597322063
-0.6318364998812421
-1.9621893064916607
0.08019251441116969
-0.9781426164506417
-1.484986284776733
-0.5685378463590751
-0.566716789004653
-1.8584859047479343
0.14828752126190548
-0.04989128589858169
-2.1774887279138633
0.8354163475106886
0.4987557524592734
-1.9054751145128435
0.8400664908787017
-0.5565856171134071
-2.6870527225359555
1.3918272844770518
-0.12253926230672212
-1.6469117088843832
1.6494912031605722
0.17313273614583816
-1.9730020260479157
1.9495430820033541
-0.8384923758156033
-1.4582483745293133
2.553404789027545
-0.20909861254695924
-0.5536549926940467
3.013014415557194
-0.2886116918444358
0.31420914043403814
2.4277961930747316
-0.42957605020224465
1.2159775121608662
2.152871663452637
-0.7192002394475577
1.941893113633864
1.5119733578443744
-0.9877888721146872
2.370947556660422
1.3585776199105737
-0.09531764715520959
2.54203616261701
1.663346914906563
0.8635253460692696
2.8835975387917636
0.861188296728151
1.3336513482026926
1.8986143206640242
0.8783861437758423
1.1908344473828563
1.7570279397285886
0.4834628942774422
0.1752216149424051
1.4865688769746832
1.480339269244125
0.4880893729847134
0.8359373187358053
1.9817503517568933
0.20510173165950482
0.1215891610037397
1.2921673065384172
-0.26617380964161347
-0.9204564066371567
1.3532244053829694
-0.3780627121939573
-0.6341993861552682
2.1063324986407728
0.06805199576225707
-0.9983110669074633
1.6328141990708696
0.8600638393515004
0.03816107292625627
1.6647969646340732
1.1357189820370042
0.9552074231174547
1.2878994439030764
1.3515275695367543
0.17200523728272912
0.736518861956665
1.4511529532837293
0.544689953375113
-0.24396235898979718
1.3819608272836954
1.4187882870884765
-0.7361441525379948
1.2767230221556036
1.5824865973482038
-1.6483988600892145
1.5676662340195595
1.1846404826252146
-1.4926419210873416
2.5127896410855697
0.7377067578536234
-1.016493368616475
1.845140868905797
-0.3499941908432451
-0.47998120531023336
1.801475635845935
0.2654149246765837
0.12984592645726198
2.1568943303339085
-0.6975206190374053
0.19074737481864407
1.9258543435211573
-1.4898152609951842
0.28056796917432547
1.28698980045735
-2.121555483144334
-0.34578513044494125
1.441593315533804
-1.4910547984392255
-0.6507729950412011
0.6952663299463728
-1.6578213176570136
-1.1813731837495736
0.020117377408136412
-0.536403845334386
-1.1790348831805988
-0.02808400213707894
0.3937669968559024
-1.3944376055721428
-0.0854681559011411
0.7192638118844356
-1.772988312043779
0.8808622290661575
0.6787340422338453
-2.3881618417941053
0.22868552292440614
1.3178622164792277
-2.3898055654285635
0.9432657756044089
0.3352991162473976
-2.57473939766687
1.1119484461818665
-0.1763003939447489
-1.8615823969748175
0.578883239443155
0.10943788800788005
-0.8839640088094256
0.8349928281977738
-0.09487317050898716
-1.6281387244771535
1.5789695499622813
0.14763990412708874
-1.144424393321333
2.57252456973244
-0.3599197890226255
-0.35942506336991475
2.7007559894270314
-1.2862838067723759
-0.2186065033069312
2.518693531939565
-1.8686122531833795
-0.987519465277359
2.132391165940848
-0.7449759495073274
-1.174676599292777
2.4530250296825282
-0.23482048868764427
-2.0026933369152116
2.4139332413987877
0.6433194161461825
-2.0697698009720176
1.8855168136422131
