0.47346301014742737
0.17034675968784746
-1.2792684069851483
0.2641686650334963
-0.3947590522480403
-0.4862822994108821
-0.4802829196833704
-0.011157643336050713
-1.0233541785629152
-0.5428239433575732
-0.03678443027177291
-0.019959400856195714
-0.32875083772379987
0.8194739334050153
0.4304813370664206
0.07953567238786048
0.600532684501824
-0.4670387663517393
0.3865591215548192
0.13062469969694762
0.3479633437767562
-0.3579781666402003
-0.03633866890379525
0.9691615478080854
-0.029102104254030384
-0.7843163611404046
0.3893402701715421
0.535211502535378
-0.4576219213915692
1.1389565533440904
