-3.513232253490216
-2.56752511279381
0.39508007767974673
-3.356078707027253
-1.607118677303808
0.1972211568028386
-3.1167912267950446
-1.3987509502205426
1.1502678362742966
-2.5482390198504614
-1.9519740184651668
1.7207222733358363
-1.5555913278974705
-1.9257218212723048
2.1257722311073945
-1.948463499790599
-1.2617838237561614
2.7546412241566283
-2.4085765324519373
-0.33530577880756685
2.7214863561461047
-2.2066107551871554
0.6171913740810859
2.567846016688242
-1.4431598191641088
0.8676083528426931
3.135313659104577
-0.9812622567307125
0.003065444315124023
3.336490533644147
-0.7471323108221865
0.8843953785251714
3.8358999655795394
-0.6705153082014753
1.475063191105019
3.01930968581394
-0.19247092847138414
0.5776139529872655
3.067578055496037
-0.522755524990254
-0.17306829243089203
2.5067583434348433
-0.9577308458373681
0.04202937129724267
1.5960049372726688
-0.33608450621646346
-0.7467082497590913
1.6656748121856175
0.022352603100214658
-1.1853881530178043
0.9058640938063174
-0.8452188226755449
-1.4025241476672137
1.4170205384416867
0.1120212328012305
-1.927686199074091
1.5416870816993642
-0.575456350339947
-2.349349798226219
0.8085786427432189
-0.032638635206006586
-3.014492471343747
0.5296774792902856
-0.7626019306572276
-3.466611815583222
0.011376988424606757
-0.8890445563813663
-3.2044577100954106
1.0959668649320873
-0.805987904556057
-2.5312551263500342
1.8925381436133577
-0.6919660483204831
-1.7321431954600583
2.3826707952488775
-0.9733448453194632
-0.9559467861460851
2.9922804396314944
-1.2610414132938557
-1.100293113471732
2.069577279590836
-1.917640196607769
-0.45340800451226876
1.432557454634936
-1.4918841599230215
-0.05915947003119591
2.5337737243306577
-0.7994128664583299
0.7853260189349959
2.403702339391585
-0.27876414565906316
1.4383775086893875
1.8406257544636384
-0.7357662858699751
0.8559185561285085
1.1225883014577211
-1.3004298731422996
0.12388046698796042
0.6539751631723756
-0.19333779107614602
-0.19402083581724378
0.9467246434014179
0.6142792375829865
0.02915643397995487
1.36849459383678
0.7431394047094994
-0.9774512939085207
1.5812144147485019
1.140157252623406
-1.2848488695914757
0.8257855482423613
1.762703571623638
-0.9192877477919202
0.12270136213851905
2.396179547253162
-0.2922250243452721
0.5518251509208798
1.606315369298341
0.42591368246273564
0.8768797399255835
0.9263919519223947
1.1717141555110449
0.004737486439825429
0.7081257598123251
1.758608838800967
0.8631538801305301
0.9732493065267426
2.243129087656185
1.7330960240186732
1.925976894862787
2.651198022632896
1.6590589551201669
2.8260186752146934
2.894158202475747
1.2543594459109493
2.892869700091937
1.8594391457580224
1.524406710322522
2.3928123744491074
0.936223532281417
1.363821396119223
3.3181360885982105
1.0842188959357597
0.9992445122472822
3.2706908780873833
1.971678305874604
0.5924788530839659
2.7455056181294815
1.9893351967426662
-0.17504559213007073
1.9185354974544389
1.3948924035775
-0.4395897988781096
1.6390753341797473
1.5213526036660985
0.7792416637437697
0.9260372180727794
1.3140031821352793
1.6364754660364307
0.7366494041926253
0.49399411386880837
2.2822874926752954
-0.1194222208197452
0.3739976427472076
1.811096058718592
0.08421497477018657
0.9057584918110262
0.9713876768832705
-0.5747942907823285
1.6580777331526124
1.0398317441957223
-1.2346534358416419
1.1208278078370701
0.3678136008770004
-0.5983907235418426
1.0172837401558723
-0.5282918274407328
0.2312092203206186
0.6538986401538753
-0.2926016919210626
0.6538775845209045
0.21728885104547543
0.41785996754308435
1.4233129543385024
-0.44982387317582784
0.905793205816081
1.6811494549079908
-1.2232252007656657
1.5355138261206787
1.2400755343964631
-1.1167671171863056
2.420668554095074
0.33665525783721234
-1.349027926065913
2.3207755405155814
1.0073481680299152
-1.8610012868471124
1.8377245418077264
1.6333472611956763
-2.120031652630565
1.0392488073886725
2.1531742233508204
-2.629762312896151
0.32823710215630875
1.8416408450420056
-2.573469645056209
-0.647786749994524
0.9966369062110307
-3.0608248364277
-0.7954624220469447
0.6922622905355252
-2.5330890145587794
0.0029705186868352836
1.525325580234521
-1.9055758127538802
0.05887795956184501
2.3759047906285007
-1.6908685260775924
0.5928887582920145
2.631856389723555
-0.9303167344748541
1.192978267078982
2.1736042249108487
-0.05203393973144724
1.4397963346921805
1.3882728769107955
-0.25261341403025006
1.9975624564096273
1.6465345044289685
0.717835993173884
1.7977393977385712
1.7669310716702844
1.6931675363791152
1.561911524811738
1.3288558776189996
2.372034920461846
0.8730421488421354
2.242542240183047
2.1198986472299204
0.8050101711930344
2.500544445932264
1.3600829644034114
0.4204281536593218
3.2908274126584156
1.1745663960514718
-0.04077957428768716
3.315321875868381
0.4549019162291247
-0.6908180622768002
2.6469275217686676
-0.18304857288300896
-0.6183053940540311
2.7984886972527923
-0.9276720307890793
-0.07220266354019272
2.439079036391268
-1.8205448651270508
-0.4306992741552718
1.6372403177744754
-1.5776270965054595
-0.8844473682402882
0.871820668545005
-1.415209829466479
-1.7434218733613098
0.2741862968642523
-1.0356150927898835
-2.40157594721883
-0.17825855790174744
-0.30287734844426795
-1.9659545804605218
0.2987543303966749
0.49131410929697744
-1.512900645467299
1.1191641659656832
1.1080595253930867
-0.9557562261318686
0.8493546989019987
1.5403612901710368
-1.812699135596188
0.6692302572156323
0.7539542570497882
-2.261589947542482
1.5220148840378411
0.027370054495081283
-2.032467376772786
2.179126641107148
-0.4985811216479237
-2.559628741921101
1.9420845482788345
-0.28254026403714055
-3.565937814295051
1.1838410877849326
0.18364674114669635
-3.9904939346585553
1.2581683651776185
1.0869873746534768
-3.614848990876049
1.366046630849687
0.2947913199917913
-3.0647276356461544
1.0158748993990916
-0.571862451420663
-3.396687359975487
1.162460714712871
-0.8275943243330703
-2.438370829642906
0.8703758728206615
-0.5485406699055408
-1.8215667114117255
0.4232600043689321
-0.22074907705214977
-2.67240876587424
0.44320569199873
0.556288639399207
-3.447387080224086
0.5768782656876186
1.4393057951569865
-2.984737718507289
1.5286367144401989
1.271095713712482
-2.67902647866571
1.6687536699285799
1.0570092134658715
-1.6807078491964134
1.732426579881864
0.4404323432800146
-0.8985299561125842
1.5590823956393267
-0.6517104896441078
-0.8170868467292766
0.917024415513008
-0.1931007784794539
-0.6168193309700704
0.954030276554683
-0.6546639959567944
0.058086421324156715
1.5544183980414745
-0.005711784693137273
-0.09924573475104706
2.4899661866678002
0.6600868198924945
-0.19419387937771432
2.7876464746079948
1.2609572535699354
-0.7904957501611876
2.9295085631559776
2.2452826467450064
-1.1632192086712414
2.1094797107674386
2.6553195988108453
-0.6775229045642468
2.529839107938803
2.956279964782458
0.19396121835436755
1.9882345177636866
3.335260675564316
0.9021157740544756
1.5664105819184055
3.1335750672577793
-0.0205806433839919
1.0760346609030922
2.7019297894666923
-0.8002259414398769
1.5486986128938716
1.8509314484431445
-1.2540159154884658
2.4121740565891177
1.6013962957151624
-1.7643107646858303
2.5999676794697946
0.6081951093040019
-1.5091542479288431
2.2902629473801692
-0.41012297535178005
-1.6941877765927207
1.8921925377496551
-1.2214834366939045
-1.8736196745253728
1.5575784516753612
-2.2833618701989917
-1.6854386675139281
0.7018300730389021
-2.0794923143527284
-0.8704759088200934
0.4551148776560845
-1.5974818946105103
-0.16120439375059045
-0.2895741219102652
-2.255213210773247
0.04226210969860818
0.0497961465826402
-3.1331319047743134
-0.42086385347231936
0.1564613420258926
-2.791727128061327
-1.391929982768213
0.08605258528579673
-2.026703337323683
-1.9264232600637907
-0.3510099492796659
-1.127512543441829
-1.4651431082967694
-1.0442671720112973
-0.5596149089912371
-1.1623563196552928
-1.1074151853475744
-1.5537383034687615
-1.2991711241365564
-0.6966061207800491
-2.4783206395437456
-1.7299714422308141
-0.8458313879812643
-2.9664751648305434
-0.8482202981462618
-0.1913312375753436
-2.0376161835398556
-1.0526157378974705
-0.2486016200184574
-1.2139371327845776
-0.5540930203735565
0.6476283979399583
-1.0625387171556668
-0.888287999641354
-0.24284526384764898
-0.4042570251780628
-0.9081696395430587
0.07860294979406676
-0.23421642604560933
-0.15969434067844382
-0.3327644168391122
0.6153129842248507
0.24273135351197525
-0.8834319760780269
0.025413394991854008
-0.47461009057812265
-0.661704009654625
-0.82680034827485
0.2816388013523578
-1.2969684979864364
-1.599303225391939
0.6111610815142409
-2.443400042376839
-1.1629102725072697
0.4783771656641384
-2.5600376111109613
-0.3241234579511876
0.8271352866374393
-2.0891634594573882
0.47773899254184715
0.9931217140122974
-1.7129009721621817
0.7764336123371467
1.7283450932433653
-2.56165712477313
1.1029949399118533
1.7800636461084376
-2.554439789620898
0.11025540592120271
1.8111158111282362
-2.494580848711273
-0.9073986937348686
1.9686490397361618
-1.781640332027077
-1.2763859303745306
1.2816216252783743
-1.5706057058091003
-2.3432823033424066
1.1407857143686617
-1.2477178501825001
-2.4663271931955357
0.25851828069867067
-2.052213467129748
-2.996613794123176
0.6167275489006189
-2.636850705174387
-2.2385886054216964
0.7477392368194241
-2.8073164650239355
-2.3192429012282663
-0.26824765490931785
-3.182501249739688
-1.5402756350048286
-0.7883178699186049
-2.628426830057981
-1.067375413200689
-1.5128101414706967
-1.773841654715412
-0.8218414344465444
-2.070664285443258
-1.9631615237358921
-1.784164811437601
-1.9362306587533553
-1.6473099664077413
-2.581415290260139
-1.3179855352381764
-1.3042454504610825
-1.9677734435870176
-0.5939314141140513
-1.7750433369949774
-1.9519744574911464
-0.06542788011509461
-1.8994160103213458
-2.7188669972515
-0.43015168676066756
-2.0662546773827044
-1.8693012456459428
-0.8632002441168246
-1.3926926595068432
-1.204989451789932
-0.49342671054781634
-1.7098004221118193
-0.6797705984279528
0.5762372437946315
-1.8178224295423304
-0.17253618510449753
-0.3386547944355464
-1.683120170892098
0.7186152533816201
-0.5017338979914465
-2.3007171844176684
1.3379825743440072
-1.0975669553165233
-1.7102753286304329
0.6309095455682454
-1.4882614127690423
-2.714354679786726
0.4820412671659878
-1.3967679509241404
-3.1013057760431693
-0.28826075781956245
-1.8939109833211925
-3.0440306775180996
-0.3882172889501832
-0.9253254858537342
-2.37707257969906
-1.0073505493688575
-0.5413801927250149
-2.2085161289367083
-0.24543208919283793
-1.1914282870380968
-2.1729052210940463
0.12115268126027806
-2.144373534917067
-2.3099669928754625
1.1263764180651485
-2.068985902447107
-1.7303444187962518
1.9440670189987574
-1.7033777701831825
-1.4564414993087382
2.897851825139059
-1.9060762227365935
-0.9849003465761883
3.360545598749926
-1.0688930438037472
-0.7084335904079903
3.1162102693732687
-0.09522227165068026
-0.5833102367896891
3.0139351005108743
0.8722877507632301
0.36583226742295083
2.68087056542669
1.053561025240033
-0.40261151559291075
2.324881490550702
1.6672604903110386
-1.1651748072701615
1.678259446084147
1.6937355633543907
-1.0117842893733935
2.2928055623122865
2.4338114359307297
-1.3366284406609275
2.6321346660189517
1.5012899163374105
-1.4911066439943932
2.9080378417287815
0.5021362733176489
-1.5388390737843889
2.7113487030249064
-0.5083020141281331
-0.9375638328225925
2.235627354411739
-1.2223844040570782
0.12088206211541855
2.576121729701638
-1.0779080142346384
-0.3617940636054406
1.9142132238939669
-0.6534460359429567
0.6251589897674824
1.8811058904075846
-0.52963362612221
0.21756564105707107
1.388021739673088
0.19067618073379783
-0.14007603201183155
2.4229477143212916
0.29371699888265007
-1.1729958707786878
2.0727291002508945
0.10029508264907326
-1.4847072216432982
1.817622741784095
-0.7635279403040988
-0.9169512562352561
1.411635491948148
-1.5759767608113933
-0.3453957923053289
0.7145814495575425
-2.242267415002684
-1.219348109695441
0.02216339566828371
-2.0963971413310922
-0.6536002141166403
0.4871327147319382
-1.242306146577227
-0.03882328405367388
1.1970196473696688
-1.1597747337227753
-0.18905054842901292
1.9762291132717391
-1.853831420553854
-0.3812371069824919
2.9597908532675947
-1.9659245238117575
