0.4301048432935649
-0.9793175921999154
-0.3920858440416517
0.9273461842369203
-0.29425815150608775
0.15633931970958556
-0.057169525302734725
-0.4164791717456133
0.27020684888408014
-0.5008417031238697
0.3148698658980056
0.7999100357732446
-0.42014662400782266
1.1711611002948934
0.2834580677194871
0.32417689601987554
0.5049394500521145
0.2728770935828811
0.31872688459960996
-0.004404938876129349
-0.577038764035415
-0.5476745091048114
0.3069168917147942
-0.1979017257814507
-0.4745224466107354
-0.6034274536320613
-0.6157650318107609
