0.10077767421765128
1.351243507016199
-0.34973828358283243
0.8100281783010891
0.6488737026980815
-0.5852650758337421
1.037333441399956
0.2905116507588698
-1.4924480340148452
0.06681802078551581
0.5094928731299683
-1.2982458354817683
-0.4889109286402097
-0.279837035359863
-0.9579442090300626
-0.10258552329660005
0.30112937847293386
-0.2855743663475454
0.48703732640268116
-0.29072678530008966
-0.8361475015518907
-0.07593066729748957
-0.6166958702003673
-0.11253349307427529
-0.22378680516809973
-1.4793031758328452
0.4448879594006132
-1.0707296620058784
-1.0905980000170539
0.08645636804807104
-0.8940697976872787
-0.09816773529350781
0.11620398074541209
-0.6387177167278112
-0.6637501841722931
0.8937982342449592
-0.9490464752306645
0.2924952074634203
1.0188089062195445
-0.4588016588713911
0.9443197615512443
0.41561594572745114
0.5413438819220294
0.8491879962011035
0.3652335036130929
0.7844003115473942
-0.11123493641526515
0.016283949004892547
0.3847946259636431
-0.7859687775770199
0.7863894020477071
-0.14527949857377145
0.08481629847224992
0.651919221173433
0.8353252729592311
0.14421212440422007
1.1222993286917635
