1.97676145395108
-0.7930485992936251
0.055341838349897865
1.1436235098960552
-1.4419772941065638
-0.19038276151500189
1.5498405089205767
-0.6493571417287923
-0.9088699901628454
0.7923984594307729
-0.5747112357784491
-1.470585428090243
0.934433437486686
0.1999197730049764
-0.9357518680643961
0.4433937939145784
1.0119155103436386
-1.1266303119370973
-0.3204444416590549
1.644007593232606
-1.2142675925301913
-1.0965046398711253
1.671085710100858
-0.5874080335564155
-1.1428114449843176
1.113440358269521
-1.3973845161755767
-0.39282981067179296
0.4160796022253115
-1.389668705115977
-1.1250691571620302
-0.17355436298340382
-1.5668818064656116
-0.33981844666901895
-0.5143854398310993
-1.255658060795198
0.05505235384719101
-0.04853319916316603
-0.6891840032870479
-0.8564740051332735
-0.016384427877880234
-0.7094348991752955
-1.10783832323
-0.9850543819233981
-1.0945492149547529
-2.0416890094316003
-1.177711293049784
-0.7971691528476316
-1.7830876596970502
-0.2238653665342318
-0.7952544980898857
-1.4399446826959177
0.7367782578368247
-0.523209732608773
-0.5613226350621431
0.9640203660614405
-0.5901515441119485
0.6939238859385188
0.7595779169809106
-0.15599402991216693
0.21728805411942265
1.634833437250471
-0.4099176402445985
0.4887019255577723
1.3955299949075917
0.5346762216499846
-0.29524815206133787
0.6968733219907288
0.5102608991811163
0.18484082549473585
0.9329183642382924
1.192272796994493
0.9101145540582853
0.6412060101518378
1.8860411437781437
1.5254416719381216
0.056298648569084384
1.4230650299644474
1.1228350884782101
-0.4560880274419879
0.7549859935801806
0.9201421135257358
0.4826649108427743
0.7540340862930349
1.4323374009009862
0.1757607545962523
-0.07547340890302494
0.6355488906037668
-0.5092173331066496
-0.23374714873064456
0.3591401046141608
-1.3465449680267982
-0.7252458220407523
0.6267104842594534
-2.186562641560592
-0.3768414204170835
0.9553249798971297
-2.0063137560441313
0.5619065260389509
0.6010232603308874
-1.164319437904483
1.1186362250835873
0.6170792624219247
-0.2756987247224194
1.3877869361061483
0.2529094956190434
-0.18502805625854693
0.4735455210177955
-0.2131979759278851
-0.75946814721411
-0.15733711314083854
-1.315152165478802
-0.9116694252521615
-0.17964733462850516
-0.5731857732946001
-1.617073504009566
-0.4601119868183818
0.16915651860493774
-1.5479768287421856
0.13081599092905874
-0.3589443088866578
-0.8633955863347634
0.8015647283249167
-0.9016387854048553
-0.08792128172651889
0.4330973381335897
-0.4704624004886359
0.028467760557987734
1.1137153516031497
-0.10040584069531062
0.32861927546692005
2.135004378826056
-0.3250446801022559
1.3372991019389373
2.0378407665771117
-0.22691924412215891
1.784655068529377
1.135909789813921
-0.8337714144942502
0.9937518184111152
1.224071474557649
-0.7862170365859366
1.5101569051078019
0.3521849875167209
