-0.6204916080431231
0.17100123778023163
-0.6397470243849142
-0.7798169974398168
0.7972610366383537
0.15960194663856397
-1.3374030205696106
1.411199157689699
-0.1774121362422522
-2.322181628952804
1.4079512219985235
-0.6336546351517225
-2.603479031782814
2.380465768575677
-0.8282355178985538
-2.4399620194977256
1.7608640110855744
-1.5864933392055969
-1.6176760837735915
1.9743871454820723
-1.0485800835794532
-1.7814489221354712
2.99256180756341
-0.8481600760638024
-1.917164078050211
2.378785190107299
-0.08182779334124102
-2.3153045618722015
1.458633971925547
0.434661511946306
-1.4604632332132128
1.1439900037204043
0.8468620940156654
-0.5959601079481088
0.8066120288414351
0.9989296318711729
-0.5974069831543605
1.5476512245618412
0.4359956222381378
0.2696993679405833
2.1299304814543625
0.2928948497541987
0.7973820144912094
1.3157347642762738
0.7526998192867739
1.3361119420991097
0.4464478864423128
0.9922474947067013
1.2019106418687093
-0.436024892162165
1.4063863589355348
0.773440692871433
-1.0477019403286478
0.8976746083661652
0.4237413911312354
-0.784574487843434
-0.09388005554078871
1.1846654297226444
-1.2471139831271016
-0.4648329472477837
0.3547497947591026
-1.7534954610444682
-0.5008375854468775
0.06767784469942797
-1.7879037889392688
0.45550319757758023
1.0559424202892953
-1.7810629093030392
0.33114445114290625
1.5847124515119408
-1.2834928048683991
1.302667006259796
1.6231360933789953
-1.0263512013824627
2.1029845256943815
1.598934745978624
-2.0029614617328657
1.9637551820799966
1.4269781832345987
-2.991794546925827
1.7541765591697966
0.762778102249856
-2.4983558742345555
2.1545887440457965
0.47869549688569096
-3.036401817010184
1.4152873042618423
0.48960414743901
-2.555880586831382
0.538960997618312
1.0242715340194686
-2.245883582616027
1.268960899768759
1.926380395965124
-2.2086009534461843
0.7414544461899285
1.9061694627378676
-1.2126842114682153
0.17023877163072046
1.967488405804118
-0.38031144887026497
0.8476935027936329
2.3893912079184036
0.2644967775138181
0.15062517185131555
2.7187522598488147
-0.15445250740304675
-0.7595538799340199
2.5560622726880986
0.9450673145897698
-0.6965125227531461
3.060894972790534
1.6686269722114762
-0.36072890034974725
2.4517223418474603
1.780071913567472
-1.128436703658298
1.7446392617950468
1.4465225530924009
-0.5392248212333034
0.7055407325545366
1.385961809615374
-0.224945848041662
1.0746237371854503
2.308813081171488
-0.4233274445284965
0.7909836443354107
2.629347190440901
-1.3788043161892518
1.7474767440923538
2.5161931539778464
-1.1189611190184863
2.2470530021694364
2.2278345197744045
-0.2516389483598347
2.315088779520538
1.3186323138453893
0.18420034046153028
1.5534182821116946
1.8430704674189784
0.32310819419473524
1.4220458286876523
0.8746179771582849
0.018046036301651754
0.9884195050375622
0.7528900782631259
-0.884360567937375
0.0509640695176476
0.7029680743631471
-0.7378638579858766
0.643430676800247
0.11571587059996492
-0.3139848506548306
0.6013768436348111
-0.1727246918388918
0.6606660525533827
-0.29845945791514117
-0.6091255068131336
0.6518344563791545
-0.6126811406156154
-0.709415568360561
-0.2954624730168827
-0.6415055496957744
-1.7141234953926237
-0.32535306310900625
-0.22447293694264625
-1.2858974395484997
-1.1132059259616567
0.06946385591783852
-0.20999648181462996
-0.8233314917783899
0.985700603959861
-0.32479678272396567
-0.9217442568557057
1.293128465722646
-0.4016244472049107
-0.07549034300622193
1.71839975928044
0.23652997751843488
-0.7049681462393603
1.8855842433729666
0.9917732622598975
-1.422142049928249
1.113095752171216
1.8322327022921976
-1.1860630391918412
0.2250362428850357
2.050074338128219
-0.8544818310498733
0.4993691206981606
1.1036177219339036
-1.647162499924191
-0.16325069853677274
0.29892672715292645
-1.6377684539754143
-0.9116429916653674
-0.37118924196032616
-1.360704640300183
0.2521916842006472
-0.5960601213680747
-1.8849005321601235
1.0542848763517518
-1.2052156651783172
-1.5638465243724762
1.96151956873692
-0.4934775405278491
-1.3492976244260173
1.2971676145252857
0.2785891747230047
-1.702914071705838
1.2514732652308747
1.094279784102771
-2.209829926098004
0.7606787275328651
1.940548464331569
-2.119569237209608
-0.09660636489175456
2.1880984596454427
-1.7420592308432206
-0.6350715400413925
1.2989526121383197
-1.6293109534183028
-1.1115613228418626
0.46123159786524476
-1.770269279764268
-1.5196909432247308
1.3821557109925722
-1.8593274913754603
-2.2007290746443604
0.8024460585226733
-1.4060003175194165
-1.7303896934540166
0.01540335143014351
-0.9809553737381344
-1.3895785490461696
-0.2111393764780388
0.07572126288575404
-1.5773287962553184
-0.8389440343261644
-0.5389259449648743
-1.1916083756512306
-1.4141713962612728
-1.1480520279866036
-1.9859343907802922
-1.7913472316274568
-0.6249832154256003
-2.705190137538888
-1.050189292798334
-0.5610787720715935
-2.629100700057231
0.07868532757598516
-0.558619864879989
-1.965829874759926
0.7241969573661684
-0.13038221295962046
-1.3329078891196524
1.1276386698935759
-1.0098370748553405
-0.5453695321236766
1.3221970660106113
-0.4584645161566567
0.011920032580659132
0.9064374286561275
0.26324937578602897
-0.34353192669932014
0.018113859898384325
0.21112421466940087
-1.0124161803734404
-0.10800654538382892
0.9547287972251777
-1.3322393871362743
-0.2513477561701049
1.9077104868792771
-1.2693495204088763
-1.2165026913890775
2.285093719403378
-0.8331312236282206
-1.936594389711758
1.6983292129192094
-0.8980692832769027
-1.7343632956087371
0.6865683351893709
-1.792566950985176
-1.392482822235679
0.34276765876147763
-2.1833536525802817
-0.4349232877908941
0.25371297847318747
-2.7752445763938014
-1.192208224567784
0.45893591964010755
-2.7309314823100292
-0.35361410278751293
0.9958971331419887
-1.9609701994799587
0.1856528821674728
0.8206454363696289
-1.863131996676449
-0.7306801829731225
1.0423359739650095
-0.7857991397604334
-0.9752967514208816
1.3451940752511367
-0.06730154925172493
-0.23155758299173737
1.4104577195721533
0.4755180590486935
-0.3749408316198505
2.1488316454278635
-0.4349139888279015
-0.6209922263167804
2.191540726199169
0.1359403101252774
-0.9653389130704447
1.485000954586937
0.8343713395143433
-1.4690365528005773
1.816726210911481
-0.07704678507265074
-1.8259268218314313
2.359763066042048
0.051849476510980985
-2.177049799886137
1.2867071983227587
-0.6681181646247702
-2.650475147247646
1.0641650402946596
-0.30726347625969924
-2.7662644407880106
1.9794504613639157
