0.9275334810679594
-0.3796216996658658
-2.041322769038334
0.9839847537794331
0.6199044508754648
-1.5262745250432983
0.44223255280812235
0.5641574284870845
-0.9253111092833287
0.9757129843824558
-0.26116165609224856
-1.1260860921293994
0.7959642761339899
-1.2523329266001355
-1.0034210787014537
0.1111647592476118
-0.7981539452925207
-1.633092143509167
-0.7335955280631907
-0.2527614621561119
-1.3600034430234393
-1.0207580365295363
-1.2208928916165804
-1.3695239959747538
-0.1691175642417992
-1.325737083206856
-0.8217017330049694
-0.051440178090537456
-0.3609066448355567
-0.7971805464627392
0.06575708545251148
0.14068007686552453
-1.634840352835595
0.504354939103505
0.503900261557045
-2.5260901094267187
1.611848470993372
0.37238225302630085
-2.4534687813211535
1.7687176541414504
0.020861027146304965
-1.5311207491005452
1.382057043623792
0.518096388937657
-0.7551171455365012
0.831892640583376
-0.009984324165613036
-0.09579717302886308
0.9222237069709246
1.085786552528485
-0.09262456798683125
0.9594761891275914
1.3774845315877182
-0.9856742851792303
0.022712830290212926
1.4274031933349454
-0.5851183762022762
-0.5888327971644379
0.49483709575824714
-0.6832255105415656
-1.2405595812789216
0.07984021893739894
-0.01049353600178931
-1.375961169490401
-0.8497693564152367
0.36085393419086453
-0.8622268172107457
-0.7577974290134043
-0.5237665890554333
-0.3385540532378361
-0.19320776114965268
0.1463036668746066
0.5352848710412033
-0.36663411319803113
0.8253896975136743
0.7236239043754724
0.5320078673742626
0.7518765072657696
-0.01997687661517995
0.6614753189415336
0.19048869313970615
-0.1191568205118342
0.2592565540729828
0.9561589735304354
-0.04399962861163019
-0.5674678704251165
1.519464968336841
-0.407512269179682
-1.0462026709630496
0.7007435812652785
0.3811112596723671
-1.0122111457538898
-0.15921476142678764
1.3411330359406755
-0.8529667248866468
-0.26954130990884034
1.7699872825613536
-0.07555320124310554
0.1337347780953968
1.409463450031923
-0.14349286419232174
1.0561224098146011
0.8873158890376904
-0.8371165542833027
1.5598432019261872
0.6212832387547222
0.12530895467926562
1.6513217378687919
-0.18184721036990473
0.3638176966944988
2.048339972816221
-1.024903503741462
-0.2124997356497952
1.9443527624336516
-0.9278114190899334
-1.0993402380696067
1.4918589762336858
-1.7307446082852385
-0.6252139079369555
1.4198458514785532
-0.9244030754463811
-0.32547467287233856
0.8842638523796937
-0.936656853105597
0.7643822043338181
1.5661545202549536
-0.956758836550361
1.6100516915456298
1.077880558944284
-0.018203951213284122
1.220569780141002
0.9072813412227888
-0.8571963350658384
0.8148765312851534
0.4271391986578111
-1.7320877596588824
0.9731409017012536
0.9346913596628265
-1.8829317582786285
-0.008254442076394301
0.6933102957069015
-1.8295996680904596
0.3045343419486272
1.6625898441094364
