2.9455765991865066
1.246032688055317
1.0338449366361961
2.5207187947284466
1.3661630086070504
1.8232451439414985
1.8819971702337561
1.5438723270722758
2.526094201451976
0.987843336711398
1.366645301849128
2.8313959443500356
0.503022359077282
0.5843344516971709
2.6133583873579584
-0.28384462880293965
0.7251005312395523
2.1525398701495146
0.4949599145246622
0.40333808087047757
1.694613067771305
1.3233331824005772
0.7724020656633318
2.082785585132241
2.1115881573875313
0.6618982386901648
1.2762812944805062
1.132188478898046
1.2030368326549834
1.2744259507488371
1.6401464433397157
0.715877372164586
0.40968074119998205
1.8348177043785996
-0.20781073468130135
0.8646676518167886
1.5878237635011305
-1.214378191168185
1.1375206654653691
0.7111227417381829
-1.7034865506949357
0.8634324142611476
-0.005949765087242195
-2.3503607503424058
0.40325443135681743
-0.8383457815376643
-1.8658901139177992
-0.13452922727675756
-1.7363241383696262
-2.1729663424513994
-0.44281973769248545
-1.610996998181517
-2.490196126243346
-1.3730455021795496
-2.214789348980209
-1.7674043588490211
-1.1950812748250677
-2.5413455914012704
-1.5463966410830476
-0.35103839269680315
-2.100206027651476
-1.0044509046633878
0.325522127966833
-1.283554037398382
-1.5470398272955894
0.7159798404890478
-0.7600122664409882
-0.6985646828586272
0.6551531333035454
-1.520640778237429
-0.5757362993707438
1.0769651233530348
-0.8620588368468712
-0.02702208984744965
1.5199972723361006
-0.3185267439218683
0.17663422065145443
0.5817248359736823
-1.339312772963167
0.07691766162910185
0.3187390411627207
-1.1371826952740305
-0.9754190494343972
-0.3521720025087582
-0.5331784283165828
-0.20375676378327148
-0.4658866324858359
-1.573284173894598
0.20347654055716785
-0.63519292168251
-0.8706486174823401
0.796996110208316
-0.21890746640025102
-0.29715746094174283
1.6690921968142367
-0.45735851230255753
-0.8147772886390285
1.5781753625214263
0.46886598495825776
-0.7909706781507125
1.0235440959731332
1.2694692139163308
0.033154641005952244
1.345873422268845
1.1158023754757687
0.5268880033606185
1.1364030586042055
2.058926733504828
-0.03848872374055298
1.3818437743990797
2.7956199011138727
-0.49146231018239533
1.6284288691430018
1.9473514280098223
0.2467460788204535
2.2980239835430907
1.517291663202701
0.029107657947259787
2.200605236204284
0.6003372202144366
0.7722653724977725
1.5942889528266198
0.3831081894774477
0.9078243789905969
2.554461195226057
0.30750094696600183
1.2131421630995702
2.1748122649941872
1.1573796462022774
1.3536306833432559
2.9717560608558977
1.779408715727669
1.1590798514527314
2.0885871972885037
2.20411939899609
1.9896443170619194
2.212377351357363
1.7524754690900348
1.9651493467567127
1.620294513448737
0.9380599223139607
1.8980894599538418
2.4792541797506638
0.5164145108633994
1.5869733173824188
2.530563109369902
-0.4541244154950685
0.7353133082276132
1.9845156936226835
-0.46465345951318016
1.6560895012922312
1.4586590114369051
-0.05229275050998273
2.393424775213342
0.7679209143947904
0.1865691452042737
2.18879121662704
-0.16347011479825932
-0.06970729530916345
1.245390586328114
-0.027988367213154085
0.16369845292316437
1.8423680527336048
0.6123071054626231
-0.47414940132004546
1.2973761389620593
0.9926902203987287
-1.3684281242473666
1.0126768299488658
0.15214262935670045
-0.8956685908942472
0.24071571706255138
0.3257876352896132
-0.18844827526945715
0.8340285894986463
1.0343132694903225
-0.3761378795770493
0.40339080738768984
1.4021739843065895
-1.248842496924102
-0.14371239212196804
0.6078384790059717
-0.8749508456069117
0.11165592160757448
0.9942007501843597
0.16695618572159096
0.4949361239073566
0.3883196092155356
0.6783409675980965
0.2104935477000684
-0.45976931733288373
0.46774765902632887
1.027889627033592
-1.0045605287580663
0.19523219751979012
0.9062737435063456
-0.42673833434100955
1.1237306600450967
-0.10845901149351986
-0.5451537835252076
1.3044198405121994
-0.33004007447697165
-1.4921095149774353
1.050013997090701
0.15809295417427585
-1.265209695932425
0.05378578442202112
0.45290633082102666
-0.725445404959212
-0.509965285095674
-0.19986340198950928
-0.13969837143823327
-1.0832892835631744
-1.1659390935900191
-0.48035779068151513
-1.0805358824127367
-1.2391559177519311
-1.5912030578096676
-0.9495954441272079
-0.7710060774000633
-2.496758194930935
-0.8415974978520161
-1.5449312487242002
-3.118062802078949
-0.6637088438000576
-2.419379816648226
-2.685972353568196
-0.9357489490019872
-3.1558849557256394
-1.9877231025825683
-0.9993692561589761
-2.8893315452856148
-1.0458621282263845
-1.173116005314055
-2.855912597196658
-0.6074452330792944
-2.0626177446999137
-1.9847095546858011
-0.7816540118226246
-1.6098944111481281
-2.0399076283935846
-0.6291875202578613
-0.608182632418561
-2.57864472349554
-0.06840061844121903
-1.2715485177231323
-1.7206941054194242
0.15404956394936983
-1.6222700802220005
-1.2252973194037198
0.9718334327280942
-1.18614461390235
-0.6300230332977325
0.330443784347909
-1.6803521492720725
-1.0037404084184123
-0.4650586290027893
-2.252624062964841
-0.793594910345253
-1.415873656230407
-2.574564484416278
-0.6751464557406305
-2.1420451494956256
-1.8946883999039221
-1.5362624828822906
-1.629128398845436
-2.0511074816887658
-0.6981013963824496
-1.1912588145095313
-1.7497011803837483
0.05387255179448323
-1.6500941430446836
-2.1208570769423836
0.37942024954717185
-1.1365272680452128
-1.518960359102656
-0.3789908451703959
-1.152970988529797
-0.5890224907086408
0.013775593962591601
-1.931020483406114
-1.1605234814425205
0.8479850685232487
-1.5575049606242404
-0.5605487382993272
1.4566012486595268
-0.7709281041816053
-0.6172815198028709
1.3165388133323004
-1.2470807672834663
-1.4355642497570174
0.988228054773936
-0.35828805208660813
-1.7492749972679438
0.457699723305315
0.4892898111225705
-1.5872793291460285
-0.030981905226795795
-0.2561670617856051
-2.1504782175449737
