0.3949294756154927
-0.5461098126113717
-1.6376189014602727
0.3249960876006592
-1.3984010407446739
-1.03291532739768
-0.4853324897989324
-1.3469413221187276
-0.33457020981795593
-0.4233882045921204
-0.5909342816042122
0.2940541076555273
0.5141877406794535
-0.6178902715613989
0.7955268056571598
0.4897524758300884
-0.8629106959667437
-0.022836889846171344
0.33187162258237657
0.10384860478374562
0.1325199777593209
0.7806059930618516
-0.1937603901506419
-0.684715351710706
1.1607325766832468
-0.1885306657546847
0.14916999419968058
0.8968004011493157
0.6797950565437404
-0.3605962923649047
0.07071066011647231
0.44182443606955113
-0.9469966490891877
-0.22003922496937114
-0.39518333098987857
-0.7888507238909277
-0.8272443086766039
0.05720165796292325
-1.1918060497825593
-1.0865011136597504
-0.5610092785984059
-0.4470088063752391
-0.6570405027295013
0.27591460820681957
-0.29105086805607533
-0.002578875548550579
1.1052583646724272
-0.1954412741422635
-0.3350472379388013
0.8675254059843577
0.695070923791487
-0.9991478625976734
0.10353681153905095
0.727111241284413
-0.5923334486252937
0.4829513553670589
1.5593835023278833
-0.3770254982400898
-0.43664133634575103
1.2858201858344946
0.3258667416516985
0.2889434324841189
1.192026807870111
0.6594676334951657
0.9698075458824698
0.5444813614965365
0.05575735891088447
1.7617051469502318
0.5592424360573142
