-0.35304614933356515
-1.489917291854789
-2.4314844002026073
-0.42271314364973617
-0.9529845429396305
-3.283259710706557
-1.2677267825674676
-1.1688039814241564
-2.822540558361636
-1.0945685190725474
-1.145875695452714
-1.6244798093508814
-0.36538775697885323
-1.5813322902405569
-1.0241142155544525
0.11271469649819865
-0.7294129772032945
-1.374277730408329
0.29842659364024504
-1.5129070810920726
-1.6185746145394555
1.2472229537548196
-1.4584955420451178
-1.3257544429174528
0.6326309021793906
-1.700163608824776
-0.7709531623241414
0.4568452253145583
-0.8411934243374627
-0.4115533870730119
-0.07417846441605652
-1.4393064671436826
-0.14367621279647722
0.18309022133553662
-1.3223043010889732
1.022445846022581
-0.72465022229138
-0.9238237620504929
1.096146023407855
-1.0115753204917277
-0.36459404307801774
0.35935302752351794
-1.0707163400345574
0.3121168093712186
-0.5482321804681612
-2.007543030962529
0.5492618142241004
-0.2240281310238096
-1.1712322424784314
0.5228411336873996
0.34366978952832006
-0.3610796638316333
0.8702007753590152
-0.26307300154916413
0.2563259938122481
0.11150830322192957
-0.22654063208171682
0.9955174903547981
0.45931559518028503
-0.7575705724817193
0.7923869820508768
0.9002981614828854
-0.06453315272764744
0.18623849398592077
0.8736698989686248
0.6810536632672037
0.04793161349361442
0.4956473926174908
1.747862256199928
0.1232555992915549
0.36997458729193183
2.711138492727976
0.8381053677849396
0.8352830813436652
3.192213994259321
-0.12426626603514214
1.061038998027822
3.381785266437489
-0.8440950960390239
1.561940497986107
2.7790143375546714
-1.2178551672663653
1.3942496053236013
1.7816074956075256
-0.5909758521644307
0.9824744833693217
1.1800393993823866
-0.618116600607536
0.1858224138638197
0.9438224814080949
-1.1726763594923235
0.3395074676267391
1.3956547977111566
-0.7461581383770758
0.6093051834206438
2.278113927328686
-0.8123252505708163
-0.2823852124267196
1.9942656887391603
-1.5237428342199757
-1.0300257412492917
1.810626592322653
-1.3094578212924681
-1.7849007916484096
1.1256328186403248
-0.9967173811873462
-1.337059738446945
0.22845117962112887
-1.75733305211063
-0.8503955193133522
0.8483976782091549
-2.205400090310621
-0.1779192079275912
1.4312179135403864
-2.1028989877490414
0.9804525730329005
1.7498429350036029
-2.611806719015964
1.393334389977103
0.9940323084778253
-2.6404531146306764
1.1498923729838784
0.0064905572433863815
-2.3781238056062137
2.1482507510968833
-0.24270608539633473
-1.66194867840904
2.0625224700558196
-0.9672911500209066
-1.534894957526773
1.4280293337193541
-1.738748730600653
-0.6377676684752677
0.8549924761661986
-1.6261875641170158
-0.8057661658766508
0.424967620799233
-2.204609090800503
-1.5462773778102819
0.4398281182682805
-1.4323472312046186
-2.1218218700912654
1.1634527385765532
-0.9038768180237935
-1.7641272528670482
1.416097635019823
-0.1307178554436907
-0.8838062679287937
1.5014658813329118
0.2602011126157545
0.10177022233852778
1.7851314328310928
0.5743835366168634
-0.8530631161867991
2.057226436555509
1.017222294530479
-1.6191386968299053
1.4396666409648566
0.9975269586481029
-2.0721224972698558
0.6345628532672094
0.6463233111791744
-2.3701153091350173
-0.24650296733372867
0.3834833793933033
-1.7410787068314582
-0.6146057420361029
-0.37582249534006335
-0.6796800459536004
-0.7407486790960173
-0.4636236372264687
-0.23609657375447712
-0.9121956800378702
0.36644824838651785
0.06327461401553469
-0.6124409812990054
1.454513137741242
-0.5189081789982037
-1.2792232359784734
2.1547837863894093
-0.16993152478754758
-2.2153389134249633
2.123142576775442
0.9420138634831666
-2.22201440888378
2.367313542983465
1.1655187727247331
-1.0459216916460772
2.363637003646996
0.9682544811640816
-0.9909604044368463
1.3953377011297503
1.7069996851406977
-0.41034512823284497
1.9232160484248964
2.1206467487033853
0.3712780069484
1.3869578168313164
2.6134014501512834
0.6785907711368984
0.6296528615227278
2.7733268540168763
1.1029750926098043
1.5141686166334047
2.120082214271778
1.5190878645595174
0.9389180521984515
1.6492436747936654
2.063756651447632
1.6625125749430314
1.3244569273669506
1.6625832871930557
2.5239811910459276
1.5258206963529115
1.0892856682898266
1.6351900988281907
1.5962201303980648
0.31549964395129565
2.441585855272467
0.7729685147471634
-0.1305027370199624
2.059271202940215
0.7038136437524556
0.7940401922876738
2.122893459112436
0.32365718190160386
1.2005684732794135
1.3632534317328473
0.8321682086291721
0.4685533862758499
1.307979638881992
1.4211740756617195
-0.19645815284628726
0.8224796711583112
2.420435985506681
-0.35599106945065506
0.7017366263780309
2.0524990866655486
-1.195771992138711
1.1800414664703744
1.3897197376910506
-1.734346047435111
1.6435949292774865
0.29101591428125895
-1.3405502132053926
1.9468256625450429
0.5368945424542332
-2.1451219916711985
1.263539899174649
1.3072833894537992
-1.822518828301555
0.6462393341687206
1.2526281056210975
-1.909988545857047
-0.25259567116640863
0.7420806183789782
-2.840501927901929
-0.4120460186416836
1.270415542200551
-2.4849381493694795
-1.110728659228495
1.5963586499125106
-3.2773138764669834
-0.5656064764550578
2.098035402833054
-2.4096569856759786
-0.4251735122361141
1.3878493486599244
-2.6753580873301623
0.26716023303274267
0.5592847265480342
-2.2629390486410537
0.40255974169645514
-0.014239023507325392
-3.0310429533746595
0.3556125669281978
-0.22542622882743407
-2.760673236221541
1.286149689172132
-0.5620282703966781
-2.154293896909229
0.5903863099859186
-0.28525259335577224
-2.4972255177454374
-0.4814679777581419
0.28511227388266114
-2.393803838853902
-1.343462611106853
1.1010739629825705
-2.1828248734035327
-1.952476542654958
1.9983905868290692
-1.781366731607408
-1.8347112299926183
1.9403673893296345
-0.7883997291059325
-1.6629726908231979
1.436378991900834
-1.1837106354741
-2.2789229652828826
0.565049276758377
-1.7387368745559209
-2.7821912507709894
0.3764263952186289
-0.7005622443060144
-2.2441977283907786
-0.07095302438050034
-0.06389476384828585
-2.0912566624443505
0.857198629767204
0.14230857819508555
-2.51755987226854
0.9666082736847432
-0.3585981911021926
-1.6248173832951105
1.748892173939734
0.2224763551718244
-1.4724200267207308
1.5191950654669237
-0.5610328280995042
-0.7559570951348132
2.097941063195111
-1.396902067959942
-0.6287884907768501
1.7578908971485796
-0.9114256027858962
0.16370170659490732
0.7979731520726554
-0.9764649044000301
0.4395908764036708
0.5990191370808324
-0.09979419642185691
0.614525243756207
1.1647706708553032
0.011879088847172715
-0.004223338320610569
1.649272920660968
0.6707528326324911
0.525849684403723
0.9463463573198073
1.4358961349816526
0.7976227430666553
0.8333988034512317
1.9397836370608839
-0.025458635739703375
1.0002291492200763
2.3568536797264663
0.9398271183975111
0.7280654594858389
2.148044406742068
1.9591571205419924
0.095355708540787
1.3583667118616554
2.500561817398661
-0.37561775239991974
1.942243878055065
1.95789632995973
-1.2631302901602859
2.3651005071842617
1.8771105467296647
-0.6779549523942414
2.5257565905978203
2.666346108204087
-0.47048041276529884
2.927192203773709
1.780135326606071
-1.1989872307781462
2.9442934417568862
1.0754828778833174
-1.4763730105772135
2.296588304606178
0.38902884037517405
-0.8557947352790322
2.1954333295303745
-0.39685030772296026
-1.1204526686304177
1.2458468912068268
-0.674486034233543
-0.6890567511652037
1.9699656757684538
-1.3639710659831352
-0.18101333349951162
1.7926903515964234
-2.1898564623490633
0.02253961854412887
1.5338845346463184
-3.1738771431767034
-0.523655392508417
0.7083734815375656
-3.2073222713930636
-1.4521570571021571
0.7357070939516939
-3.267601518826122
-2.022652057164673
-0.051918941678714206
-3.004799226272723
-1.001415921162387
-0.17912020574453866
-3.068184097350173
-1.5612844625395723
-0.38292003962314347
-2.120212416166638
-1.8690567673185385
0.7688041768725342
-2.353967954481898
-0.9361444096295045
1.2595841395898155
-2.523916514035129
-0.05723741425874618
0.7945618000502818
-2.3469147137512425
0.7185715388969903
0.7846875310001777
-1.8060966087965675
0.5256571481456451
1.3258846631563224
-0.8961978680525627
-0.07488186113535443
0.45954779018530306
-1.0313681981465077
-0.7993172105261717
-0.1010316011043506
-1.4436378597351986
-0.5520460348749813
-0.5708343280638539
-2.2586317123446524
0.03822137867224758
-0.17368448662017563
-2.921962132342756
0.547005304622046
0.6270297882151091
-3.350563078198157
0.9930174568707422
1.13623283102025
-2.621909783593926
