-1.446631779684056
0.27281410001812545
1.329237820819999
-0.8667641521802376
0.06027938488350323
0.6059086211943776
-0.4455386038855335
0.5136844091242871
1.271074115199143
-0.6936081506281301
1.0112303030404244
0.35846155071680297
-0.07466457034781239
1.5504148843125671
1.1213233002702574
-1.2798350595237724
1.2770546990638985
1.2935276281219508
-1.428094945877835
0.7436062165017711
0.34050092008429167
-1.7964070650113768
-0.1691047532686113
0.23947159334780796
-2.15189568145566
-1.0735136401715137
0.49555257849502204
-1.6737679744191
-1.3912634869709102
-0.3069418359693799
-1.836839071799477
-0.8986894356725785
-1.2182331966008466
-1.9075726721663744
0.09458699290623278
-1.461648087865974
-1.1397369524902439
0.7287590903188456
-1.299908958351515
-1.4979335448787656
0.6911346689453984
-2.188492394530278
-0.5618795867991367
0.4004695619064767
-2.076320894998042
-1.3703768929246747
-0.29515462109957175
-2.2376352802181376
-1.2017829854782323
-1.251954683613332
-1.9169728306554696
-1.6399903083465934
-1.8967535628805348
-1.206004188280744
-0.7360906858663554
-2.2220050202622046
-1.014248787710122
-1.501245021671331
-2.3772572424799643
-0.29581836341615025
-1.2660311833838909
-1.5948639009177847
0.6166306925952051
-1.4012089356836024
-0.777251910959093
0.9529379070272286
-0.8946609020807262
-0.763551827729348
0.0635737754447306
-0.12488037996533277
-1.0849462322870844
-0.4455279018293123
-0.02143406041668519
-1.1238220004837083
-1.4567474267389307
-0.7205084789109941
-0.473657889283496
-1.4458573162850419
-1.3272362987082655
-0.21844945273226019
-0.782218567022796
-0.8173311320924117
-1.1866542133213638
-1.0134568551553615
-0.49094355748126417
-1.7766817799300119
-0.1467982473516856
0.17399353968776604
-2.4167873187541833
0.08822147502982677
1.169390746567156
-2.264370626919382
0.3734114143918874
1.4066641964321178
-1.5865241971613133
1.1285212398155717
0.9763274865091909
-1.6428359371449528
2.0871185599819517
0.40173291199110456
-1.0488853817015134
2.5948024616306844
-0.00875077201287303
-1.8153710856419683
2.0054173549111898
-0.5498940223448877
-1.3406170764380154
1.2219082728835178
-0.4573393604422829
-2.176805342203163
0.8128697885820108
-0.9796829695959417
-2.091445506935762
1.6720499867469576
-1.8285145115876642
-1.6586764403859349
1.277668921993557
-1.4636764413839978
-1.4220049416148215
2.156188628828546
-2.389767868845885
-0.94573814248578
1.7557941554304488
-2.4050497443579935
-0.23423496867812038
1.024959192704143
-2.7889870094675953
0.6820030214324468
1.3169870193134232
-2.16207753605205
0.3257204618643468
2.005011954066944
-1.5329582495947958
-0.357308899091781
1.9691659867564737
-1.30251103728077
-0.7330306982938152
2.8898251189952577
-0.3912623413740557
-0.6864496978465364
3.1505150740083168
-0.5331937944882194
-0.9657717120085018
2.313018726065531
0.23555634609161355
-0.3091572723448207
1.7805602034224781
0.9293125761254273
-0.2811724225361168
1.223198301212145
0.4236697175277879
0.5786738751785131
1.4501111493007979
0.934096848992133
0.3130561319996474
2.2701456659659693
1.1309904842045737
-0.6718444058087474
2.0799509215829803
0.4502702650877907
-1.0674230857463751
1.49255338805317
0.4524032805318629
-1.8969874643046685
0.7994749499025727
0.946092953389654
-0.8629420551794246
0.46749539939267876
0.7525213486050197
-0.02447432514710801
0.13395977349307003
1.3149455073926413
0.6794054172353975
0.7712233160761217
1.8721793574810917
1.447567352150506
0.9269219872132208
1.396717034567481
2.0905383660676597
0.324591794803544
2.1692282579687925
1.529678278511263
-0.01727620676195617
2.237758472008794
0.5665886629779375
0.29186394006822103
2.8770696625933483
0.03770764371309046
-0.3205497452215784
2.890801779416086
-0.7426529185552331
-0.9042760155796071
3.0312520758745407
-0.8428338800633187
0.08978542306368839
2.635528231260345
-0.268742022059545
0.822890035014686
1.9084844721734067
-0.7734547585600517
1.3487545706211346
1.7858409687970904
0.13617225176240033
1.8415491983734347
1.4634588706437133
1.067962992433055
1.7263920649843494
0.89844749743043
1.4861595857459975
0.9601688927193373
1.0714407058179245
1.2130632472814524
0.10749764032032358
1.6300821407036086
0.20599108959331694
-0.4317837513622392
1.6707186002060022
-0.29675690834351404
0.4567423882029005
2.2112120977146565
-0.6032861023590563
-0.3308194791627717
1.650055005864247
-1.450304065268642
0.16376240468144218
0.6570311977400307
-1.6163534379388396
-0.17164516843936745
-0.1873025742976021
-0.9705178311815629
0.4339981983275415
0.1275545711563571
-0.13973092474334498
1.0110603478734481
-0.7125353907371837
-0.1981081837278388
1.5265843879104979
-0.7692055346618882
-0.12897971698275398
2.4697055284589022
0.1654235164157354
0.09722409845115637
2.893578952391652
-0.15657055081632956
0.8327123230907737
2.184408620836269
-1.2964110223292977
0.8144455116048532
2.1372886666435154
-2.134663254704195
1.2884829150925532
1.8463964046067154
-2.0874217743088828
1.312383458018446
0.9236359835309608
-2.5468595235157445
0.529434623023726
0.29434224020498734
-2.038246527045704
0.5124016479253793
-0.4948311750597833
-2.2766210624062664
1.4419377668926283
-0.18599178185413667
-3.1059755191871763
1.4548323147434485
0.5625059075657521
-2.294044979008045
2.2247488098604937
0.5450288351657736
-1.4106291614057038
1.6777702380070294
0.3911368547912453
-0.45806848258643335
1.70953581629683
-0.23705452639026464
-0.9909683467336953
1.9135929385432375
-1.273144635752848
-0.7410253207424367
1.3196763105153457
-2.0167810481575015
0.015659266912737547
1.0313840639155913
-2.5644250545596288
1.063035877336981
0.36642909229295373
-2.5241818403248595
0.3892524409991925
0.3971333499308845
-1.6142128599699843
0.7664198038027448
0.5963211531370767
-0.855117803613996
1.7280992588004447
1.078266189356331
-0.9108424319691656
0.7891982765432238
1.4469839219797709
-1.2812456156346888
-0.21645653545904642
1.266591755444421
-1.1572040401659607
0.004717384091900075
0.9108098904283333
-0.3000946356523055
0.4941398985687475
0.7172212160210378
0.4780357875208924
0.33258241653300147
1.7035791047927078
0.07894346102401503
0.48265582848546784
2.4752176886531156
0.7199767010335789
-0.3368644628800541
2.512566736436549
0.1024774647717743
-1.3123096291087555
2.3882809163423078
-0.37672920241944824
-1.4744750861022518
1.13239886694974
-0.49269718997293604
-0.9342359128044048
0.4410057999477555
-0.25930391116054713
-0.14216051632446416
-0.19001376719351756
-0.08783220724301045
-0.25078887327619925
0.30217046535104225
-1.0846934458972755
0.4628578346952345
-0.21312530488907605
-1.0155211325006417
1.1434555461546474
-0.8165403348410627
-0.5432020925144846
1.464249564721005
-1.7537365735783645
-0.733857009819146
1.0739008336440685
-1.2512167859918928
-1.3996653977341256
1.9273441786970344
-0.9985412177533154
-1.1755465441039152
1.5185175310130108
-0.9012060579730216
-2.1364552762569393
1.229387114790559
-0.33774376705009396
-1.233832305122661
0.6362615191789349
-0.4948379007907787
-1.9482002111649133
-0.32256209921124873
-0.8622635984178512
-2.292370654206621
0.05174305952130675
-0.1114284160781405
-2.6749993418906257
0.46533086172598137
0.5459363280567577
-3.3897511713428865
1.2883382087401094
1.068347827574
-3.192127137082526
1.6353571475526372
1.9295765130526081
-2.701199139399053
1.68654573220879
1.6290080323966472
-1.6769817788388353
1.309694075796571
0.7825916578237707
-1.6366837929063829
0.9661148106652208
1.3672661570180062
-2.258515199023716
1.9145492069903025
0.9469538145890809
-2.4009135969317006
2.334108263172934
0.9157449741434525
-1.5416806922695416
2.338738937813693
0.01619674310163255
-1.0579203442276606
1.9375261681998368
-0.004197914774027721
-2.187667142360794
1.8069246603164444
0.2415233277788017
-3.0576987215787166
