0.5302735544904557
0.5262637337737632
-0.6689615863832791
0.5339929023123041
-0.4837707213560798
-0.6826259000938346
0.502616558496026
0.0012213476179124658
0.1741739026484245
0.3058457478356016
-0.6056752633038398
0.9384502285827578
-0.0727143681824182
-0.8111601014856897
0.047076112641387405
-0.4127499935735918
-0.011539782423003398
0.5519034366834978
-0.06503314240439158
0.8202297975755996
0.09358974865927909
-1.0245231960094154
0.5452741883117124
-0.00760423263630177
-0.2977080629645793
0.019156801289635383
-0.4460017101019265
