1.3042816094076102
-0.32905479508148594
-0.5234891075274383
0.46530113922631156
-0.8185673870703798
-0.30994595570784345
0.4964343338943453
-0.16787928154030987
-1.0852822218808582
-0.01649988166253226
0.6568637410847846
-0.8173426022280821
-0.32599318504690045
-0.26010738163535607
-0.5404627777746625
0.510469953006689
0.16050873116445882
-0.1437039201703227
0.32717701479482447
1.1277856548382759
0.00892532207114432
0.2644162467354867
0.47533069634769753
0.7784135129765427
-0.6757245040688336
0.1716064945488475
0.9860806340863879
-0.4266214951665923
0.49038596920686556
0.07801108954008125
-1.0405422872406183
-0.2889806194505835
0.16793312108633512
-0.08469008355487857
-0.3968048215198616
0.42155983513263184
-0.7980088603249047
-0.8210870008929456
0.9793030703960877
