-0.24086523773610255
-1.9445057128765206
-0.1947538474744219
-0.2701847750635162
-1.638019911380939
0.7833251661193993
0.1815724913069937
-1.085232674965533
1.5158775392706296
0.4756414610566895
-1.038620632888916
0.6219727319560583
-0.3788556724568522
-0.47570225637685387
0.15221280698790796
-0.8780215291313584
-1.0753398528536766
-0.1743709299689898
-1.5970523948261777
-1.570652463154829
0.35141482001832625
-2.173774714337046
-1.646960756615963
-0.4674453232806165
-1.5997388166354392
-1.6203859690728322
-1.2860453022816636
-1.2683178656774792
-2.0794790355260893
-0.47197108658973574
-0.6234347887604802
-1.5502777435410617
-1.1360147876490416
0.1559145342715061
-1.074815694284685
-1.6627342658076505
-0.24692864925946884
-0.6167386536639642
-0.8463924694528052
-1.2048669647970836
-0.653023869888675
-1.0206358339093569
-1.7820739134497652
-0.7391847128204344
-0.2214720063854045
-2.241540668439235
-0.8476387664799419
-1.0842478813229386
-1.8384530974793678
-0.0029073841913739764
-1.4441954180080607
-1.867865050074729
0.15933245928498932
-0.4655701651358636
-0.7342185524115576
0.012116014168383836
-0.5107873374625724
-1.1190665407713152
-0.38917934000340404
0.4119621165206192
-1.4422435370609419
0.2714557865194785
0.46388047705413527
-0.7554488271775425
0.5336062041749037
1.2345992529491225
-1.6807227089210741
0.08502896289700886
1.326544916552199
-1.8653657430052166
-0.8855702954066792
1.053934497636036
-2.534786476850733
-1.173955636688025
0.34754422147907904
-2.703257986381334
-0.3749133393623466
-0.3554148957854822
-2.2675148467878556
-0.08414214009373494
0.5632369399251884
-2.1067392925610653
0.826526116188482
0.8291862936715158
-1.2026937160031634
1.2982780329195862
0.6367249241997639
-0.3449022369753171
0.5617091935976497
0.3222620230067472
-1.2883386048963819
0.926188951801157
-0.33027657686949285
-0.9699564387207928
0.4688190218163794
-1.3642371744144108
0.02473274152115137
0.1945828490579243
-1.243551067867354
0.9194277080695828
-0.061219210988189804
-0.6852517430400925
0.6963794260489087
0.9330057004032398
-0.4329771038735249
1.2271712924080311
1.610886431258565
-0.1015164356348576
0.39951338729992303
1.7676840923800106
-0.7636652340331149
-0.1677377927060197
1.034976546653957
-0.7117330389225777
-0.7079146618150963
1.705552236219904
-0.13849991608963091
0.1766843590719232
1.3518021976110923
0.06923323537380317
-0.39279643671473125
1.810862777442658
0.8746159327342784
0.32754086862035475
1.8931746518733132
1.6677707556327335
0.828103576149639
1.7263086577558937
0.7715376788050813
0.20355760850756838
0.9184826673962824
1.1166836804857827
0.8910842277295403
0.8857086358568165
0.36856325425028286
1.779404485012171
0.4378090657510897
0.5994632374146465
1.7638887999240065
0.15233087954559432
-0.4007833240389192
1.7508502368386543
1.048687577467512
-0.8294694039868917
0.9534460190542431
0.6821838986257065
-1.5504834364815359
0.8796739380073264
-0.36007170508125713
-1.7224335176485541
1.7959175647927732
0.13810909170134378
-1.3642012624885458
2.5911314900632103
0.5633396885121079
-0.9757134915647073
2.4021377329047424
-0.4344392444402634
-0.8400566582795723
1.5009995829984029
-0.7496314999808235
-0.425864406230391
0.5633169553878651
-0.8661808195359986
-0.39006724000610393
0.26101698337074436
0.22914001320988603
-0.27391479121745665
0.28336900498861894
0.05753077306404042
0.8270394251544194
1.0084355647498395
-0.5538453400435371
1.3176374902450119
1.4209979252440121
-1.0984348214009292
0.5312350604015417
1.1416090502231022
-0.207773094745707
0.1899385375887909
2.0569456274550353
-0.419052358194308
0.35981809949653903
2.8932422099749315
-0.8921116276361124
-0.06953654479998038
2.827469456736365
0.0967847390164757
-0.059372669448263415
2.33107215930947
1.0428105230800382
-0.0032175242648943424
1.7230049996188816
1.4377064536036146
0.7070429745942146
1.2474123491423224
1.416458264440424
1.6052214411858163
1.0052743947656075
0.45385807112526294
1.4598157587152756
0.266119905711378
-0.10646563978130863
1.79971465648285
-0.4583815804512827
-0.4163650224560487
1.138864165807661
