-0.09784864647699022
-0.8683317126013423
-0.8053456942682391
0.6928917192420295
-0.050549212168129964
-0.850535356627824
0.5990116179993974
0.6954539272134935
-1.8503275632021532
1.0713736078688725
0.32578944727483256
-2.603823340004145
0.10740160573678498
0.18408411955794976
-2.6074167609895413
0.7134737166321002
-0.6086943065073348
-2.647216679009548
1.3697645010283148
-1.1174376877906689
-2.060771312108571
1.4554535035732086
-0.8105485630670992
-1.0804884312876624
1.0074868902582172
-0.21469199309778458
-1.7831658474576524
0.5299379607156696
-1.0229270254455043
-1.446675310827346
-0.03845268183999559
-0.23207634350140335
-1.7154487964229328
-0.17422375098033102
0.7074955215297185
-0.9747804014104474
-0.5015716763175405
0.7491803287342538
-1.9326879871333662
-0.1125931635888023
1.5909998573226394
-2.2546011222306928
-1.1015926310031257
1.5154867046240315
-2.045736090114853
-1.3976812755288264
1.5733396729807085
-1.0549899846058672
-0.6950299028391116
1.756335670399926
-0.3519976509993982
-0.38014374575938753
1.5198010897164498
-1.2880039593892656
0.18834573711907562
1.479632398877703
-0.5704891193364428
0.5536758282326774
1.635997051356885
-1.5004370524856028
1.0402131772423024
0.9214380329098997
-1.0285694427158092
1.6057872545145273
0.14528363566256025
-0.8165482755779657
0.9866724315744705
-0.2678566662243821
-0.050070375550141474
0.04277877617423423
-0.042629293964712274
0.0012182957657180284
0.5285699354731249
0.5683371903016249
-0.07919997108070564
0.4812095833765304
0.18831020064335968
0.6009088792240153
1.4309310993486901
0.2507411674319728
1.19824309331275
1.297443169667567
-0.2909297430462683
2.1034556719419246
0.36762283737154766
-0.6061416797272279
2.3764430420025193
0.43682772057432767
0.18986519233081686
1.808655202231121
-0.32463680767611214
0.05249738316957664
2.242341169615171
-0.5401180770689147
1.060947254777186
2.2218657336447407
-0.32334756358789907
1.5949271005390262
1.3996911165531758
-0.8452850587212223
1.2716228982744557
0.688867466641393
-0.346041352384369
0.6615032145724947
1.3645758392871548
0.14767948736930306
1.0843075806473153
0.6569834405484936
-0.35588572311186356
0.7038793034972531
-0.17818884305745672
-1.4095444904444399
0.9927722937874865
-0.2511119476744776
-1.0869727875118567
0.6099421658094656
-1.1555053304910519
-1.101308059549905
0.056768823762993366
-0.3315522225348376
-0.8118922092226905
-0.7930593644993282
0.030721967479552786
-0.535524245879747
-1.080257315503855
0.9661426943600916
-0.010004805269020658
-0.6124773242229115
1.576978770175028
-1.029784106629928
-0.2389967671772509
1.6143217383768769
-1.228327521542216
0.36156163250842743
0.7977636849290713
-0.4209180298733919
-0.24545545158736362
0.6453447923611406
-1.3268844661128805
-0.6948309502559626
0.7913650190926671
-1.10863756760154
-1.6079520098166502
0.47696068754958193
-1.2209787057896822
-1.3882608741997167
1.472008953601573
-0.6167010344130923
-0.925023873050879
2.2086686114049052
-0.3494442084290235
-1.7647259200033816
1.6787092182330376
0.2863886481984021
-1.8820776157596975
0.8963005257976732
-0.18119849313871098
-1.5306010743967575
-0.04229473231144947
0.7285860764133444
-1.1602041813243562
-0.42638851466177763
0.49653848956604374
-0.7520934049447608
0.43089646849010804
0.8740234578850948
-0.7030659893795977
1.209959346487791
0.5725896545019313
-1.3668744930641128
1.739425993224898
0.05989430063484315
-1.5695300238858976
2.5855506932351555
