-0.4220440623528747
-0.19829658315603843
-0.9385332490645855
0.21716630986771243
-0.8101531674241208
-0.44191242804164255
0.4429800386937487
0.15724492831265455
-0.6067555471403423
-0.3651922583084718
0.7180218988458862
-0.51438169491092
-0.6756504241199824
0.7336261557888134
0.4329033197583584
-0.28491559805770716
-0.09141591882659286
0.04324186088186378
0.3024354065658184
0.6644610827256721
0.2442816343924963
0.07049149138264585
0.00338360240190849
0.9748977404230422
0.7011965837228096
-0.2607062219745942
0.25650370902610775
0.013532512606299455
-0.9161657766935877
0.5497546546756151
