1.64276236389908
-0.3993888999242872
-0.3041852027867209
1.2232919132895492
0.4449804132162798
0.04818054180660828
0.6485600285071346
-0.21133568576691103
-0.44125182134697877
0.32700448927768244
0.7129011768813455
-0.3291310039060745
-0.6529515691505027
0.7637151230051902
-0.5922404827594301
-1.1105979243319455
-0.1352131581917486
-0.7888894938396795
-0.997365707026755
-0.7025966769582735
0.0622011874193324
-1.2077163551227192
0.29605908155186794
0.1311711814736551
-0.3601132224351179
0.7859884048951256
0.3681898944408592
-0.27130302340509166
-0.051454472872118656
-0.1830334018336795
0.3770903069682037
0.10802501593626962
0.473847132079917
-0.5536793502090034
-0.09205774485502664
0.7958079274885375
-0.03151683703418037
-0.8167166221795249
0.3795927889857636
0.9665348867736687
-0.7029059547381766
0.3797407527779109
