0.004094956393910963
-0.7403372986979188
-1.0847473980307079
-0.5022080907579186
0.04388995681931845
-1.4077463492498297
-1.075212636418273
0.0717169600932976
-0.643651133356344
-0.09907517006283843
-0.24119967799328668
-0.22459956678374238
-0.26330260756700474
0.6262130286342111
-0.6388911893377687
-0.5120117108141131
1.263134503612142
0.09748121472653051
-1.4779595875958318
1.0131467199705209
0.1486861892909862
-1.0317880971137985
1.4706284449508042
0.9270452130725165
-1.4330389689258636
0.573729282173668
1.0539220114723977
-1.7796573961851976
0.02240470107826526
0.26205090134155357
-1.0808985227885837
-0.3736235189211975
1.0170794219593977
-0.2683674742738723
-0.9019579615784363
0.6752925263411613
-0.2905473144077773
-1.2742392101203586
-0.28496817577971817
-1.074314241707519
-0.720807888797688
0.05866782176231382
-0.7198900058324101
0.35495319767536243
0.3422528544382911
0.11658958639258561
0.5660531345703322
0.23121517017428753
-0.204645950604292
0.10764328527159349
1.0871123004227936
-0.09561567609094043
1.104503483826338
0.9991038892511946
0.7295929447378275
0.5228721694606627
1.098690791572745
0.5557528433919072
-0.3640327766942554
0.5269621611989016
1.5216814560900493
-0.4154895922121557
0.5505654452638195
1.1950526104508798
0.2542961368496189
-0.015936930319301868
1.9529534261338344
-0.20899591518005484
-0.3104922216896439
1.4976796214309653
0.3100541572942189
-1.0019433472839332
1.015080741027293
-0.6679226247867529
-1.320252039855487
0.602041956873094
-1.4704666390160759
-0.7398989993090476
0.5431154104728931
-1.312110819935312
0.269401205657342
1.04203823820749
-0.6301125534882669
-0.2365210774221485
0.4579649273448093
0.04071126354697308
-0.8056167212679649
0.6748947321986489
0.9753460515944419
-0.6302639682605923
