-0.8754864781174686
0.5890994501624655
-0.8586957195070676
-0.22082223556591668
0.7942394121414467
-0.13739750084157207
-0.19484187718924015
-0.09640947827798636
-0.5804564443322846
-0.9573102111534376
0.12700190882186496
0.021222626072408966
-0.055375862456120556
-0.020377554055894382
0.4120469795195004
0.6483966666101574
0.30404642717379854
-0.22108869366802042
0.9148472728679531
-0.15102913122248585
0.6289339284668803
0.2547236915269541
-0.8692977458763707
0.8466732910298009
0.4858690334771195
-0.6772732888668438
-0.11123846673964882
