-2.0796616383193203
-0.8210626808282149
1.346271375657174
-2.281938294861721
-1.1095824993157763
2.2300510552569377
-2.7068422644047345
-1.5842390611754666
1.569659786846518
-2.0108336097473347
-1.5032748880299804
0.6749669624194623
-1.4950702718174738
-0.6427530650058876
0.27653716781807625
-0.9002998599149762
-1.5890701997436274
0.3584921754115068
-0.4194084010145905
-1.8079101050788167
-0.48844510128942425
-0.14395852787866698
-2.626809801512084
-0.9419907940159606
0.02930680138627366
-2.8233076072534757
-1.9155111244422955
-0.15886166599180213
-2.208237472261736
-2.589466642411093
-0.524455585239994
-1.2572421066333828
-3.3000174667848245
-1.257623845830642
-1.0620438766311298
-2.984767796240071
-1.9866187797536685
-0.24857782470580989
-2.433065979940882
-2.5454635660764793
0.4512498537508049
-1.9192013746498962
-3.182911227593599
0.10998366133810338
-1.3374513920371762
-2.7125578832817765
-0.7893979832222243
-1.301593839290139
-2.1787282246678368
-1.770464731639635
-1.011590152709519
-1.597439272167495
-2.0395983775995234
-0.20688835085688592
-1.5221993147028028
-3.0128124065914235
0.31817259931252606
-1.444124757434445
-2.2373446016871705
0.8627127810027678
-1.1752315955597707
-2.439870403029437
1.8681520512388474
-0.4891834079294383
-2.089857781943608
1.0528442190630873
0.03768805294957982
-1.7748807638573645
0.2867987792379881
0.9017005366657327
-1.3458126922668012
0.1214543964453093
1.1042741202722304
-2.0661755749835478
-0.6155922755823636
1.7392954407177403
-1.7694604913613168
-1.2790538063407406
1.6931323095257325
-1.4300194111920448
-2.3085884071814196
1.3713736648941963
-0.42832514217655404
-2.2179710971493884
1.4478295263799648
0.3005044659277677
-1.5862488825917072
1.681509103421589
-0.34728560648258616
-0.733146025276141
1.8009576345069747
-1.1064568737440994
-0.5682613705423093
2.49594953092405
-1.5455609145220635
-1.0214925488589388
1.8599106127920066
-0.8387819236670089
-1.422836764027969
2.2851326727790844
0.01701227078986634
-1.9408389634197527
2.146640102274972
-0.2657503100040753
-2.935662818616177
2.6492199521905406
-0.9195676993297579
-2.3024540135089837
2.849612330695799
-0.5870825658795819
-1.3361734522802564
2.5313958650895785
-0.3340371452821666
-0.4469078400329656
2.504704211158403
-1.0350491846572756
0.2272071739206619
1.8397841679981817
-1.9472330437028336
0.19196679258054125
1.0406344435930923
-2.0474640299897797
0.7143922658826639
0.3681556713852226
-2.691484999671993
0.49112138758940255
-0.4874186071670276
-2.538581575731315
0.24356848807133347
-0.14336900058955654
-3.3427214111698733
-0.14825951639109738
0.7390502152435902
-2.948203952567822
-0.5464372813057422
1.3299930081818032
-2.697364524225952
-1.2579044500585974
2.04652258126632
-2.3535391036265088
-0.7188280888159325
2.7930321426112688
-1.9452292166735758
-0.14078083607881337
3.036323749697853
-2.41712400894102
-0.9481111012170178
3.2359203264784053
-1.8169125533607673
-1.7270251846057052
2.3628031721435527
-2.3080078166270335
-1.66024577991018
2.4166890841585325
-3.1859151677891484
-1.165672097351092
1.6152574444002943
-3.3731144896734304
-0.5551007158692969
1.0221296972929794
-3.5359890470449105
0.24502126499628693
0.16363652445523919
-4.006513126612221
0.5369686745830181
-0.18629039081894364
-3.844783529490795
1.5170262352243424
-0.7870241368289683
-3.7493877144166277
0.47800719121278107
-1.7095614866665145
-3.90756001055824
0.20612407017502474
-2.333599813936891
-3.240179189376347
-0.10589932669900672
-1.37474950744738
-3.366775243036923
-0.5975779454157422
-0.7939229803822625
-3.2933983925400008
-1.4350832587813227
-0.8412986632882189
-2.8957235984480776
-2.374519382579253
-1.0293479942895167
-1.8234393332612957
-2.4998129155808004
-1.9753944256092772
-1.5035673898946162
-2.045834872571549
-2.3153240810708136
-1.073838677326721
-2.9560395386298834
-1.7957653466259484
-0.13135318162786658
-3.4360749375357056
-1.0770611059543833
0.6170100161324826
-3.205434403085383
-0.06032361405014241
0.36794550037753837
-3.2898219172227607
-0.6761620587862924
-0.36334408092858167
-3.486035509052126
-0.1728305620965042
-0.684493378563452
-2.680466432627957
0.5669361806707433
-0.10438716770414379
-2.6859135035452817
0.8836951623858084
0.21168503293686655
-3.5776613749537356
0.207518614272803
-0.586355181902828
-3.515525083991948
1.217975209187354
-0.6832256480146107
-3.195911617378068
0.48618517137977996
-1.3405018840824827
-2.979407162406639
0.14518302295991967
-2.0862629897569587
-3.6602948352943674
-0.875424164102352
-2.3846868928165543
-3.390011427505088
-1.7678306037753952
-2.4718106380469558
-2.8570343390971473
-1.5395581549048587
-2.350169937651348
-1.840289429147654
-0.3853414854854422
-2.0461940656800652
-1.7180872131142393
-1.0994965747150867
-2.5170061644479236
-0.9834754841464441
-2.004336732394263
-2.6366023686052036
-0.9070901127847942
-2.5679093274190525
-2.1605134528551586
-0.1724820739618953
-3.006416867668725
-1.5977409228198456
0.5106995584898326
-3.106590993471451
-0.665127661972163
1.2398997021038223
-3.476509574535237
-0.7230603961915202
0.2795734019362519
-2.439327091529495
-0.6020570704181548
0.3362823745533785
-2.0810781132139473
-0.05158261557630328
-0.028250589052692295
-1.3225379524707532
-0.2085293451532822
-0.8709982553063205
-0.748744676674093
-0.09879337566511699
-1.5882024543130147
-1.6885698650758272
-0.6753101120918645
-1.6718836288264192
-1.8586672892039733
-0.8882861736692225
-0.6171111106973628
-1.0086140932524925
-0.9746305694430963
-0.6241042862778668
-1.397814981935574
-1.3461741204662463
-1.274722232164674
-1.1096190018629712
-1.0049275456499118
-2.0616871908271284
-1.0711386965741427
-0.10380983169003846
-2.5445303239462382
-1.5182531009885027
0.41735221294379593
-1.8158425008045296
-2.346481372919886
0.025509661505795117
-1.0238946110884948
-2.8789157528083402
-0.3163138908965431
-0.39616702863881065
-3.0276490059305297
-1.323188148947351
-0.3978385724231271
-3.7021679587068044
-0.8039981056778128
-1.0286510260842434
-3.9458378889578474
0.14174702516822754
-0.5067461953184452
-3.646202346211946
1.0897054774573685
-1.0334670962010908
-2.958693998751938
1.5948613254395339
-0.4421994431320049
-2.3632495770633373
2.5112953981766437
-0.27738844177325295
-1.5223618311243599
2.521752595720719
-1.0147525318093542
-1.213220536296438
1.646014319322603
-1.0805733084386382
-1.0232113155413503
1.346023207489634
-2.20538855447368
-1.9336747602716426
1.2696107984735416
-1.658116105571566
-2.4426863064153745
0.9072030256618714
-1.105852988006087
-2.180621268000182
0.9685018399626585
-0.05567127663373151
-2.021253239864953
1.451764954543475
-0.7295475656301252
-2.3874403939817177
2.1170076499242545
-1.5159302846745835
-1.5142336796307545
2.2482599834406383
-1.9177441078206645
-0.3751028853724926
1.9530057391020512
-1.6444273808375074
0.13030684370674842
1.3025144416583105
-2.1347306672521245
0.7173291771901162
0.8610161586547953
-2.8477200838987162
1.617601377567281
0.5759363920397352
-2.482705782284219
1.0958520076656662
1.175012306315809
-1.853836225795302
1.598967991426317
2.1044881412428933
-1.596444285351974
0.5235857403344859
1.9488726418217126
-1.5618208924864765
0.11920982729153429
2.759376951833805
-1.7717123602084326
-0.6326360354236785
2.42526858602761
-2.462391989825934
-0.8312945795643939
2.864004104888736
-1.489059730662823
-0.49398187542504274
3.322033351735799
-0.6340251123101399
0.39177584405264515
3.355805542031369
-0.12805682548674416
0.34173303607382144
2.8988543756191154
0.9960389653508138
0.0871477111606338
1.9189092747932712
1.059235761813608
0.33039835039936916
1.0067332521834989
0.8747054572614401
0.614453956318547
1.5467653212503787
0.33937140828705875
1.7731489263309104
1.927273416209173
0.45730646515222173
1.9569542863952507
1.1561276191834666
0.8692757414856822
2.8019966357021877
1.442332275182481
0.2692037397202662
3.6457128644360646
0.8270081916512969
0.33416446235218156
2.98752236940496
-0.23190646388867686
0.5465533023419922
3.4895244022134184
-0.8874008842989621
0.09153892180677928
3.9951469315332013
-0.11819575586745293
0.5683538274690765
3.541786049579236
-0.023071791805888614
-0.4046276455068272
2.629047641994756
0.6274227019812462
-0.15758241186047967
2.766304793444875
1.3166947553485322
-0.6507739963336049
1.6793473536375343
1.332823524388117
-1.0762908631892718
0.8014692967170338
1.4843945300672807
-0.526945659179964
1.3627455508358584
0.7668886665515299
-0.39557754377088483
2.335864238167841
0.41995446873521874
-0.9833435089376472
2.5222625607218085
1.1962944667466617
-1.7356030690278574
2.5683745678935184
2.1694105337339282
-1.3060350675849686
2.8290035378459946
2.256721654206522
-0.26026817686272
2.730471227946778
2.7937929182373376
0.6526683417694936
3.323411723438522
2.4101340282744426
1.6318700738582217
3.6135391317971424
1.4450598517242763
1.9378033602695788
3.6044042681100805
1.255179347874574
2.911811018122896
3.329134752829877
2.1597649829116867
2.5569378091302353
2.6437702314943827
1.4615466308490002
2.7610155299998307
1.648917159281692
1.3766151455230466
2.5740226876329584
2.0567343737939585
2.2419209576021846
2.9578839556069396
2.333479712374608
3.0674887037234932
2.420956087979477
2.48847173214424
2.1558027635269172
2.031046052590143
1.5744693276987867
2.5584337768026106
2.1866715599174857
0.7689791302089941
2.872460345255015
1.7672979174259036
1.2083436278698072
3.113730108603903
0.8698002306938205
0.8140352963930706
2.5696222653673857
0.1420881826733779
1.0300231427401922
2.2552265392066855
1.2489966674381707
0.672128899822131
1.821521504240224
1.8467428220128193
0.6650558898873664
1.4917467307881267
2.7949694014324153
0.1594812709568412
0.3810258506453117
2.732174559869039
1.1133564008211978
0.6537830888084305
3.0100501841901743
2.048954508449571
0.4316146807766652
2.653899047679086
2.206728834665985
-0.3921552958531531
2.1166534104715193
1.915228163685502
-0.008870259830038528
1.354999457727714
1.273944130417959
-0.4663341172333009
0.5607928771374981
1.860892740889916
0.41019880482279514
0.3211279326911806
1.9733530099020762
1.284877912282978
-0.14183688628637844
1.885043298744298
2.1451508398537014
-0.6129146181963574
1.1173934607540381
2.610893180640716
-0.8091442644747161
0.21411754908670796
2.638493958093711
-0.7128856876678892
-0.7101243582820697
2.3649293336305006
-0.6430324235552447
-1.3301933443220377
2.4643484022342417
0.05212323066509119
-1.1668741433121146
2.9405689476723387
0.9184408094535473
-1.965465413483819
3.52894193559198
1.3536731740929824
-2.0864528753302367
3.0303147156324255
0.48075522492502987
-1.2311266586475944
3.4346704285497314
0.08232325068384846
-1.150678678816176
3.9547872067187773
0.9540094494272416
-0.240063111391299
3.866271906984878
1.361233484726895
0.7035663903044868
3.8935586363875374
1.7492486866016617
1.6344411780968102
3.3927142368812073
1.7766143662120335
1.4341590540449876
4.15582889152887
1.1039804254197665
0.5646769655202104
3.8873725048789045
0.7938825369679628
-0.4249350145484937
3.878697856907136
0.3720511787331588
-0.5536817859911493
2.7867997452126607
0.14098998588523287
0.04960640511182773
2.0707369376330913
0.0735273320951075
-0.8444414914917514
2.020609952351837
0.745923339040283
-1.4291195967068924
1.432368547247008
-0.014782640987033982
-1.061002986018395
0.392246225062477
0.037723653386665786
-1.5124521548079441
0.9388756073952914
-0.921361078201638
-0.7041066768941773
0.7570316421487953
-1.3634295925678
-0.3456683938363035
0.124572597764853
-0.703048869358396
0.4610646325454873
-0.15521078207054995
-0.03999158327543181
0.011791867064712906
-1.0688186555451902
-0.41776328565972515
-0.44316092667681845
-1.2434473364425123
-1.2437934487656281
0.10011567059831672
-1.4015108123375084
-2.069059206292463
0.7003620654323947
-2.216684781165687
-1.9564196903768727
0.9164119124695385
-0.9980122156500666
-1.710980999386121
0.3123003425098477
-0.5495504452332346
-1.440368575885684
0.3056181062640254
-1.6214832072202028
-0.9691848343521716
0.8402962012396935
-0.7475852301750447
-0.8212590271713753
0.5479746280070875
0.15847912328911043
-0.9751547926630519
0.2776692062403033
1.0240534519002027
-1.2034722253580707
-0.42910811966087475
1.297944588383646
-0.6183583600682622
-0.42979371755669515
1.0436976062484764
0.44248408814865375
0.273362506282385
0.8773599011365394
-0.14038549026840716
0.7961033317723683
0.5261884999632701
0.3279236434434579
1.0298909599798218
0.9782687134183964
1.1453054924202657
1.8423242094651033
1.6377230019934508
1.5903988140484404
1.930379278903028
2.5677228927319242
1.2572806159926297
2.4878752912186632
1.8267367932687877
1.0585965376301805
3.5623906158661045
1.5159887835977917
0.969673879072869
3.726201118170187
0.6203334422646615
1.2765006624776951
2.820347380271506
0.6729009767710651
1.0136614129395976
2.9717909447735495
0.23616306859757782
1.8369563563689912
2.619258909574874
1.2429864330040017
1.8014851166999493
1.6244192628576928
0.8229232077388797
1.6257028863321867
1.0718501779883358
0.31930078361282443
1.3756908250638988
0.4771449397129786
-0.5126381002639859
1.855318613895365
0.7958132858251846
-1.2159373163191964
2.4472839788058
0.12200372205838356
-1.5385080331663654
1.807510822342594
-0.2907754555307018
-1.0715280098764377
0.9404502104653185
-0.7916346274616635
-1.2882073746860543
1.8249596335636629
-1.4386562101470388
-0.6327827142160246
2.023249746022009
-0.49208535834150186
-0.4688870586083992
1.643641667473377
-0.0024207256659614027
0.39322368846227723
1.6341622340415476
-0.6208567558581018
0.3067705282204706
0.7679936633301147
-0.7811189259379747
1.224033222224323
1.22742092873767
-1.5511698598239385
1.6614509381577407
1.286702078728954
-2.1262041182007265
0.7450588964086188
1.6596485666832266
-2.580940945292065
-0.01829778089132212
1.9245009332928937
-1.7818124305827818
0.2893442246096099
2.4132449553987354
-1.120758420994112
0.9235167510256433
2.125347128170172
-0.17385990511605115
1.3091753092948957
2.1261338560741487
0.7700030815904488
0.8956991226846461
1.9426025682290555
1.2559431798558582
-0.11407994793794138
2.070289495479263
0.7439495111938099
-0.3535174667830974
2.9930971991092705
0.42245484841715886
0.3745136975260015
3.6474234753604624
-0.18547324135021195
1.1405124864551057
3.2961337307972243
-0.8926001762812545
1.675912209735355
2.7597952001952866
-1.838800489161728
1.6389703386773757
2.295652411644647
-2.618178142754287
1.7746995754811192
1.4594182224914958
-2.0179572995857424
2.5039282180647437
1.4111554042557146
-2.2084917775819553
1.9945682316856241
0.6220811334175494
-2.8870740560917034
1.3134538551419883
0.5286581623287381
-3.0892861478056015
0.6122831061071209
-0.19044349590662069
-3.1005120755992497
0.14217520389964985
0.6163069183896681
-2.1285269241036815
0.24822159020904558
0.8463962304950778
-1.4044126181602476
0.7934731094122587
0.690976097607882
-1.4077691794899467
0.23494865782688892
1.5082297393353459
-0.7195032305175698
0.11158235305361947
2.415218871877182
-0.7168444011786252
-0.9491048559297105
2.693639130588343
-0.46953221894176056
-1.9363670404557443
2.51472062594481
-0.30797372919620225
-2.874356428033868
2.0461260465614615
0.3923877052452942
-2.5166373373136772
1.4778667943068766
1.1741544094525327
-1.782646315781929
1.713952856613848
1.4933846465939196
-0.8098282156017307
1.6250943886630993
0.7792096194421033
-1.0728368012968152
0.9930789403848206
0.15508586431222834
-0.21363244767919787
0.8694612295325
-0.457136553686504
-0.46818972957637744
0.3172650168302751
-1.195383729794405
-0.8544573074496404
1.1435376136502513
-1.9076817319368016
-1.533048261243383
1.514583386355969
-1.480106770564685
-1.5741376767479558
2.5181777125328018
-1.5484495675452778
-2.533025315359465
2.7609102795225238
-2.3059919401520665
-2.096055575090298
2.189808129803739
-2.4073698101734218
-2.340044913994609
1.149680690834523
-2.2020323773340067
-3.3419372207266913
0.8579825797281913
-2.001916189932602
-3.0043437672620104
1.8199385235686092
-1.3322191618074413
-3.132299877046579
1.2505186222166351
-0.27134750182443473
-2.895579702206131
1.1188408719587764
0.6275875976964639
-3.3572189546064504
1.183332565105515
