0.2240176252172981
-2.211465886815764
1.4467761074784304
-0.3913210131224625
-2.6345948808864663
0.7447659410260612
0.47097763655626523
-2.76735246578027
0.18304234554064183
1.020223967036465
-2.3181032602899303
0.8197436723518416
1.1817163556669363
-2.2561006822595258
1.8635997107465914
2.0909634799077725
-1.9304258320947996
2.1196424149275095
3.0923644288087235
-1.4440330355161872
2.241649630319521
3.67248069069189
-0.8196138714365728
1.6074449700027151
3.2248495829284707
-0.4600001231150482
2.4294060299570437
2.7021479223819886
0.08551385621171367
3.070225988407386
2.4835903776638197
-0.9122722600678027
2.9905219574345416
1.43450198471602
-0.9831966795048317
3.237200736010086
0.5239861831260754
-1.1029088132327833
2.884711224485788
1.3164095247227363
-1.3034499636589567
2.3295994807503364
2.0790888836954142
-0.8759073622517528
2.0177147743547206
2.7910017738198745
-1.1465630079736981
1.305758992110328
3.649075156902558
-1.54443131968131
0.9285978163604997
3.6150539735758995
-0.5943730200448678
0.6508672822601781
4.359993572970459
-1.008707777835199
0.4467323324629637
3.7317615677236664
-0.8046195301346286
-0.3351064674092214
3.423071691160449
-0.896038008872176
-1.2649165128750541
2.4997042295070764
-0.33386402683817046
-1.2481406019770738
1.55458887447528
-0.3762494671616058
-0.8917799585070048
0.41643972059906
-0.4398572133242548
-0.7577761612853257
0.9326837838642859
-0.588307456608217
-1.7699547976108043
1.783275687875286
-1.1587922931744101
-1.5001358954514115
2.5695038272096857
-1.3169852005056253
-0.8182717970423447
2.8904807155302694
-1.3397030319913774
0.0722663983908037
2.465506807208047
-0.36830972385682204
0.7074354224125711
2.9710199956082115
-0.1878766375838598
1.5195831524496455
2.5405468915932796
0.7827352594644755
1.1034844416678051
2.0235597209238394
0.207680157523477
1.847294455958029
1.4513563736051776
0.916532646350063
1.5198060579585224
2.3868589825553763
1.142054723853155
2.093666330066048
3.292313892404288
1.1227686628154272
1.5499298674351405
3.1418822157998036
1.2937181312380028
0.5924172156443221
3.4085473737761527
0.8459089116642031
-0.28505929481104947
2.5603265378934283
1.3387790159057176
-0.3492376177382872
3.284703858611218
1.5295982027997275
-0.9741267812926068
2.5600260378994313
1.0114972732552654
-1.2496015950407175
2.157032886691499
0.3179808090861575
-0.6363236474564176
1.8346290880568912
0.3036624765977588
-1.5261754945998334
2.331564207412599
-0.1230026608247007
-2.2359960020667913
1.7853898991045527
-0.9305964980227184
-2.457022993848709
2.7013400049681184
-1.0178431205632161
-2.023958755231845
3.2609164078800905
-0.1270861171387509
-1.8524772099214715
3.48605447804941
0.0021088272398690345
-0.8562347012103144
2.7640749874415156
-0.4373705215872728
-0.3087733433188762
2.6413989969924208
0.419324863282618
0.27372589373019535
3.4650365280949202
0.38477634198630645
0.8325282044147296
4.268284576610821
-0.18233314001964288
1.02488860024547
4.001018839689259
0.05712906972327022
0.08059224901813454
4.1105512301284275
1.0219468936058922
0.41889771611296334
3.732673866115896
1.7986239498433167
-0.1418377936247821
2.8699380891504616
2.262309357391814
-0.46502514207252893
2.439542557224787
2.0588091659888135
0.4353668379009639
2.1373482943190965
1.7065580941243759
1.2708368130456535
1.622793557141274
2.467152988713216
0.8242744092724303
1.6585885797554576
2.2073208892511382
-0.1753868624211288
2.134547220992215
1.923346280043821
-1.0415584427028552
1.562575678098998
1.2826012750011946
-1.857369334602304
0.9790463219010268
0.3988469033144977
-1.8546843690760242
1.0735144609965543
-0.21148993058302618
-2.6413647922392878
0.23357351801295873
0.08470654000478313
-3.22018005349653
-0.610540959451109
0.5979809018839319
-3.422851546552391
-1.2180883689039974
0.9378853524780552
-2.7093219371235224
-1.623218163441456
0.07223735391370366
-2.5697394640475917
-1.7883359347366956
-0.9198668537468548
-2.836417665580366
-2.116001974484628
-0.7521082415478081
-1.9043992485559904
-1.1100370185557407
-0.659771215278283
-2.053288470677402
-0.3307211199362045
-1.0986809252542706
-1.7738033006664187
0.48043253886245874
-1.3874466242728811
-1.2593237141613598
1.0848520399842614
-1.0233926114558936
-0.48235406887388643
1.2071670265837424
-1.3272022480453896
0.5470210791841589
1.793429691675029
-1.726797061115233
1.19430946295822
1.9007194727401355
-2.3433346029635462
0.3959918482788047
1.0631593482083574
-2.035693405941459
-0.050381186516164876
1.251899667721642
-1.8909162312741439
-1.1544689617871633
2.1633733431111537
-2.020551405593197
-1.407410030669895
1.4835849408112516
-1.8376021113580219
-2.070598266984111
0.8190737844203642
-1.1661055667244944
-2.514334826162104
0.17756538607257985
-0.4425256227095448
-2.4219438583780266
-0.2542644286091969
0.5632481966367152
-2.5219548606421824
-0.6796109823547313
-0.23609635294493933
-2.9149812974601113
-0.8543870959854463
-1.279246241895741
-2.920780321116525
-0.6986296762731528
-2.2548622916836396
-2.7991951910028545
-1.4092417963910253
-2.6499933445814023
-2.1645313544262135
-2.196273153543398
-2.8028273231998257
-1.5148629222298307
-2.39847197543505
-1.924900851876387
-1.1418941389883923
-2.959486340225864
-2.740599815520066
-0.862746144137482
-3.0590258195944133
-2.3154404365167727
-1.7499644368502494
-2.388769515002123
-2.519113576903682
-2.439059066035026
-1.5885727925921742
-1.9008228234974418
-2.8918440018370624
-1.0285745969497087
-1.7008799915304182
-2.0684539279731338
-0.5614453257969968
-1.6707791107162804
-1.0737404927397052
0.17526215740588297
-2.141877981756201
-0.7194381542342769
0.945176801633922
-2.916607885457214
-0.6912366029929244
1.9104536159377485
-2.4861611888981128
-0.5509977693765137
2.0194058876847625
-1.5431869044921704
-0.13654011641204689
1.8408251787903807
-0.5053381047835306
0.03805635697779095
1.3851413535957948
0.5673782050628449
-0.013756210222814647
0.3198944982874609
0.7961673360070138
-0.2270802826092057
0.008300319464219146
1.8624365042396929
-0.128672886158397
-0.40689289023381175
2.3549860468601285
0.3880662826728553
-0.7245880492497325
1.6832861870861324
0.9291127960671682
0.12888765683738562
1.77083676439186
0.783963384764844
-0.06920310990394792
1.034454414111893
1.395373545250598
0.6237541271483147
0.44846210953329396
1.574508722884889
1.274996289319134
0.5335654531636141
2.3596916570724114
0.85707267297066
-0.1658335282916848
3.010875893311572
1.7735153164443243
-0.16002242022998908
2.6533453904218085
1.388719808793668
-0.425608645555555
1.8813925513742302
1.761341195551182
-0.7032489072219468
1.158089644100018
1.7676316792116755
0.194558660248796
0.7678762933441418
1.8495324579502224
1.2005803029595903
0.5038268640630722
1.0180243169675585
1.5406469642290435
0.1502768204371912
1.300888935346636
1.5926762820290532
1.0648968205731797
0.7057540251592691
1.3019074869152858
1.9669867934602627
0.17675086489673042
0.5815261711702362
2.5137736260112837
-0.2553486832077013
1.4867170491538213
2.5388771365187726
-0.7318674089654443
2.413985640890802
2.3232649755511994
-1.5515954650756731
2.889055580447103
1.9197543586331731
-1.6665535001156397
2.118368823464646
1.2530379938544745
-0.7036810325591378
2.688029777506427
1.3590821760650997
-1.5235088563493189
3.169298292583077
0.8265788197815412
-0.9654912448693046
3.2298956568084454
-0.056742491843311725
-0.21249516211020597
2.6950011656700603
-0.5191566973617242
0.4934735574321479
2.584765146412201
0.21182066857861326
0.01834538560197432
3.2209880590237523
0.8669386758516506
0.639439635414004
2.624570861267233
1.2479025703486897
-0.1329472724514973
2.004918947578118
1.6990258430531007
-1.0511662513058753
1.5613280384848616
1.989016433820558
-1.1588394017737422
0.7521063626875432
1.3266801914308872
-0.9893323641915804
0.195505313440749
0.3626256708247072
-0.376455073775554
-0.22969454633313582
-0.23559399617042887
-0.020801154350856554
-1.1982163744514611
-0.4622432100252989
0.19442812405226892
-0.6331074044353716
0.20194599170205893
-0.007538569197458498
-0.9491073289786296
1.357869697878097
-0.6799824918667888
-0.7632079431604939
1.9989903048106357
-1.6951291266365487
-1.013863888780489
2.128099927719195
-2.630199784900272
-1.046167812496817
1.8631549277146064
-2.287672572715251
-1.0298880454309183
0.9980102161265947
-1.7984923300058622
-0.27323499560655906
0.662590712946312
-1.7940194829830762
0.5129285693901666
0.02131772436368573
-1.9207828358793193
1.5658891350301256
-0.32574388995621556
-1.5658027517790238
2.336368353599684
0.23530590088594508
-1.8631842674499128
3.0252019688346654
-0.4805029194131162
-1.429339115396355
3.034518603944929
-1.3510066780078387
-0.5784444196046203
2.7428566218244383
-1.778750507720896
-1.3320999910445988
2.1552341882972517
-1.6685603666193778
-1.7087134289066537
1.1343715145346804
-1.684594762581637
-1.3884288533620257
0.3500511364887208
-0.9419395973646255
-0.7611887114478538
0.7098186372702974
-0.29900901913965466
-1.0621418835052492
1.4031519395858048
-0.9940978114056179
-0.5653019172503714
1.3155788698368824
-1.976572094314356
-0.16805062203335505
1.8539341959206228
-1.3607486908942683
-0.06247565377791146
2.041294039182056
-2.3045345840337372
0.2465479164178703
1.2547723354102922
-1.9692790449588393
-0.010683560436267645
0.13875396315727542
-1.6047654875530661
-0.7303737375528202
-0.35519875136125084
-1.2538695863434424
-1.673192006155854
-1.1923183533837813
-1.1365600104764333
-2.103922133767299
-1.3972175383249121
-0.31325452634933115
-2.929641143976972
-1.9804962799541936
-0.2006450823773149
-2.7821432621675877
-1.1382267754523907
0.21540824315333978
-2.083120587082313
-2.0013702027911906
0.28183450256990666
-1.3712170330103173
-1.9282866966435102
-0.22953304432164084
-1.4343691852696678
-1.2771157884339888
0.1838455972829068
-0.7137720222764063
-0.701018324144286
0.5422229243406748
0.025766207420097748
0.14905185537971005
0.6364269790497356
-0.6185917371365524
-0.09077871153241648
1.4359887876645414
-1.3054447482598692
-0.8588167159393075
1.2454055020515065
-1.1792404512082775
-1.899679202755867
0.9197661674973666
-1.371500918684199
-2.706859545083326
0.3153361948038685
-1.9869755635160622
-2.6032571706511773
-0.516604184410956
-1.567304705311061
-2.2173946774525586
-1.3180742544789739
-2.0190612633564036
-1.582703881187642
-1.8312515736140869
-2.93018662368512
-1.321319094446064
-1.7539266586055915
-3.395227848859641
-1.287280343984618
-0.7489170299169611
-3.6599838212226303
-1.5365335094857024
0.25203849326888667
-2.921578068669838
-1.7417268797751884
0.9691220940602813
-1.9718839671953075
-1.7803868035109116
1.5457711802573892
-1.0388225311814854
-1.6912413524129122
1.8455044037093449
-0.0170545815822052
-1.460860062830481
2.138096013916992
0.2528660578554293
-0.5494646186269342
2.150667068338525
0.6964603119604155
-0.4613749685285644
1.0105154447781752
0.7738426868754468
-1.35451134755977
1.3444233992854344
0.40778731481728603
-1.8215849681094838
0.6303110475764058
-0.5043601303196373
-1.816312666876539
0.11031958208111187
-0.8078271594843596
-1.0534666324895592
-0.363252823207815
-1.939760974538215
-0.4872922229556677
-0.3386498814052656
-2.5965134208511182
-0.6600890931835258
-1.0885547189503941
-2.4296611182198466
0.16862127598453733
-0.7344089141364181
-2.5930589203342578
-0.09407625624723356
0.15800842221203248
-2.4984092063348027
1.0024108399775726
0.2186455432604478
-1.6309369275813181
1.1703029937912062
0.6967652386521327
-2.2752524693726723
0.5230272861939632
0.8369559300773797
-3.1675128725565376
0.5171560101269719
0.7107212011653988
-3.2222787462643163
0.711719833241649
-0.4117534074522741
-3.379196687558994
-0.285556413002148
-0.6525777798240247
-4.022708080724638
0.29880670710836243
0.09049358226965337
-3.905548348539399
1.1838961949014344
0.6258189635294762
-3.5461808246315285
2.1117697423044848
0.9313261160106847
-2.6137584836423065
2.3312310091864994
1.4474478486607874
-1.9611214293816706
1.9864219057747312
2.1253891298510643
-1.8895912081643496
1.3093977900671792
1.4190686265046604
-2.221344864933121
1.8986140580021724
0.5794961123380441
-2.4119536892417375
2.4238541267800318
-0.06231559010825925
-2.6564517271259387
1.3866445890832797
-0.7952228092039045
-2.95289214002402
0.7636055268204975
-1.3931967581655778
-2.0455055873144397
0.32607666911359695
-1.6466758923063194
-1.0099256507880097
0.3269580420832167
-1.7385885462220136
-0.18966341782494459
0.9157350031890007
-1.2373209028914423
0.6823169530208919
1.3277951937624537
-0.97190244226615
1.5428211048929354
1.0286258694261226
-0.80024340310294
0.908119119968792
0.4380321263659095
-0.8398241123395459
0.872204377420157
-0.22244997235903516
0.01662390904678257
0.8147135516109033
0.6850734257722684
0.7224567643741007
-0.21885266909634365
1.0568220069609393
0.3900089003019202
-0.8096100852139108
1.6121675743061528
-0.053418731805692246
-1.198968733330264
2.3179356033293077
-0.769379855807451
-2.0647056567743283
2.3792389203418995
-1.1501982290108301
-3.223381147860223
2.369651281788425
-0.8947238619317055
-3.2520745453902093
1.626932135238644
0.1392068906737315
-2.970142349489264
1.3527350282279962
1.0762687740952568
-2.8527540459758796
0.411029195298508
1.6055295902455118
-2.060393983559275
-0.2593910707649821
1.560827504797111
-2.9848679475193407
-0.3954197296838926
1.201118661328593
-3.6665102035396417
-1.1462095469112294
1.1830255699729757
-3.604014148742992
-0.6063690822835115
0.49700047406680836
