-0.39078001017181785
2.436424144957395
0.23494171217490406
-1.164277673360311
2.390107261821454
-0.32693428458220103
-2.223451521051006
2.074980499457472
-0.03773570945069733
-2.439789743474077
1.0986591186704566
-0.1466628103210804
-1.780571843026214
0.5101276444293561
0.06611817294875356
-1.6607968001064872
1.0356419235266847
0.7397123232661649
-0.8304346559925464
0.4173552487644206
1.0602393877063117
-0.6595516427110586
1.029147002352021
0.2973365517752188
0.2171619747179175
1.4184129377915173
0.010949456042252496
0.6622113947933383
1.4063737487210142
0.9642669402002513
1.0787110273759255
1.2321515432825307
1.8395989421745997
1.588684452138593
1.3230923187928738
1.1201182780500403
2.483632457096803
1.3171576306172792
1.510556222941544
2.403052187498348
0.3022083994839342
0.9949538156858565
1.9590037259306161
-0.23504096092475038
0.31472689976013113
0.9284178255242633
-0.8306830648567679
0.2655583958095532
0.09036739572260216
-0.7454094198852743
0.6626446911456146
0.22353393213046993
-0.7927075079358996
-0.396920520499161
0.6181001211838918
-1.6256133127716528
-0.8930705139839469
0.43831534932810495
-1.6598351433187264
0.2802852852873442
0.8579085994327041
-1.2901869374282908
1.024161153585382
1.6916901636835893
-0.6371970229324991
1.0726673438429564
2.6941250190070014
-0.5584160640621704
0.8361430107220011
3.513402351734405
-0.6115517246405102
0.3279255378557135
3.2254963676125907
-0.2544512301228914
-0.6611959432123778
3.1120036761958785
-1.372705743756397
-0.8386572271677017
2.5307332857557236
-1.5381596237700397
-1.6057797131069254
2.1552675214777324
-1.3872009006631376
-2.637834179370128
1.691258790153603
-2.1824475466736004
-2.261872788029462
2.6797586459049816
-2.229011123218226
-2.3897160656584417
3.17716588615639
-1.3025628663962123
-2.4159671474759326
3.1998846187885888
-0.7425994204710381
-1.5191954454064072
2.1816942479361408
-0.8079565122807996
-1.1611311721319904
2.112320362800852
-1.8414983574966861
-0.6939843500001739
1.9671469634427938
-2.275324559849442
0.25339614775396946
1.2753750475273053
-3.0991504750004037
0.1366063924841248
2.269753564739261
-3.3560920631196955
0.0014750545494930517
2.711522962455289
-2.602933384130999
-0.48873632824624147
2.806279488532162
-1.7804907612463963
0.05587690889301689
2.601701384899171
-0.797090301018745
-0.04931402777796091
2.8032477296726435
0.24483614960301847
0.2758486045556205
2.826586925058004
1.0833945029297731
0.6068739220701983
2.2625789573816792
1.9568570417824351
0.8156724153817995
1.7979501451017104
2.073165657683619
1.6169707788024132
1.29902002708032
2.1436483818353533
0.7642553040422088
1.3693649236294603
2.6294426506566677
-0.15834586048036128
1.528947476354545
2.1674607041625094
-1.0260653037243415
1.7128122920570052
1.6129441937553675
-1.9513658917228864
0.8348311227719338
1.2508326088885047
-2.439430753421
-0.0613499334925108
1.6442626653932095
-2.7445979454960088
-0.7392427883241294
0.7959922912623413
-2.656415065159577
-0.9635804897527999
0.04753015516015651
-2.3649468447129123
-0.29313030980247595
-0.47502286760623486
-1.7460814077447873
-0.010243157548259923
0.10942252821629998
-2.538988223700459
0.006975172408617239
1.1656785850060152
-1.9738327952641872
-0.6647790755976297
0.5895396615487619
-1.6532472678094334
-1.5343022894537015
0.7492019774262466
-2.157628379434541
-0.9799538814973786
1.4933012226618294
-1.9237120407918193
-1.124924855616578
2.4057520755190884
-1.5413440437696526
-0.3863486734470465
3.1573918300969934
-1.4752894664942442
0.1893282130657344
3.6542879901009164
-0.7885559787108412
0.19633171363459956
3.822722480956095
0.2524059057668386
-0.41709852189301405
3.290244582255893
0.9079244455778743
-1.3451147822041623
3.333005474430393
1.3939733968041992
-2.1890462530005688
2.8364594657013376
1.8534669007752038
-2.79764198216824
1.9903774802066236
1.7468756935063696
-2.067103384810506
1.8860460911509918
0.9665822329988498
-2.4509146103478727
1.0082022374079345
1.3870667187562642
-3.3961919181445657
1.1960346748718624
1.6636588501951495
-2.653251503432587
1.136219970988639
2.3461420364172123
-2.7468052372103613
0.24308400419663267
1.9610072799316665
-2.4799462712364835
-0.7604459463914004
2.0168490349422834
-1.7271591327484226
-1.0620911941865625
1.598172576952732
-1.1867968879706245
-2.036638014707283
1.2410263756755968
-1.9960277222858314
-1.913625172049429
1.9722420337055389
-2.302934854825712
-1.908335451550303
1.051118600580897
-1.4752067844542673
-1.2406291115940709
0.4678852990113423
-0.9232580394393133
-0.9572393960736097
1.193377925816308
-1.315442670591226
-0.3518152990131151
0.7243045850273159
-2.092510890358509
-0.6533847644432591
-0.02478236607019655
-1.9045244885274921
-0.6059490072990793
-0.9882114078008151
-1.8544052073540136
-1.5451503704039529
-1.5051546704642949
-1.0764459693787858
-2.090004009391596
-1.2006637154496802
-1.6852525159780618
-2.365900089304331
-0.47794767094590507
-2.2821053134798737
-1.6471601923392913
0.04939445304941795
-2.5214928943020167
-0.7916565721667216
0.7899753485179117
-1.981399618329026
-0.19802132904502956
1.3879500330977586
-1.8420726935227794
0.6673016333844731
2.0485598075442857
-1.0721875919326966
1.210984414167458
2.430248704280792
-1.8537173506892874
1.1821983167460062
2.8723950198429153
-1.7537130839168402
1.609564589212418
2.0666543780683324
-1.2739568069885288
2.059493938859124
2.74676113017355
-0.5404727507407213
2.037027124171503
2.097534624640697
-0.06513175089285267
2.795570013198764
1.7463795347879856
0.43500192827727296
2.746947169011329
0.8673673721479955
-0.22835881709441702
1.9770643432049853
1.1896908888665876
-1.0837186918086836
1.9087609010047086
0.6805292540743704
-1.095027598044469
2.870434806035052
0.48454161001554735
-0.5566702492095559
3.2301843397356795
-0.1974328589971763
0.4176264954086827
2.9311605898866606
-0.14001597973011629
0.6063304692134508
2.040522409733152
-0.6309781640373204
0.08143089285310483
1.3217008484275112
-1.0087781747986777
-0.3330969553070318
2.4686221201297505
-0.7609533033409465
-1.1912487094578645
3.0965328390703224
-0.8722742822181034
-1.9094452784485032
3.0283792636730755
-0.18178501399916128
-2.122083142581735
2.843088990260963
0.8809551093276222
-1.3597629700415066
2.3288202637978226
1.4563161178725812
-0.9702887514295131
1.483863680609887
1.5260697600365711
-0.25858573736878937
0.9213152248732691
1.662528686914892
0.6783829930998742
0.5464123251965645
1.5232316259503023
-0.006444492161753859
0.6971154629701208
0.870124355560876
0.15043834828752906
0.47647711945633364
-0.21130342968698457
0.8315249905328627
0.037678422094736395
-0.6319834863010845
0.735003885949671
1.082667539070429
-0.5533501199303087
0.631477708254156
1.7067903746696274
-1.5445097667724499
-0.1802464721216669
2.0176473434171673
-1.8349146911200571
-0.9697766533750969
1.662414982415422
-0.9471206487738775
-0.8723937235130748
0.7940691818818645
-0.5786660321248479
-0.3924333736804024
0.007045538193729342
0.4024471842028392
0.686351584210584
-0.030740770611472613
0.36655773363292293
0.8237154019887282
0.8175871365159081
0.2760277890666708
1.4462517651835483
1.604988999537155
-0.1526233970524906
2.4455665336241603
1.5787716916495993
-0.20081745805325446
2.0299210377651233
1.2748406653871411
-0.9469099005787828
2.7183259311079726
0.7213400165979035
-0.6422727723604545
2.5952589787052838
0.04703748883752946
-1.360614028721499
2.353262447355226
-0.5984324116879969
-2.076703183673496
1.6290196015025797
-1.072557095063447
-1.7543130602516332
1.2805778239210248
-0.9755118637194262
-0.8499977153793224
1.9259935656040303
-1.3780533485800097
0.10280180114316924
1.8154619274933566
-1.7652544201341767
1.045930814328805
1.9657797644816923
-1.1757487761496455
1.9534241101383962
1.4638966629440373
-0.27885577530917155
1.9441498124420928
1.8026267746209186
0.6086590729234019
1.913654010261748
1.4952948908470758
0.2909889694261461
0.9468882097778595
2.019404097969865
0.735195896885354
0.10217816022687688
1.8356207014197645
0.3271768989836176
-0.7689070401500316
1.2635957316099637
0.7176418817525537
-1.5354483077066536
0.530432214686569
0.2664149336989417
-1.5009852168113635
0.6790830221942171
-0.6503010722337688
-2.1216807585498882
1.5871900777091243
-0.5842465793097338
-2.6074237379695338
1.0480993192998702
0.29441928345019835
-2.3747868436775534
1.9695915529283627
0.24910245006812914
-2.1277693814796943
1.3693518062707977
-0.300415866157929
-1.456979093842657
0.4567314481512477
-0.5961634004159433
-1.2341180331638664
-0.2975020223677056
-0.2888275563677481
-0.9189571647468314
-1.0393562722725487
-0.29384797053788453
-0.3811789006000373
-0.8067206810096261
-1.0060458988182517
0.045597871971993185
-0.8519407992671038
-0.9123046308895825
-0.9691384480575816
-1.4525147798476066
-1.4561706227248135
-0.469221374810193
-0.9723615992100862
-1.9215793830484778
0.14310659627717878
-0.3050989183031862
-1.8942708825473817
0.8180469087395732
-0.236986275776871
-2.328667050650213
0.17301859226478142
-0.4387065496555097
-1.7839477884425816
-0.5876636483389658
-0.12839190369058648
-1.5712109400951364
-1.5668599876155764
-1.0282355780071157
-1.6025513541753282
-2.140830348412552
-1.3835845414624242
-0.7799278951491928
-1.7508265261808598
-1.274659584898811
0.06400120702526954
-1.2023926234374536
-1.572629429803014
1.015953804866473
-1.1129626480699375
-1.4866164587799438
1.188072164420739
-0.23715221761246946
-1.8448539495515726
1.930386610740846
-1.020110941431529
-2.567232564943844
1.2220919053854729
-1.1493017746644496
-2.219399193387269
0.2782409686845358
-0.8158255818103672
-2.0635976985082967
-0.04381672683685008
-1.737046649514192
-1.8128003575005924
-0.6115240413348026
-2.62822039603058
-0.888963890957056
-0.8895218075996123
-2.834160343870741
-0.6498762824727352
0.012258250433736774
-3.22703950789436
-1.5793069023723483
0.3082193922814043
-2.995476024073782
-2.5879290457771633
0.01670106886023262
-2.7080638728658712
-2.6536064783536806
-0.846379299363429
-2.069867808609448
-2.8246081158213547
-1.5479025365415195
-1.2959691176916373
-2.6897916744397024
-2.2891128109205257
-0.551679217008377
-2.202756779146007
-2.6048867545705594
0.3757821745215166
-1.5094753154129885
-2.9480955025988003
1.0474897933665392
-1.3190520123651845
-2.5271233711189294
2.0238128274117795
-1.099723099410836
-1.5385815196527173
2.03113800039781
-1.5446120866860358
-0.5666963627292984
2.245426631818806
-0.515291225749074
-0.6400607682161894
2.2074562554481645
-0.8614513073391754
0.19593795055512783
2.0352849013957504
-0.14303405087581356
0.5761249990195221
2.7393281934191056
-0.40709973568156566
1.6021126367320548
3.1002079670247835
0.28109963685043343
2.4008890171027697
2.6020382450256836
0.7228853269364458
2.2102759069116225
1.6598401102175553
1.1534888408372765
1.991043162851362
2.5530108023297444
0.413686314052771
1.4337993859587979
2.379081076731391
0.8131615046103507
0.5654451886793165
2.49217201976269
0.42162893086615905
-0.3645732713104858
2.258701025361613
0.12357208902548951
-1.1112462061931054
1.6560425960922422
-0.2939919108461411
-0.19574155712077584
1.3608790530634378
0.8072976027696418
-0.505250459553554
1.208551223081566
0.9319901431514352
-1.1674529502707807
1.9816015751645957
0.6119986122579828
-2.109332915263802
1.6699433600790505
1.0499169619951398
-2.3251329023413465
0.6101076476517571
1.23045538584711
-2.05240459219829
-0.3074091130752194
1.3078082772292452
-2.060011449345023
-1.1834738943966348
0.6855471448962445
-1.6655171105100701
-2.0350198302890745
0.412273251709289
-2.363513790482968
-1.4582725208099128
0.2647415782015936
-3.3781432804581843
-1.256727719117454
-0.39928125502121126
-2.687896405304105
-0.9117127391264994
0.6403637893337212
-2.774607690299344
-0.5228518193051256
0.3875028406145561
-3.0862408469106914
0.4901479856510629
0.26389862162964317
-3.032858567568728
1.4844467108427015
-0.704050715712246
-3.309092284858782
1.7871717921025907
-0.3409864291513927
-2.3138158774281137
1.7993476285232297
-0.51604679632685
-2.724374264542014
0.8826165465386144
-0.8571664210646338
-3.366598906289118
0.2618222677042054
0.028816589826290304
-3.5804667189075516
-0.3072145306062501
1.0194454262993342
-3.6119176520315297
-0.6691996512786221
1.7288543981457847
-2.7978445042046363
-0.7588872137274791
