-0.23771881088955452
-0.10621982595971712
-1.8296896170064434
-0.8576617070360177
-0.6015379517003329
-1.1808109247159881
-0.14674850870722447
-1.2750289126160255
-0.8000199567789806
-0.9101080211640545
-0.9227640081680674
-0.24977101580255742
-1.0767814083212575
0.06899030742157042
-0.37121757909346953
-0.06129731429146383
-0.43380188998088104
-0.43968765644664665
-0.005975786746377743
-1.0297505223173924
0.16893791636833597
0.7006425996317492
-0.8737768378789567
-0.39611013998334793
0.268716328339426
-0.23656864691879215
0.28310322738590527
-0.5584879434833941
-0.23458923688155184
0.30481112166453844
-0.7453694851847436
-1.0910775481121182
0.8886080727704342
0.09688934500703787
-0.549338361680067
1.09839703471821
-0.7910727910280223
-0.1188591947180494
1.3949799083937888
-0.13260701508717468
0.5154062222831822
0.921259619625316
-0.18051038326136154
1.3644429808256564
0.5185233103876792
0.44042848581338107
1.2104914400824534
1.2753822278508131
0.7430903409579055
0.2581587737920809
1.288842142913689
1.4474442368360592
0.017675182258088607
0.5568439223790572
0.6236719855519942
0.8775726600072669
0.3697735220821362
-0.22150679715076768
0.5225536958493247
0.027870004164646127
-0.29399762387246653
1.379672002029706
-0.5286084131228077
-0.32887544486533904
0.4873634405101924
-1.0020256125487326
0.5676964028658008
0.798783676561397
-0.6712271829326097
1.0961552791117068
0.017380835320574082
-0.4330762502245259
0.5639840369741121
-0.045178280009559715
-1.195087682048423
