-0.6266997813427655
0.43109788909955116
1.7146801188080425
0.37396449451271513
0.2265986668241587
1.5696122467442528
-0.1821368941542816
0.5690185400741844
0.8578121397293275
-0.2943608119593952
-0.3661931656418752
1.2123448478632417
-1.0638321844645575
0.159176038283173
0.8144127880026187
-1.3365187993373375
-0.09991980433697152
-0.12275426165206338
-0.4393138776385241
-0.40137548250372174
0.2703023589381205
0.46908853118239957
-0.1297326947974853
0.6794551570364892
0.37030078860554616
-0.457919983503713
-0.32455937393778833
-0.36073436744346765
0.011343037930922272
-0.6380350895472189
0.07098948257873075
-0.5048641272143841
-1.2455529371622232
0.5586331260000119
0.03769884018971657
-1.8950984261271067
-0.3817853085995985
0.3428905933806234
-1.5441999727214577
-1.1828457335901372
0.5844709625121676
-0.92038963892245
-0.7604660870472119
0.7381467171725486
0.03957650427012611
-0.29449715788359515
1.0059985810982326
-0.7955612392426793
0.2134891725102405
0.5695645181479503
-0.09361228314063648
0.4391996775373057
0.40749107458334344
-0.9873127547434333
1.042259479638798
-0.36551053345279366
-1.0485206232073616
1.3211920891556317
-0.11658107935827428
-0.09566091115658198
1.2161548937678734
-0.825111070796447
0.6297769239932007
0.2543589583336246
-1.0790779584702916
0.5242312708845831
0.5935603096380675
-0.7372095592206642
1.3990531552910594
