0.031063183269489546
0.1442078498116033
-0.8183656218950083
0.7112723824456668
0.7668652587356284
-0.4429690848153067
0.8192021885155762
-0.21303224411716556
-0.29566362108491473
0.48086021932085793
-0.5348268373485848
0.5969626771905888
-0.07285661385782848
-0.647745867029506
-0.22843431456331836
0.08310078659964379
0.2692269183213347
0.17036904529621266
-0.7522978921870724
0.5630855699838402
0.6358271963392459
-0.7884290770774044
0.05441780427401122
-0.23454980874627943
-0.511915177028937
-0.40219845263116455
0.6168235322787787
