0.3975513416984122
-1.2967303635418936
0.13921254805979422
0.2579738732289011
-1.1534679357692763
-0.8909135710972798
0.40426833038259957
-0.4744623794152402
-1.651551196359125
0.6277020613826628
0.5066008226948578
-1.4418610974020156
1.4067642489790106
0.2545666773704972
-0.9093216391569556
0.5777697710669603
-0.09376854967835051
-0.7850976623156092
1.3380721539808724
-0.37807318521782174
-0.1555421119095552
1.096546322150457
0.43404431408235145
0.3523341304218424
1.6856446398442149
0.956288758949891
-0.26500606288745143
0.7957794736789153
0.8147420373031042
-0.5770792491610881
-0.014922139354476725
1.1498718351438713
-1.1049922933620733
-0.00016253956448821015
1.7319780437738281
-0.2899664920148718
1.0587066734271955
1.490137149822621
0.2771779888089744
0.2286701936381854
0.8716518545012345
0.5821105387047901
0.44255430761651593
0.25021404272609254
1.06026157577849
-0.3449036594599227
0.25520997746449686
0.4884587362236244
0.37137546706630126
-0.25959756825530483
0.2846545107609567
-0.36031384500362346
-0.8271164571053503
0.42422416079936764
-0.4880740715784944
-1.4191849826108938
-0.26974089674835666
0.0962111838273324
-2.2160957492312487
-0.09759744579314268
-0.32106316492843323
-1.7402117374717128
0.6709279881615368
0.2753472249451121
-1.084093587094144
1.111996036721931
-0.3170664868927863
-0.2960047009020026
1.3819101454890739
-0.9029178300532517
-1.1387465517022755
1.256364766098596
-1.278678224581173
-0.29870522751288947
0.782483337784382
-1.2271200283235006
-0.7497927963474925
-0.13950787123263111
-0.38666117647673637
-0.44648339110582796
-0.4646355842219965
-0.06216107207379679
0.4409712548292457
-0.321222621997357
-0.6437437257635612
1.0924610027044643
0.11027852725961676
-0.9189674234492095
0.7673506008079203
-0.7924376243244075
-0.2645704647372392
0.14338715454610407
-1.2804030094205698
-1.1859855223402282
-0.17749579585393313
-0.9614007219949513
-1.3632713969106312
0.2463979651637408
-0.07297555672377366
-1.2190648312940708
0.7208879407634362
0.8282708481103589
-0.3187955909173762
0.7403908711480603
1.3229564826686293
0.5575059267892863
1.1828786550197483
1.3976303862712038
