0.3516233631646492
0.35036880941204146
-0.5929200708716125
-0.5879614815242019
0.4354719955822766
-0.25091664320302526
0.1759252982345134
0.9162965499117731
0.2016366369368244
-0.571882371261252
0.5414043769545314
0.7417420358485998
0.06736997300598886
-0.06167593452418574
0.2854628964226651
0.9808966092199942
0.3049252620719463
0.17507254983411996
0.7146432115523736
-0.5471027969047241
-0.3087995299011894
-0.03799512683425767
-1.0580979917264959
0.15372883498017725
-0.24569846443931123
-0.4405183741521891
-0.5943395398366034
-0.8469210111185002
-0.4410718966249686
0.18933282979005722
