-0.1852606430561663
-0.5741015563528021
-0.49608375042250485
0.1962490353852797
0.3565392001920889
-0.42845056049503194
0.7789584664280128
-0.45664946734326123
-0.2682244479291897
0.38869868438342187
-1.3797681359853449
-0.31897839843562015
0.12899164572579463
-0.7754166877561287
0.43278583344656535
0.5315973480795785
0.13256160503306638
0.4959831704326157
-0.17354159086315565
0.37819837536578743
1.1623922485756506
-0.02372641750751731
0.9450584542181026
0.3552054685036754
-0.43968916774126077
0.03263915695309628
0.2617472517922485
-0.7667374391661727
0.2095785697523527
-0.6717639252690295
-0.4355399216678106
1.131360485923041
-0.52461289019937
