1.0528708452252906
1.770699758636842
1.1637760892826654
0.7356134039134141
2.1595283512517973
0.26291363420914726
0.14644752596073837
2.343625632042116
1.2086992947890194
0.5372619479964856
1.9097566951100506
2.033578955547606
0.6263482814206413
1.570441526690605
2.9694201282367727
1.0097051383690503
0.7955770699811031
2.5125454485514718
0.7170004145150015
0.6877050001646116
3.4418279280958
1.1125226558017207
-0.10166779445479782
2.952609457481721
0.19351590342988043
0.25793270780484934
2.706120824692647
-0.7461546989293316
0.49477552530753827
2.9071533107382477
-1.6314367052302468
0.4185657640889785
2.5520438062286797
-0.9017010357790141
-0.15022568041234222
2.2811459579595725
-1.7285949410670294
-0.8402352030301272
1.4647994121871672
-1.8891277979635213
-1.0746867013932524
0.7991259116990143
-2.1746009937954134
-1.331077337719478
-0.2482374772625082
-2.230256534616167
-0.38297082108358094
0.17251382046222924
-2.3249317255310533
-0.2570769419052042
1.1364557573623353
-1.4044298295219038
0.18045105034050668
1.5580134979284586
-0.5779964676045957
0.4899309503133001
1.900385155043109
-0.41458303572759386
1.4572681991018126
1.4778791472200203
-0.007109757997417133
1.1804676125037241
2.336699120807857
-0.680794091531319
1.6166486673879061
3.080431660457109
-1.1093260922959274
1.24555773748442
2.215129185553483
-1.4102230771440376
1.25939320412016
1.3548683201183187
-0.9261083719635398
0.6174027849053788
0.85746532301467
-1.3995359775370517
-0.2785244073538955
0.8672212648196519
-1.9382374453810374
0.6066876702138781
0.7967777301993532
-2.3642421784885035
0.6373675640603904
1.7677573222336762
-2.2843481616853607
-0.2855861127659573
2.1366713070289203
-1.513385872281369
-0.7878532761738097
2.651764657057257
-0.5603660158570788
-0.9959534281861463
1.7161269294154156
0.1038273771802815
-1.095913099049283
1.171167725852587
-0.969581642885841
-1.0278818384503092
0.9378557463111666
-0.5073992492737399
-1.8963002460108356
1.4734410785894105
0.5729752861845531
-1.914826709610148
0.8656923659668742
1.3000491130900198
-1.9192334861929377
0.3350942929965392
1.503150417425332
-1.5659463681624353
1.1885119922843537
0.8510230048029687
-1.0530681215603521
0.6030686752537889
1.4500107375160745
-0.5715313788553678
1.3705634251166627
1.9585584654823498
0.16146968191679448
0.9675661775992332
1.137313998920121
0.7888008822441226
0.7334885317492428
0.17889521289912597
1.3283826658208628
0.6062167799018022
-0.2567424093660261
1.2942760842988514
-0.11948132927738914
0.3199292950762419
1.8636277071337417
-0.5194607009909274
-0.329992295638144
2.103882937319816
0.10502410655842459
-0.9299218015384221
1.7791055150710657
-0.5670436644835447
-1.0814630113012602
1.4098423479750002
0.2606953519549595
-1.3985616606758142
0.5262218111895491
-0.03417306581136303
-1.7282094375620516
1.1629103650102142
-0.645506432397084
-1.2033172433303119
1.3277562440077293
-1.4960639626650376
-0.7568015926231103
2.292429302348127
-1.445435739138996
-0.2970340472106496
1.367238010828646
-1.2052923781457523
-0.5274192468288696
1.7063636446495691
-2.261456937758104
0.5046833502816124
1.9175203981603506
-2.605760458626548
0.2884882653823633
2.1903106125298666
-1.7142469287792652
0.3149999800457398
1.1087809394077155
-1.9605672160049992
-0.5426584266186135
0.6680168848613194
-1.6901914871561514
-1.0150387012034126
-0.2136338515941843
-1.213078386307983
-1.3289119592473868
-0.5402231529192065
-0.35960630263540766
-0.4069083086260712
0.09808640695028824
-0.05000287651216601
-0.025497914880275935
-0.2422145966074891
-1.0385242511550843
0.15972068410601442
-0.8433208885721224
-1.8179098936892262
-0.803854140567788
-0.8268276125112102
-2.006052266612345
-0.23938844933115822
-0.15867122377634074
-2.4942931121717304
-0.2867633181208231
0.8338383940852481
-2.7807655339697455
0.68812101317685
1.0425710517506108
-3.041385537520912
1.4696549156020513
1.6269829294437619
-2.764846090743906
2.1856269890663786
1.8363883236502025
-2.0130580774757147
2.2719629557503613
1.7605240696465336
-0.9244557872919377
1.346854286271174
2.096867280908596
-0.8280789864183963
1.121128142747924
1.7733927309582864
-1.8409223611919743
0.8482929145066876
1.1938695083870694
-1.1988660722798359
1.0835254779744723
1.2511319240962746
-0.21414478927573324
1.9568223001577147
0.8793487703175159
-0.42292081884408605
1.7849109590076337
0.9352714983812865
-1.3967089676853832
1.195261208545152
0.7469205825750419
-2.209636474775895
0.723022881325389
0.09431795320920855
-2.778897499794566
1.6957503206583762
0.0275472706006126
-2.681963591883486
1.7471805077883056
0.07963239234573151
-1.7001163123816703
1.222012497313951
0.4550825479540004
-0.8457213464686757
1.464559316204546
0.28944993105391
0.21252073946847921
0.5891030590017444
-0.12359304422167815
0.7371642701459161
0.057081016052994
-0.21158416684808834
1.6339663443235442
-0.44519375528044186
-0.11697849484533157
0.8172873870124155
0.13213122140521205
0.4978239310177941
0.996970489743417
0.39459458650422935
0.6696968834982295
0.16266203799956017
0.23767651566949735
0.649548867899655
-0.9368661725279491
-0.9427570241526656
0.6691851266356801
-0.9459703738840742
-1.6665905953992413
0.5669616980650098
-1.3542915429736049
-2.1417095536489845
0.5197364568074381
-2.3274539683405946
-1.1813083119745407
0.9875798678892872
-2.344395582455295
-1.1461946973693315
0.01392071980306845
-2.207622753959434
-2.04184320212796
-0.431585215298228
-1.867580043324978
-2.1231473270069725
-0.6044105223998039
-0.8662882785540261
-2.161647063587024
-1.5245357439922655
-1.2205126423500932
-1.3461502288167926
-1.948918597719982
-1.670514971086812
-0.8252581462218131
-2.564678513606978
-1.054807329030753
-1.5258176894999926
-1.982852670543031
-0.6359826780528497
-1.1883274869224165
-1.3564754030670738
0.08726946570097657
-0.41533727295171236
-1.7945610142746453
0.35217419044605786
-0.5076738762077971
-2.647724838596769
-0.12795282243425604
0.11450457514587001
-2.3900121288340728
-0.8775674140467135
0.5605629395709731
-1.747748844120991
-1.5357888912301134
-0.18898404465511642
-2.3247091144728405
-1.774678779665352
-0.33449176378570317
-1.5246581502717733
-1.4348502652737811
0.3941467026188406
-1.002717781468664
-0.776498896490375
0.5141348140551212
-0.30347267774609366
-0.2988214813644215
0.040467842607164795
-0.8153357185528515
0.04446657831976862
-0.5286935940266372
-0.7016222635365504
-0.43465437276862934
-1.354064909194814
-1.0801777882430221
-1.127830858238145
-0.5733024824299788
-1.7902664110596307
-0.44819422551334365
0.3938656752356665
-1.64406693610609
-0.06285734407002541
0.4684681910491776
-2.649890300322663
0.12016072506688166
-0.21940604897371893
-2.7727331663125563
0.8232202942867952
0.20993032657510902
-2.542046217630377
1.7717688615143945
0.6647918471746769
-1.6230646122471235
1.779693451093109
0.9454186193543471
-0.696316913978193
2.1703504269486142
0.8386962374579198
0.07944763379159636
1.6405816646149105
0.5204229774148356
1.002742954045837
1.6653161071831697
1.6996369428114313
0.8531961642714627
1.7266476812348193
1.7661195464099932
-0.12213294456571477
2.1618914414427874
2.3972106612134563
-0.5615896558839308
1.489031081866207
2.3974649862423925
-1.3151459267523387
0.7849716684293575
2.1462923010034203
-1.4642243912311177
-0.21616457104556536
1.2616069297951833
-1.8638877098062632
-0.7635110585519725
1.4683824997269088
-1.2549320950696004
-1.5033252315401688
1.0877482651994996
-0.6135211099839792
-2.2170062038712333
0.5448067998287486
0.187004605179327
-1.8199910376971367
0.9385718614817894
-0.4783996351801551
-1.1831430745650622
1.1719578500694874
-0.950772354402839
-0.3460328045424177
1.8098185949867545
-0.6127853987763529
0.3704875512905015
2.3656423622098166
0.0947907688214145
0.06711971834704374
