-0.24343589436528426
0.20692328497914964
-2.030587578181502
-0.9880364851947382
-0.4658471741986241
-2.0826562604441787
-1.8235757026777686
-0.4129210285971762
-1.5108874468412923
-1.6998009584764833
0.03900262087132813
-0.6722847888199713
-1.4630873672741245
0.7249479574274162
0.008090802264171339
-0.9874758343186845
0.3858016913999639
0.7468055926997518
-1.4769481744375883
-0.3506947821089112
0.19273646527349825
-1.881023785108528
-0.9078074901022325
-0.6255014352259233
-1.1764074985762967
-1.146223082978108
-1.3687903311934826
-0.33129574531672307
-0.5148667367170322
-1.3187026397319634
0.5794615325356495
0.007857434282996473
-1.41339565026227
1.1152531073372218
-0.0017567337567992785
-0.5421333674441113
1.0430626727503982
-0.8134175379690824
-1.1230824095952805
0.16716043680028725
-1.241134643335028
-0.8485484158380309
0.20620708694723472
-2.2119705334532958
-0.5736444959214292
-0.09790865318392486
-2.360685182935658
0.3892607165123683
0.8925173136272458
-2.4674601481340823
0.5144227733044601
1.3535054720467354
-1.575828781495934
0.38636474218612443
1.4681571774219973
-0.5535007690618836
0.6066057243462399
0.9422161019858104
-0.7930346445868981
-0.09737048522684408
0.41244715683051136
-1.6610878435280831
0.21364479410536824
-0.5462857153104542
-1.6973942730489135
-0.2235942114887163
-0.9765007816500306
-0.7215120143115916
-0.537313488458973
-0.7020343859690504
0.14521113117565845
-0.3725250317885456
-0.5109384196255936
1.2051903561719406
-0.3933005042874639
-0.606347596933961
1.5351527743318079
0.5259359832141108
0.1893977352800185
1.4022377128131807
1.1023097553370018
0.2506045966208282
1.6015668625247443
0.08178610218552954
-0.12271489493678941
0.6946847611608271
0.4553012463752788
-0.23317872051626148
-0.24204514004393726
0.8764406720981374
0.49369932152350865
-0.8464151502624812
0.7460765071780852
-0.21169984827095525
-0.8205444537027843
0.18321194581911765
-0.4067954985032615
-1.502454424575074
0.7151122870480643
-0.213086569514947
-1.2972695980366322
1.7020781208336768
0.4160214533404196
-1.8750599714593004
1.127597358524801
1.1316468020441326
-1.1653133201398367
1.5433220898425566
0.39735492036558073
-0.49826708803143144
1.7095274585336626
0.9105640265813253
0.20652509531219626
2.169459168515895
1.0317427671615045
-0.7331492578404011
2.427597910504003
1.7607928820041183
-0.4521887498925512
1.8212637138847123
1.9438178981726133
0.6320722109516412
1.8523713588010065
1.0317634522001096
1.1136903082649265
1.603264537607079
1.222843116312795
0.2217390333373688
1.0393808596992395
0.7556855468313579
-0.06875151477486754
0.4333359475609182
0.4047482075510433
0.4903189435670839
1.373147420624682
0.968355304891769
0.9863964927172157
0.6838435519941932
1.6717423500720416
0.39715445268423893
0.2625432712583861
1.3173217538605921
1.3062091361878552
-0.22991254955648213
1.0973609336836698
0.8490991186440676
-1.1035663000263016
0.2971938674347493
1.4559292107553188
-0.901322792943658
0.5014220715319448
0.700812155923511
-0.41926947007200643
0.20422252580922384
-0.07410838381515562
-0.5749901359572027
-0.1317523497148437
0.585607445585638
-0.9977586154879169
0.3936614287154315
0.9922743918719243
-1.796638934595421
-0.1353481901827481
1.8452989002968263
-1.7222776283642902
-0.7864487137598779
1.1132357203828154
-1.7278508077351176
-1.0712714848244649
0.2090919544822267
-1.3224219848550476
-1.4548579394838455
1.054643844388087
-1.0113024096819632
-0.8882411234251217
1.843193329280312
-1.059110126514527
-0.48655823339936516
2.1764366431933384
-0.21100241724629437
-1.3696976084203987
1.7219762079995589
-0.1462874246316081
-1.545677995336572
1.2591041125345779
0.7621769478283982
-2.003518851563255
0.36332515739381493
0.7030143124572932
