0.5065015056708008
0.17089902957992026
-0.8297003802468864
-0.4775081709824989
0.395352071648068
-0.6548558940413786
-0.9822051912351134
-0.2836823752948852
-0.1222880847430464
0.007391222723926932
-0.2081992230286082
-0.14492398379539345
-0.2982254902450676
-1.198327026712329
0.09253792573795473
-0.5129800160735285
-0.44621884834413905
0.7811602121098081
0.5005617354266186
-0.80026882322043
0.6480486702768624
0.9440753899171751
-0.08360912055287974
0.04571955663751955
0.31233962879885124
0.1732505802826789
0.7918645476110237
-0.5313157162064397
0.4604157375809132
0.34422651150283073
0.34876123813724486
0.7012388040028688
-0.023140911272247707
0.18260386406802442
1.1191491940588238
-0.928648169777042
