-0.12932053994858805
-2.135843618342756
0.7399912631039017
0.7906257187739736
-1.7460340787667223
0.54234381454764
1.5348585282284817
-1.1285759763158731
0.3016330216640189
1.289463174734888
-0.46012269512550663
-0.5595292878309652
1.094173296205022
0.40978047740728063
-0.9081950383132628
0.3832052532021585
-0.17989052204382938
-1.3445603037204323
0.1864433239906548
-0.09059612870696697
-0.3775625518500035
-0.14497590574884506
0.9027295829871952
-0.3907395090213615
-0.4805445993208184
0.27046487806135844
0.15047574663266647
-1.3114949786577705
0.289918668897176
0.661778059650851
-0.934090807038761
1.0892755547024195
0.12955897019939067
-1.2878921619022012
0.21572049319448178
-0.3262365857751624
-0.5076664070929605
0.21322850332121177
-1.021308221675773
0.22675278161821416
0.7837158845741027
-1.4225735468503
-0.6691132758169649
0.9305269462266385
-1.7494520533645068
-1.1665541279954699
1.783680249461942
-1.4689485465432328
-1.0677447575874415
1.0204374359404584
-0.840361313116864
-0.9678292989351309
1.9177949080153283
-0.471648552147312
-0.2583897901775258
1.608214814111506
-1.110015424907672
0.6727288250617406
1.4018914313199557
-0.7406070557290416
1.5552754139423257
1.2191856139130308
-0.4775373125587869
1.7665894099087371
0.35413373431688333
-0.19814742831901883
0.8596526207240436
0.7260206095312272
0.11511165675104675
0.02038188871475414
1.081464103360297
0.5338669613000646
0.735328064951939
0.5258519398232099
1.0584082803746402
1.2160445628902836
-0.07392003359189767
0.49062304771183723
0.39137456672805027
-0.8827221125171697
0.040819515018627864
-0.38437914930743156
-0.6883290981540746
-0.1853254928530092
0.07031889227960003
-0.9576171335752495
-0.8227913834781316
-0.0894769458291779
-1.6334098016335286
-0.11955584055259069
0.09849980126814688
-1.2395238894815916
0.7613359945326452
0.8828585794348052
-0.8773234695747032
1.096408856513169
0.3720774564200605
-0.20379052781378512
0.6134981432482233
-0.2861038844713748
0.3833682918225064
1.2166189538014218
-0.675375950139261
-0.4394670170275862
0.8164033914176194
-0.8475274984833528
-1.522074288536095
0.48099067581949223
-1.4747431832221618
-0.5968326362706567
0.2614907267903895
-1.356811014128027
-1.0387815230372173
1.202597334577076
-0.44280042808945996
-0.9629500806062951
1.6817103412406298
0.33618254481482956
-0.2695994898666386
1.6394306937120848
