-0.8426933725654646
-1.8470589960090507
1.0554519913367788
-0.17826480183934867
-2.5812667725140717
0.990149697427608
0.7210264119612739
-2.7072473168239313
0.5599209277063439
1.3448715130176208
-1.952295411268365
0.5504974031942859
1.5370662894600378
-0.902882016154384
0.7833537090155407
1.0620048385402032
-1.267602513290059
-0.1339950051724723
1.1538374394114865
-2.2505156336998913
-0.2336016200708809
1.6582530485252027
-2.7319965350819095
-0.8666314616976678
2.0232741002803345
-2.1204398079401936
-0.23718030514340682
2.5283299014215577
-1.8665374882731944
-1.1380739018895563
2.8611292562241095
-1.3791062800767404
-0.3548274624841707
2.2850491281393683
-1.531779544901804
0.6612669128901931
1.8598509654750415
-1.9238178991912644
1.4864006065449435
0.8892334755844673
-1.4352703740591322
1.3898063361654576
1.727799768392788
-0.9904215124283638
1.7463148038461465
2.6588582740604587
-1.327375406125447
1.5468280492451205
3.2541702539048787
-1.5687843545374467
0.7693874435162728
3.529321963291563
-0.8371822989632643
0.08397102108295114
2.790702602332598
-0.7003071279990071
0.771133167905759
3.0477750082128425
-0.11122832481764212
0.10851652502421884
2.066601728709595
-0.07060869978588054
-0.6720659427629052
3.0889084171764924
-0.6126727348387971
-0.732555844012086
3.821065326585479
0.0066201678250577736
-0.38253600158117945
2.9903423091063215
0.483531196430681
-0.8035970053990636
2.4634080886170993
0.8793005784081124
-0.028879627787491563
1.9311350733277564
-0.15556147216954913
0.5102644948300665
1.5889600407167666
-0.05965261146100664
1.3691221380975176
0.8860654837029882
0.5210670346000756
1.9288738413637916
0.33681345894347337
1.261741212907666
2.5087775993310912
0.8539411865585268
1.481288329806288
1.6230225415742356
1.5748513131300323
2.0940674394218575
1.364672589993634
0.7895905486800501
2.619439265710449
0.9883770662242994
-0.23513177533111973
2.6300783950128652
0.9769945747578715
-0.5662446333331795
2.0287791140243874
0.33410958155366977
0.20899336160177004
1.8797225354271405
-0.5138005855426179
0.3674784262515816
0.9652208042144903
-1.0114331155398841
1.239595411092455
0.3352415350215129
-1.0407132835660964
1.2902147216812236
-0.3360327998636498
-0.1689783385423145
1.915239949337751
-0.8851178554662499
-0.20840027292098548
2.3013768210949395
-0.7559747546358366
-1.0468600686916312
2.0686859031352443
0.19936146539818167
-1.4893686422244394
2.200544989128279
1.002150508133088
-0.947018479488884
1.995904899188054
1.7235028650023085
-0.15956349959042943
2.1298068413377464
1.4296453079581353
0.741012190585239
1.2134136258049928
1.8243321937701522
0.4722184480016456
0.2624070442649502
1.7783525727523968
0.8494411578098733
-0.5891486860283375
1.2578428663807126
1.1995065059289987
-1.0210275870911651
2.02609228176278
1.4989639045331822
-0.784388159958288
3.0841136991869313
1.680573420268571
-0.16345162989857814
2.663982462967848
2.3026205451881165
-0.1551715142220801
1.7806427828227536
1.8273432752444005
-0.23692201843076302
0.7615479894176669
1.9077212339381928
-1.085324402746331
0.24987402393180372
1.9589685025713877
-1.9093925653311037
0.8828404818235382
2.1577742997471234
-2.672278560342519
0.9811505961778608
1.5021131959831
-1.9146121419544628
1.8164561221806654
1.3814853047583087
-2.229054561337763
1.2087268720018198
0.44256534127220454
-2.388234974987774
0.23981577792885772
0.835187384160415
-1.484056840151902
0.04549577899347167
0.5446247268721899
-0.7543350077786547
0.2867102032460667
1.0823418905800641
-0.5560246696762503
-0.7439611466494052
1.2255281109767804
-0.4208474518563119
-1.2795321283870251
0.33235252537510324
-0.6997727151961154
-0.3548827755472924
0.18135100159959347
0.06400170370006904
0.184903185194364
0.32931346198224903
0.23044260032444772
-0.12350301364096733
1.3553889375881139
0.3373934954904083
0.8679027864373476
0.9707285652651043
0.1255066695166961
1.1012914224669448
0.17786002066415926
-0.7142286646229576
1.409670755043366
-0.6031497086109087
-1.6638115245170468
1.2877936035982773
-0.24396976670344417
-1.4689280690526763
1.8143153985744216
0.5377553941360662
-2.14170273171952
2.1440634700607824
-0.1671750670151881
-2.9800809261957277
2.655483965124533
0.35400554218412167
-2.7508781572356615
2.861228242612199
1.3855323123027723
-2.55209598412973
2.0926867054709564
2.002301263196462
-2.8746703190981524
1.9740931594705484
1.0546109979251561
-2.0423391978504357
2.501350384108004
0.815311122426317
-1.2402777134819885
2.796782026816528
0.7836479194722077
-1.875580927586875
2.6622493295510337
1.7131299908509432
-1.1248487409064056
2.701413669698062
2.56336990052543
-0.5772595125533053
1.8434641766940025
2.686257003318058
-1.6016221741449808
1.8919951308579188
2.303658127442909
-0.9350953989603447
1.3107881330805793
2.0019630380013655
-1.3406069125400006
0.7929699712735013
1.2090370890391637
-1.1159914559648025
0.8760776195689001
0.30841988013077226
-0.433235217532411
0.33991054997666986
-0.45836870473555263
-0.7104493640873135
-0.3429456497246404
-0.664440826010277
-1.275650743786259
0.528757360030527
-0.5555576466308071
-2.1560994826507627
0.08969313700775915
-1.1155401846871746
-2.5730831581940192
-0.5023870241078074
-1.7774606649786724
-2.489798021631749
-0.7976421948833912
-0.9000752724576649
-3.02307858594237
0.0972124591386721
-0.557188152517189
-3.068809415229929
0.6922360472015525
0.2834475582201689
-3.008858847852513
1.6895098138830134
0.11906477423419441
-2.6451190585050997
1.1604957515699639
-0.5674378095466133
-2.9277665272281754
0.7086991160280515
-1.4053914253115054
-1.9209679453745272
1.0882753042055526
-1.3254149000222262
-1.4547370250276688
1.9633801616274704
-0.9737748858846585
-0.9893695584289558
1.2224994573317076
-1.487817988249247
-1.324825863361604
0.3124286205023921
-1.453780912686247
-0.6597976114890537
-0.4879931846321817
-1.8221027073184963
-0.3400418618350986
0.41771669216799107
-1.5209823274245162
0.20228493221565866
0.07549298272732674
-0.7755486460992926
0.6970932875387191
0.6353716792153938
-0.2653661950659427
1.1926391942705183
1.2371852005912787
-0.6967772950421376
1.527634513215854
0.9289977290724354
0.2187616457409381
0.9618767214944203
0.15866686518536785
0.7182912879218688
0.4769145739364101
-0.7102279907424208
0.6940337033623494
0.09516780615502307
-0.7068128332997502
-0.26599758669577683
0.963201647088257
-0.8385284570451494
-0.9495201414632606
1.3911334048428827
-1.0030238590467146
-1.7927003652200264
2.2652513014658426
-0.5838752243572515
-2.1084106622478074
3.0269942579016296
-0.09700280201773198
-1.710520174260966
2.993488416425239
-1.1040578961761975
-1.6375363649832209
2.262190116379484
-1.5673111263025459
-2.1779138003625222
1.2183027041525158
-1.7227621803498803
-2.4290348008403155
0.3227034602827592
-2.129150464834796
-2.1154995053433394
0.9650811959165883
-2.780659576657633
-1.6637497200541878
1.5881988033150785
-2.1247962559433704
-1.5954658947335925
1.4672491186420347
-1.6163706471560384
-0.7461483461427568
0.8178087945500812
-1.6159527877815916
-1.3388902405390655
0.3332906057007356
-2.4599629326966346
-1.00410368442229
0.19210364285257664
-1.5576217179751333
-0.38832450824679954
0.36662049605160063
-1.8443216811073415
0.619500694038541
-0.14392031701513722
-2.513187799717658
0.034419415595228826
-0.9631095696834937
-2.3100741589645213
-0.5547541489074107
-0.4273344448686047
-1.9280271561018814
-1.3445816878046997
-0.5021795796946498
-1.3943493899081971
-2.15286951302605
0.5624834529015319
-1.050615511877055
-2.1314813450808154
1.140803856600563
-0.283501249710696
-2.298471085418878
0.8388203603090614
0.6436677903022939
-1.89732551798821
0.36913941693705704
-0.19803030135271868
-1.7803709267757921
-0.03163173399576295
-1.0292909396131862
-1.182737434789846
-0.6821281872345947
-1.3186078675390893
-0.6121994970505943
-1.2906071839599391
-1.6619032493002606
0.18901229507190864
-2.278441357862415
-1.5128492892758192
0.1482826274935616
-2.486118815480674
-0.49794497072805105
0.1537606012270957
-2.321415346985703
0.4207054057215804
-0.05966179925661369
-1.6366700403771197
-0.5417371341700726
-0.4597681652450542
-1.7827912426049306
-1.356291230643367
-0.6824987216797206
-1.2628244446732217
-1.5303351191348604
-1.575377712377161
-1.7641043418489277
-0.7069475248893521
-1.3834267798771955
-2.316637478884192
-1.444702350472228
-1.5511534750872065
-1.8232513264913384
-2.322981177916489
-1.1462226933614137
-1.8790526602165738
-2.410187069882516
-0.13916067184281952
-1.0334169169308298
-2.5945741352035356
0.4215073648547381
