-0.8374671621198627
0.7233769868280333
1.6765621416676186
-1.0812136808565405
-0.23072717027929937
2.0912358491033287
-0.15857659067948157
0.21610000820828956
2.185427868699861
0.060924139620276214
1.1745149417826104
1.7692434908841916
0.8994509240355645
0.9598876707827287
1.0901973625141281
1.065799577299861
-0.06983568850605831
1.1451282862117282
0.7565583590224185
0.02463334446081627
0.21768429440339396
-0.14662799290801387
0.24014251019369326
0.19862204296479247
0.4324753965263612
0.5683009637769131
-0.41001009985337417
0.383873698656083
1.3541848898464792
0.2958855117660581
0.034099854332565474
1.9813002523926213
-0.47045438968133496
-0.9943196691310489
1.9947517111931878
-0.4230264219608841
-1.0655350760845854
1.2350645495999804
-1.055329365059904
-1.4175050561642433
0.15818677460787856
-1.1339744471262028
-0.5732578058524026
-0.41528165649571464
-1.4082455575762316
-0.5919011512925892
0.6663836817955457
-1.7549360675691055
0.04971653618247722
1.1539290366979087
-1.1474194632928922
-0.5251303969714585
1.0956624651433422
-0.19782889112873933
-0.4496562803560072
0.3471091077942863
-0.5463175376783312
0.4225320423536615
0.2435166847982029
-1.3052173703622196
1.1174985471915324
0.14445816590474883
-1.7671150736363885
0.5409866123088369
0.9329187664354823
-1.952312602097331
0.7496508902465057
1.7796725377072706
-1.4635244581216984
0.9512569369605043
1.646875992758909
-0.4679747350292005
1.0330902280398766
0.8083384666620256
-1.1359498411742825
0.993974754422703
-0.042213659489277425
-0.7533204997470129
1.6825740953786184
0.3196885747509819
-0.12000965406922104
2.5098902090015365
-0.192971520405813
0.07561877811081331
2.0219757520170973
-0.4633017176241316
-0.6922978349777229
1.263029422008014
-0.7872179827049257
-1.4330453751286838
0.287641186798854
-0.7585732731176085
-1.0817198743606313
-0.6573514098305386
-1.111659486006008
-0.7689732208979685
-0.5279836490829392
-1.8990998714353562
-0.07889691574154113
-1.1361391291060376
-1.8208032863309738
0.7419338412034858
-1.1367393398049246
-1.0231016539705913
1.4325462055601386
-1.7350049393370228
-0.21320675323779353
1.1940730973930749
-1.156320335157678
0.44839177180443485
0.5290180526074771
-1.982056977083393
-0.11028526951173946
0.2175284547444387
-1.6583165946524308
-0.700384364866829
-0.7005221764030745
-1.467147396967523
-1.538242162784086
-0.1919648301337616
-1.6869682051819241
-0.9777748961084566
0.5857972206518678
-0.6622191831251866
-0.9167473880221877
0.5199268573110858
-0.9706031700458961
-0.24015870678152912
-0.1255424077355997
-1.41347618128638
0.6984447097080457
-0.268855228745049
-1.2564190137477462
1.3939934152793885
0.3745738244044737
-0.4540716627879794
1.1227781727752093
0.8305679519520771
0.15273483989298448
0.3029285701041065
1.2633421719218862
-0.6225893739083179
-0.21423669026121248
1.194047501565964
-0.23320823615533828
-0.7240023844782665
1.7800474823453778
0.15407477924026974
-0.5018911942252531
0.8821285151942009
-0.1827947189391757
-0.5478165856790659
-0.2011872938821136
0.2040495045577085
-1.445857584677673
0.35739785909282235
1.0287792923512948
-1.1117188842681283
0.9554056607688789
1.6832094970818217
-0.6179284323370232
0.2973864762072621
0.8849791541770026
-0.944617003989537
-0.23063394779136523
1.4646544058971496
-1.5635097160093487
0.20785039542874603
2.3330234972175417
-1.1634752024626984
-0.08737594292024319
1.6180962457973114
-1.3888945377263615
-0.7351956707970051
