-0.24739311398864056
-0.9811854713228781
-0.4223322692147803
-0.3863005248260479
0.002458221971134978
-0.4062078105467277
-0.3446859442655952
0.988289889308704
-0.30093591695004474
0.12502953091427696
0.539310865777948
-1.0751254141729452
0.48233231465116855
-0.3481254063448669
-0.750696156832478
0.4837307087486692
0.4603213530931333
-0.14295022019440537
0.6580695503687999
0.2631531858700932
0.8282410804631063
-0.0802684544869099
-0.339992121623861
1.1556747099030857
-0.27539457761360797
0.3738981077938758
0.5005595887058542
0.27604046783470276
-0.42708823943201163
0.23553635523422287
-0.6911599573368126
-0.5310403850912767
0.3782360536051082
