0.4872593575039568
-1.5951586855657156
2.055865802269466
1.2220840543835325
-1.034742808358127
2.0019838117820155
1.9955669642053522
-0.9522249668193977
1.323804140424235
1.0552279682007821
-0.41831343199260385
1.035672670743338
0.3986034460013356
0.24053184993793755
1.1792497143571685
1.1223950051768137
0.19845737365740318
1.7394609622520503
0.6509690207720057
-0.4116515459069489
2.53745425221227
-0.1988342827646488
-1.052676136437332
2.5334827955404102
-0.4986329760962803
-1.9844504904527058
2.146713489328735
0.10401942897915505
-2.160075531303046
1.2945035399513827
-0.02494501713048028
-1.6148828077213473
0.6016352990801151
0.7431762015809191
-1.2963627509581725
1.2360198653439702
0.4531806502586876
-0.6879596405214112
1.5929600518086837
0.1534062598297703
-0.7942031564389399
0.7151261288632925
0.7173447725673553
-0.22343838451874978
0.12092415977322013
0.7648823413217356
-1.2207779162088868
-0.2510665487186716
-0.17481072466650815
-1.648296147643896
-0.5670538903906204
-0.946669954992478
-2.1672873093006575
-0.2460835289186243
-0.9845044862134248
-1.3889354402655545
0.3235408778584167
-2.0981902218810835
-1.3576419572534075
0.7961395865320491
-2.120944599205402
-1.0254411506531766
1.6405266998715171
-2.1478468121885945
-1.693501805286991
2.333321793664096
-1.939097648130911
-0.7647425276483372
2.6494729466172355
-1.5136770567673397
-0.17205740416907653
1.8942514643046466
-0.9705916793724232
-0.44374978159510586
2.7116878636684643
-0.6956558109765643
-0.3106797546340358
1.8021705973435929
-1.1906966044857177
-1.2549103198030191
2.096141497737625
-1.196745499457048
-1.8465552210908827
1.382697533507788
-0.37290758856877937
-1.3184464829399447
1.3467891476284624
-1.2761560253098534
-0.6627115429418062
1.3412827382983843
-1.6513491913723708
-0.7589901593213882
0.2082174625133111
-2.019908601321755
-0.2572699231832974
1.1084702601826057
-2.3633108252710477
0.43297371317850325
1.7900244827767255
-2.1258677693765193
1.424529328393617
1.6292932992668097
-2.685738816565681
1.533542308590413
0.8266247854410549
-2.8949961390096304
1.6573873850967078
-0.11576232359202486
-2.8893404378124323
0.7356936738257738
0.3188841694875389
-2.1348415221068233
0.7374544732254849
0.9263030747947283
-1.4316401023795395
0.7752660620404915
1.783926165244267
-1.1913255220701933
1.737630133534446
1.5970393597425623
-1.3275503012569587
2.720776989671332
1.2603084771848694
-0.30135084720579425
2.3121837566936136
1.4536195119927684
0.3965755397883151
1.821449407092586
0.9105331150131072
0.5656646317380971
1.8062209402525113
-0.11666120560529226
-0.0249782550365328
2.4199174897404894
0.2449556059471753
-0.3692935351393789
1.8655467662717946
-0.6416145804044311
0.4766464539078766
2.5307433971674835
-0.7133355901511819
-0.5136346960548503
2.9034509358531357
-0.5308587312140579
-1.269544071514083
2.8453748196919273
0.15851421755335363
-2.0044242227183657
2.1960162610731855
-0.1341000208772348
-1.2225404336102774
2.282349677906534
-0.8231886709906682
-0.8423985201672219
2.163853519331382
-1.7691442738774263
-0.9308574574946927
1.398723600059594
-1.2106572996691383
-1.6906106036826953
1.5593511345779307
-1.8805203623399727
-2.5325591959182274
1.1338374379463405
-1.587046639867825
-3.1766414776628427
0.40410345993180397
-1.2407773222972902
-3.1400804869612657
0.05307190943733997
-0.4139635324079004
-2.371355054359157
-0.9072061928184032
-0.42892699150864666
-2.6515526428936083
-0.6541341690686765
0.4887646254796685
-2.126268124845839
-0.06750811393976396
-0.07689045390057794
-2.465996514348617
-0.241692846621219
-1.1424743521129375
-2.2110884549150813
-1.2790777675482528
-1.2352084573487312
-2.7026480598809197
-1.8422434647230406
-0.5321570137475748
-2.594075591612856
-2.162102058978952
0.4669987073658159
-2.1052664032175548
-2.183457882428565
1.4050717274298128
-1.4019397117594166
-2.2792720823903188
2.1458025561370526
-1.3177513442013633
-2.779531957529684
1.3099610517780778
-0.6203597672622759
-2.3581264387392054
0.694734755942653
-1.6505402319766187
-2.3289996498631944
0.5082111248662224
-1.8056377009482836
-1.5962704405053532
-0.24327396152635253
-1.3304015201108994
-1.7694447975249628
-1.0705985455131954
-0.994365241672771
-1.1218626263524638
-0.5157078095599236
-0.7548391281980619
-0.3906644963494438
0.545170219315983
-1.1047856951897042
0.0061541397991598
1.0821119226108837
-0.3622177947641159
0.6665550938443003
1.4663859922610396
0.5727114992254588
0.9968049449803946
1.5671004710935812
1.3314487783180105
1.539879378744796
1.2161272382526347
1.2866894455242024
1.4189888534945034
0.1833336374326806
1.5246806198271834
1.0772039062785466
-0.7270853703482941
2.085325930543566
1.0408867103720976
-1.6386807076087115
2.9685968783713266
1.5314144912523198
-1.5399298735019888
2.199329149761442
1.943098441431333
-1.1033038666143882
3.076170422606486
1.9007735853856524
-0.5869509766931998
2.33094769168214
2.575368859000201
-0.3452260056644205
1.3674400634290313
2.115599019313072
-0.45024615202598983
2.21929696164178
1.6044986137567865
-0.016870011572770825
2.6658496102748863
0.9583685218938967
-0.7442619402928649
3.45116757340018
1.041249245551949
-0.2129437944831483
3.6379388843734723
0.07364654818981667
-0.5728130308009487
3.5486558059871114
0.8363577395138796
-1.1662089903577562
3.5969212292750083
-0.07875268596828383
-1.5573713714502257
2.9392618594279405
0.5911165166028918
-1.902398416045072
2.046475336572722
0.11487061464946126
-1.9157386635113378
2.8315983188966065
0.11813075995135863
-1.061525141032529
2.3354512699805694
-0.5171757786872749
-0.24767664933693687
1.9737162227095144
-1.431079322312807
-0.45406149982649496
2.2258204762057794
-0.872259956434455
-1.3568417068208796
1.578371905442936
-1.361677940798594
-1.926444139588631
1.4920210401945293
-1.9480232808671798
-1.2881981386248818
0.5444875625918969
-2.1841412647340785
-1.1165706706441263
0.44689815175870246
-2.4848901138730812
-0.12235899450120775
1.0422226508058587
-2.033442107207579
0.4162412016266349
1.5061207641189394
-1.1958480602718606
0.3383518278754892
1.6382833635103589
-0.10106442917456876
0.1889672980293841
1.176949718568294
0.5822501524935901
0.9685231684871383
2.1562822997572697
0.9996521948715152
1.4412066750180563
1.9950854937536526
0.09201434734179294
1.428161407002964
2.2785916093594634
0.7166226271542021
0.45407426942322454
2.782505539347929
0.22265450493202468
-0.01666749167085945
2.6498382632674615
-0.4308436271233241
0.658160446310011
2.9396523714503244
0.40504432397904894
1.0042260177507472
3.418911380073146
-0.5342586575400885
1.0106735518440821
3.1950699158911013
-0.6995581029449508
0.05628769538396571
2.7881155941402977
-1.2920591043673426
0.749375695379124
2.0283716270489323
-1.9927415055491782
0.3352190449623786
1.423995832254331
-2.385358377608018
-0.3538108026270007
1.1761698180920297
-2.8298539555583773
-1.3348667526916642
0.8193882359088739
-2.0136325140478935
-1.881507402216381
0.7877373467617991
-1.3031768619803128
-1.1624450975250058
1.2706160816011451
-0.6678823089597842
-0.3779132972521881
1.187063234727896
0.3549358792830296
-0.3464250660041539
0.5818768408355369
0.7536799405228607
0.3594653664620693
-0.32295014475661393
1.3269315468699496
0.34379096440507734
-0.7894577346650471
2.0058941455327814
0.5683571882840341
-1.7852215779213965
1.8587038935784836
0.7846335993827751
-2.1031579688770923
1.217641524313779
0.11525594371106021
-2.6470280911270216
0.7576564588382532
-0.5182456907737903
-1.8384973598933623
1.6143116909822761
-0.8600871538445878
-1.0981266677305963
1.5219166567764817
-0.13102864376431012
-1.0791143906543916
1.1632843683842056
0.8947822116959423
-0.3633669479598635
0.4118550066226109
0.403532422097578
-0.7930240914691395
0.8091751451921187
-0.5312456633409658
-0.9038445080483999
0.11419276139678725
-1.1477159374243289
-1.5147286080303726
-0.5721362454987196
-0.7880400805773312
-1.01108329204105
-0.9905143616916614
-1.5625041875927101
-0.020814085497776476
-1.5312220470247584
-1.6179716049268753
0.5854629670223103
-1.1055361652068283
-2.273402966228231
-0.37686133734522187
-0.7862533576487617
-2.366920168596385
-1.192211824650453
-0.16420760766467166
-2.2122070001571497
-1.7038836857744006
0.563888041496802
-1.6933057989651452
-0.7656730107155563
0.7761608601117136
-2.0042847474378966
-0.06624860290927215
0.4267290924948504
-1.3970877619799853
0.30024822970346154
0.8214081477212951
-2.2446861621143888
-0.06500631893459193
1.5925388561585259
-1.5482610231661833
0.5326282797672486
2.343925313035052
-1.6914918870287246
0.97823771518931
1.4574439038127451
-1.6711537590615142
0.5677670991505318
1.089452000878028
-0.8194883631855415
0.08682171672755282
0.17216901434373372
-0.44600151519025094
0.6546910098132177
-0.11495698924910154
-1.0125709366232525
1.108544557062857
0.4040864834780061
-1.6367754692891925
1.677628668959851
0.14842173071556036
-1.0497107933572867
1.2898022060677878
-0.456233741079754
-1.802111976932337
0.3052252730937053
-0.1808922060481829
-1.940279540350711
-0.13170044042516343
-0.4495352919841501
-1.0564808828643915
-0.10717292460160889
-0.7942543033297396
-0.18839341576539675
-1.1812769986238887
-0.06221176512832502
-0.35874885104168885
-1.4356753321662619
0.7042158514049213
0.05586930525295947
-1.5612755411616699
0.575143950974215
-0.7199066387982548
