-0.4187480666732213
-0.5879477825212871
-0.6958328159748004
0.011350001728718978
0.28036395093340566
-0.9624719905890645
0.3789986874934897
0.7167332071980154
-0.1339189223734207
-0.4834952347962877
0.21071769478753827
-0.09747730213643246
-0.3328984430669595
-0.6820882476826265
0.30413404363891045
-0.8138750970833738
0.015199027633702827
0.8296922141880442
0.1599491918630981
0.12736353913118612
0.6549601680490625
1.096962300149311
0.19109494318992487
0.32739363624185
0.4017566603852227
-0.27143633266985934
-0.22647903104415412
