-1.7602584383319912
-0.5502966506318326
-0.5356778950703295
-2.068492407324484
0.3640010578207029
-0.24620262617598637
-2.130265898871394
-0.4114408061258724
0.38765543506306127
-1.286668700012841
-0.8936511323889996
0.25367699037722546
-0.8201596194928333
-1.4980755801290098
-0.38382879610853926
0.029111121602360835
-1.9453804463774715
-0.166041857048872
0.025709240454715683
-1.1636939421114505
-0.7590662657774698
-0.8253524891218607
-0.5405005705638829
-0.4889822213316272
-1.2679870880518627
0.23358241939645266
-0.8596970908457983
-1.1117339859337716
0.06593967246181638
0.20360904039239724
-1.2336806630568773
1.0446090756064006
-0.21701572138705297
-0.3811208235152669
1.4476414474558406
-0.42909868577493376
0.23865990082230776
0.7340162787143828
-0.939812986386898
0.6220642453155164
1.653101828518314
-0.6108605239591294
-0.0011506509594478125
2.3842405577957653
-0.3181181336666699
-0.005817789916433428
1.8877491417031753
0.525578940043322
-0.5665698553968744
1.0215507638091528
0.44652386702441627
-0.3564461774173338
0.49005460277154883
-0.2576076456415903
0.36130263838301485
0.9745977181873652
0.08722495334597846
0.9089937096387407
1.494996391239064
0.7722453954357855
0.1142782519151161
1.131888681893858
1.2517151578306231
0.76811975911911
0.5983582812970416
0.8787355017895913
0.5258429457714641
0.11820400384684711
-0.2379419009091791
-0.09107557164931156
-0.7348554757838017
0.13166248683993587
-0.2720745890343344
0.12926968073500616
0.6110326512314348
0.2585899373826401
-0.37434887946721734
1.4140769403926656
0.0265112653787648
-1.3108890777786848
1.4094138786883166
-0.4792344730972168
-1.521613722707342
0.5642085304415628
-0.5795503646750297
-0.6289804262766372
1.0334164701512911
-0.49073844770262537
0.20944667241908838
1.5869063584985215
0.4802690463621253
0.4692291614393272
1.8377592440242225
1.2679257368199959
-0.08210367042857274
1.4687517964495598
0.8360202656837661
-0.5134311595171293
0.6079511009697123
0.5080298073565666
-1.3985442017729943
0.5343200889563199
0.9001727833739074
-1.5823302750297945
-0.34768888424439254
0.797399212168741
-1.4907473599698806
-1.3836175237518513
0.6109165531197037
-0.5779442404321508
-1.775336513682076
0.13425931541167066
0.295643664695348
-1.8365916941857234
0.16705354283897483
-0.1835275217138739
-1.1001249081786826
0.93636429803164
-0.5555780200433448
-0.8029041535165846
1.699618356766514
-0.041309519387718964
-0.6773559615419564
1.455248483462566
0.23524113195348273
0.21208231652326343
1.1323979118736847
0.8044918606434354
-0.49914381673185454
0.9235197045082815
0.21138858423427745
-1.3458313385520009
