0.9168533869585428
-0.06867194246275264
-1.0349496195235515
0.07206814569038272
0.27315030695237547
-1.5530035923077246
-0.802273019043531
0.3099332760148487
-1.0696020757388573
-1.0393243187343189
-0.665759757610664
-0.9850108777581082
-0.05321466680015808
-0.6116959159795717
-1.0912518106986564
-0.05790563263912502
0.17828014877455498
-0.45261692821421795
0.08973073263636648
0.5559599516911272
0.4430643799451598
0.38404288669538156
1.0598114302646375
-0.4561020117755286
0.900024885085186
0.3051000417112585
0.027654534209842107
0.8707574285238763
1.223456519902912
0.3877393972233454
-0.07626214685763581
1.6630791539371788
0.2259467938955787
-0.6453014669916058
0.8909393338177818
-0.29642984427689745
-0.8935549306208442
-0.08761742213326602
-0.16539111769489262
-0.898714543215598
-0.03073627174541763
0.8338676454886439
-0.10584486456626489
-0.29483982535572123
0.29624601730882144
0.24902085026857587
-1.3137160481936703
0.42042828917561137
0.09811472954666256
-0.8040803538150562
1.3355833709844978
-0.0496199028909455
0.1952099904434772
1.3207809578172975
0.8629052840401658
0.4401435951946131
0.9840238302282838
0.8729205580514556
-0.48074149479615824
0.6345955343891544
0.534211241879705
-0.7056264562605538
-0.2636640742551778
-0.43242623523487966
-0.9948053899698553
-0.25177836637084783
-0.7962084017813755
-1.0367728703820778
0.7098695679482949
