-1.2990634460411876
-0.33432089619370464
-0.5253158740556396
-0.5284122896253706
-0.6897596482520522
-1.0487402421326457
0.2706953978602973
-1.0239691778345696
-0.5497705310727721
0.5906657316400721
-0.2684749607501677
-0.0035627374544086664
-0.4060601892754424
-0.4086181404527196
-0.060497132576658494
-0.24393923997395828
-1.3670065952517525
0.23956693768597787
-0.8629512822460028
-0.7451498634508934
0.7482742337198255
-0.43626866609708037
0.1723408487963216
0.7188492888059771
-0.9626803311105524
0.46108141029201344
-0.015257145247291614
-0.6362484799132218
0.30221890258899825
-0.9403055072610152
0.27775135985214056
-0.11059886929146363
-0.960295070807394
0.17075600063381374
0.8828967153771085
-1.087191769337549
-0.01965649840689839
0.4855704100660256
-0.1734957283000629
0.94143779080645
0.5374123424395524
-0.5313215995193517
0.5673169096561803
1.266557376237143
0.04961613518495897
0.45585598210349354
1.418913972406441
1.0331942649651453
-0.321687572714258
1.105354093607796
0.4872823348938403
0.5027370271527147
0.4847749761290105
0.6706794565551415
1.063223719869402
-0.35835510604612164
0.8457999125093739
0.11568147854378008
-0.6270899395431553
0.7894562668318772
0.7608465972855796
-1.1837778508737664
0.31303450661267207
