-0.3087249240369037
0.6801834384246894
-0.6916152765022006
-0.4936281930280649
-0.30576783878241937
-0.8435917041127389
0.4133253125080658
0.005869498701581943
-0.6063315112035508
0.07124579731604595
-0.8169340379089713
-0.16933013656056836
-0.16411275443745488
-0.6297632116639764
0.7905318811111098
-0.037922542632891625
0.35402189536190565
0.9681244656036568
-0.3513297852842559
0.04774776442338902
0.07046838769242807
0.5888877715564186
-0.13473140328547442
0.3588525394193247
0.2822593180390508
0.7993738947292648
0.12289135455254807
