0.07257660123343176
-0.9820014780318683
-0.26471273336007983
0.8708002248457769
-0.3499411000195098
-0.24580715683617524
0.7668850366237253
0.5632974464076278
-0.67303454405129
-0.07802627619403238
0.7632423306634469
-1.1565619701050138
0.13703271508749235
-0.17149836281201267
-0.8758787323436176
-0.6451091204917507
-0.3091984660911724
-0.33771515073267655
-0.8415337808630946
0.15520707631099923
0.46798322840129336
-0.12201798510442884
0.5364306390384358
-0.19056296286324573
-0.05630112606959497
0.6540022302314887
0.8463751651959004
-0.3662014756223364
-0.23431368047087944
1.2619234004324358
-0.6260379781800329
-0.8497482374542348
0.48851531661653536
0.10825632231287861
-0.25838605007606347
0.3692971889783357
0.7796768424219721
0.4829076523037294
0.31017895066758894
