-3.0658620269644827
2.254934341125194
0.2723850792185957
-2.675904351557403
1.320575965612458
0.5707797901373252
-2.0686109820487255
1.0024623590464379
-0.402469444045036
-2.4098381135370803
-0.037746626783659414
-0.6161276764372816
-2.8229186142608595
-0.6348982073795639
0.26099815257709047
-3.781052657481446
-0.819422249822348
0.15102104312070988
-4.253195016630598
-0.6615902703263201
-0.9894838685076677
-3.42517427830272
-0.9068362423307974
-1.5632224666295582
-2.452874555418246
-0.4652549008139689
-1.979350619756626
-2.0192212572560844
0.5789574468691593
-1.9065502668015986
-1.847612433720933
0.4997108059722341
-1.0080521155266
-1.6574909353022613
0.3959733209126625
0.07455090641336937
-0.8390319021162613
0.10223808494257854
0.6924831203112125
-0.08228022305416967
0.556847682374998
0.1097453913509524
-0.8747935425048159
0.6272944411955419
-0.47697537943267
-0.68207488208967
0.0971277408008091
-1.1085728367714014
-1.5631763347803254
-0.6106707403149
-0.767845259931848
-1.1713061899168653
-1.3373586245993512
-0.3659977704985314
-0.5968491592053635
-0.9905039874314712
0.3350700046241108
-1.6234549549186892
-0.6059409922525079
0.5269949523552269
-2.4892959567461594
0.2938419817702859
0.540591724109687
-2.601641306466377
0.5379220576432928
1.276968042803311
-1.86850641327899
1.3848605369453018
0.8660948827458419
-1.664558400161433
2.3358078598970424
0.8436900787260841
-1.804647956459373
2.1857019288180584
1.9700224171631333
-1.116913109266943
1.5186827654537554
1.4080606034200633
-1.0945447402572424
1.0830307982845653
0.5662949839510495
-1.6434758869939616
0.41551523865068374
1.017724452722779
-2.1135617461525675
-0.050618132320320884
1.8598615791296202
-2.6866781713016494
-0.6417723297789181
2.211541104329188
-3.6047176110254155
-0.31274523733010995
2.133725806551294
-3.5725518227101634
0.5296546874507346
1.594539786963409
-3.8383273845762993
-0.20465609700611986
0.8882856233885252
-3.8047485121086164
0.13707459293972682
-0.08885326489335371
-3.1090191743730196
0.5845916844877875
-0.5183577806270189
-2.908977874722774
0.15565855393676437
-1.3155905961245171
-2.4546337822424764
-0.8078357529057647
-1.0555586418216747
-2.010527383869832
-1.0040824579543592
-0.32092749207357113
-2.368689901567007
-1.8797568051942708
-0.6207239494256263
-3.1849785715815355
-1.350048795906443
-0.5946945774032949
-3.2545650325471778
-0.3171720631445144
-0.7897713729591784
-3.774301858882267
-0.04839980493569132
-1.583438228081721
-3.3396987444413972
-0.4616738581063424
-2.4361674348638895
-2.450355029489321
-0.7945006642218729
-2.912508853805905
-2.2032034426041704
-1.4181956759548884
-2.220483382397974
-1.508578843825264
-0.8778253559924715
-2.5111664088907126
-1.8321343942077548
0.018908900878711225
-2.6290830910546332
-1.5946431787837614
-0.2585667196475346
-1.8202244250540383
-1.5071982491313587
-1.26394426417879
-1.6193058093331478
-1.3696667964605533
-1.9213154496266744
-2.3012438998274964
-0.3293034470828175
-2.041321241907463
-2.1984941638980513
-0.36764676170594135
-2.030197348594312
-1.222489827465373
-0.5227786855374471
-2.52498684221786
-0.3553747774275938
-0.7844631483718222
-3.1993594369577583
0.40869016175141554
0.07129190454355651
-2.8408965824720247
0.6303796125153551
0.8836339042258706
-3.0889671954645626
1.3080162628027956
-0.12181520955430185
-2.7475002006530582
1.751546234040404
-0.8457088152941598
-2.358004838211722
2.1298686306329393
-1.0618608823292695
-1.230869345293145
2.0413571057543543
-1.1849095922902466
-0.5117905856882891
1.3781830592667477
-1.9839720613759417
-1.0464848651431615
1.6098836238452736
-1.7187272128302602
-2.0172231374271643
1.52988825738436
-0.8862651387042842
-2.5509415830740463
1.1381425203485254
-0.7342542007590717
-3.4599874604918455
1.4250795892412826
-0.5639546596934151
-3.2080629833317396
2.406964348170556
-0.051791463958290346
-2.340052985501035
2.57224612835854
-0.14613287301184022
-1.7724815492137178
1.8396391837032828
-0.24427655315248914
-1.3157046933011307
2.6113806681730267
-0.46313708601368103
-0.5071996087217858
2.103025020464334
-0.8155373561126308
0.4193815426851122
1.6653228077165778
-0.2806404344063866
0.9357289899999051
1.0054100131094363
-0.3148254101026875
1.2709393589921378
1.9606958707535382
0.12752286865553641
1.244116847192232
2.6937186264808255
-0.28137685727095463
1.8658284425592073
3.3296126117803704
-0.8007383072277549
1.2461362418555169
3.9275520412018685
-0.6643874107845162
0.33041783716702283
3.5540852692702396
-0.0639182404314758
0.3900156800882701
2.682218378390199
-1.0847723383148151
0.17733459994852704
2.616250510420232
-1.4637922363855291
1.035464493861128
2.182353262143902
-0.6875538998838681
1.1647381985786516
2.9994307132398443
0.042951142136078785
0.9901086384019838
3.5874346231396363
0.3196368096411579
-0.049330500834396274
3.49807605061523
0.741885869454783
-0.49788378863052596
2.7563511424377465
1.688233759687911
-0.22525301715030036
2.8843243085619608
1.2990796157475903
0.0005926780548903658
2.1523748485983387
0.4093814376493025
-0.32676649923943824
1.696979531338915
0.07841278620408977
-0.16377079266967232
0.7367107768007412
0.5572590419658896
0.6254908370961124
0.7687162479925272
0.46729101657846295
1.5937118616101422
0.47363695090208263
0.06694396447861488
2.313097027165906
-0.16251751812806708
-0.5332856759060959
2.031511095280634
-1.033270663728503
-1.2016123268649965
1.5271645993195673
-0.5221453812353785
-0.08885846899061386
1.165687106597191
-0.4372170393680509
-0.5354106194146323
1.103700052046382
-1.1328907539583946
-1.5236401446367704
1.2947055374317884
-1.3933888712877633
-2.4692853863414195
1.306958874950927
-1.3251138012643322
-2.9446047057426874
1.6711157956516247
-0.5307652074065061
-2.0493045266024783
1.993037773462643
0.1641121031679459
-2.538560496621221
2.151235921616692
1.042320001072153
-2.391698972916517
1.4632608324805927
1.9792797432257485
-3.2913561044136657
1.3824635618978347
1.301854026534513
-3.273662935191932
0.7155599648329324
0.7261966046591257
-2.884066020225902
-0.1758814120410673
1.3113591327264709
-2.854002954085928
0.34826224847449033
2.2114502187377507
-3.230800250700547
1.3772861597221084
2.3298197170941397
-2.771965958630266
2.3037114005823933
2.0376992015628868
-2.186864295017122
2.923601454702613
1.4704227431363066
-2.302446684307491
2.83868229625372
0.49458684387531293
-1.4887563649770443
2.7294864272857304
-0.08849067071320785
-0.8517298021901021
2.0715220180951754
0.35603971693248526
-0.19277056988537145
1.9503857151074886
1.1586642180039157
0.5327025438535888
2.5627099962049265
1.3982586744387446
0.41295591539670723
1.701352217553304
1.77955075988093
0.6163597175298028
0.7086557951340666
2.0298772216099477
0.9565117998915503
0.3933734447298158
2.869609775046029
1.0954954894937585
1.4009099548456228
3.2303253997820347
1.4909424762894932
2.136450578852498
3.677481596183874
1.9375128044583523
1.2653309312814587
3.7143541915745333
1.1274098153970151
0.6892799691641331
3.969520797152207
1.1329325944203361
-0.3095554146651286
3.883712522900418
1.255211181955379
-1.2570448596271253
3.397901328239733
1.7041286579029655
-1.069827899673464
2.507506289250943
1.262969238235283
-1.38610078045898
1.515615132158965
0.7013208433589498
-2.102520262140429
1.183438464815122
1.0378032100437997
-2.6730166608397434
0.4845523637073826
1.435988539026489
-1.9248690437477083
0.8116762448007518
2.1071377221263923
-1.5939028895514067
1.3843251359648412
2.656081610946976
-2.511428648076434
1.7133908861806257
2.1415448947831286
-1.8664965524698975
2.189857904640717
2.124375191406634
-1.4985639851669226
3.2604020245871186
2.988720241209061
-1.1079510128716923
3.598619931454337
2.1181424973163763
-0.7656200081973249
3.7766078886193677
2.8039070945763873
-0.12712522517286662
3.454033389834445
2.5355958486041783
-0.7439560318184757
2.709484785234999
3.087134732412237
-1.6748835585259305
2.686654146494751
2.4570937990290664
-2.5872061376555195
3.0092648044588404
1.4176107740227408
-2.1600119997746874
2.980222687763843
0.7080262110285337
-1.623212942010963
2.541146508121905
1.1004659718570744
-2.3521408737742884
1.9627912798845109
1.6409227610149177
-2.6404562108194747
1.246108583926004
2.5756930391957273
-2.3419643214681334
0.5797831811571956
3.099802517277673
-1.6525881670998603
0.02925311427041266
3.0064668720263903
-0.9872716112031289
-0.7552085626693227
2.6955898760141612
-0.038161243577048115
-0.6444312312195886
1.897664239927888
0.5860243208954012
-0.5789521639705428
0.8886180523603896
0.9797785176631604
-0.14534968964979741
1.8293565816589372
1.3294908070961564
0.2662262939558349
2.154981190403396
1.2774480986352301
1.2256455618979833
2.6211710105796384
1.06474126393538
2.1110109385633833
2.6138545939544247
1.5604038224906491
2.94333376069139
2.3776196583280873
1.9879191422311757
1.9462206634827706
1.4245626063237729
2.405452534521126
1.8237378799362056
1.6989084384067092
1.9328431395009582
2.746609085571965
1.850642519070491
0.9046401686957497
2.765183849885229
2.316335519526218
0.11107461443746611
2.306733112708962
2.266395889237941
0.2906487234930914
1.2078023738663373
2.087651416195252
-0.7474001953435327
1.653145450766593
2.820829884349979
-1.219640871499628
1.8714048920860549
3.461669995459912
-1.981264462028673
1.8200417847570813
3.3729400115148187
-2.645999428318533
1.0498605039511522
2.5736205835500057
-3.2672317521514147
0.9859787126528979
1.6143156609818108
-3.369734041939572
0.6403225723357887
1.7191413448980881
-2.7510612997098596
-0.2462927679525035
0.8009359411331991
-2.6663354042769885
-0.6871032558944578
0.7046770415010962
-1.9854014305691017
-1.4124152313169833
0.10827442772539107
-1.1587906057280357
-1.8663500706256249
0.10907841587588787
-0.26086167551489703
-1.327408763535013
0.8704188522846618
-0.35952038843427325
-0.7065633410199812
0.5005637184580287
-0.9192137085222487
-0.007298279545578136
-0.1891129488457997
-1.5865647046048956
-0.21205158401831817
-0.5624247591981857
-0.9125189220795826
-0.992994064782172
-0.6857140808545098
-0.6056483476192788
-1.9773160192904216
-0.5975914640946239
-0.4999887032727911
-2.9922705257791926
-1.2364168429344014
0.11867746887410155
-3.369540578937104
-1.5760078286025199
0.9318855531215638
-2.6927154047600688
-0.8747849316959863
0.24235832925885206
-2.4473544162187255
-0.7495752931204324
1.2822907821888454
-2.236133078145104
-0.2680352487075691
2.0853694344243454
-1.9237860608993782
0.35861210802836024
2.6052769430828473
-2.6555226293581637
1.149183206021226
2.7181416961389995
-2.049411130305418
0.8031540090256217
1.7638747759884537
-2.1604269674265963
1.4791765888298811
1.936510006214566
-2.7066821605092906
2.396603454766276
1.6482215738109778
-2.387572266036194
1.929213381169531
1.1313279925857913
-3.1255265158930237
1.1237468084354223
1.0288843849046225
-3.764861187465213
0.7520871785974024
1.955969454767752
-3.362825715233353
-0.1785464932432339
1.6803020172758354
-2.860165667338468
0.6437068916605891
1.1111529952237582
-2.75253341550636
0.10415929280572708
1.106613641949541
-3.775908235074613
0.21277785917945435
0.834542095581747
-4.64851115659453
0.4758856124217123
0.30746124468281893
-3.9790119468170744
-0.37987936899153457
-0.5136871513128359
-3.8954820052380885
-1.2420273646161213
-0.8195340617470518
-3.712323619917148
-1.7620107958173774
-1.5466219940776496
-3.147598751110013
-0.8213008138117126
-1.913200200106971
-3.149867622756222
0.2011440846324564
-2.231848685105769
-3.112245521385062
0.6006781437565332
-1.9737810932927118
-2.3438307923618797
1.760968354173908
-2.2749888071505726
-2.4833292719175777
2.3454975410383674
-1.9658350566589253
-1.6897545118013082
2.3730363979532663
-1.7248042905384848
-0.6161269367324976
2.11158140028065
-1.0709231764382683
-1.347757302347778
1.8626256133316221
-0.629682944044351
-2.192844819909046
2.3197897324300127
-1.4283393570749028
-2.508985974981646
1.7581619354265667
-1.6422100213052586
-3.288190739298772
1.510641455438619
-1.1275922422268079
-4.111923252155068
0.6412307444442159
-0.83759055930606
-4.346509131390355
-0.0011255396175600572
-0.0986760057481076
-4.825801867802693
-0.47763588957597997
0.44024402483415315
-4.109271559563317
-0.6740136785903252
1.0670085894554124
-3.3069468247196037
-1.1317021490622494
1.8741889463381942
-2.8445380943044314
-1.1700601924201564
2.1363832747415854
-1.84358135040228
-2.2045120129643094
2.117236815841848
-1.8299959134181045
-1.8843371053031674
2.0584117591323308
-0.9192473247455498
-1.2480412589018215
2.792819202209172
-1.075336334827341
-0.1936168505655281
3.0010136511717125
-0.8140018992102825
0.6993603502685155
2.955441256328098
-0.3162415786600735
0.9678546666174633
1.8916279978326258
-0.25317069928674435
1.2476098388740502
1.15114138983605
-0.9705965780568976
1.367180217018429
0.31114055588070655
-1.3566609994390195
2.2021235353172677
0.3155644677528631
-1.8523765222828403
2.8771661043835066
-0.32707302192933185
-1.561304481130196
3.026324176749485
0.6607347452313774
-1.4535618640735186
2.187364499127915
1.1385188892822091
-1.2994616568100532
1.844283819494833
1.9404001177458783
-0.8081735711343677
0.867112446386228
2.3700595322799205
-1.2102290869059389
0.28675296442086756
1.5832212788112148
-1.2151229135488548
0.4038444375383586
0.5899510236616254
-0.8386254604095039
0.6185214511632419
0.7998527150190445
-1.8729677907498634
1.4538526028059715
0.9552933872420328
-2.253670375340936
1.5303903283614153
1.9928898513029676
-1.6655267855353277
1.7500843420873144
2.774675671643511
-1.27153684590178
1.7047933683162029
2.7354729672752924
-0.22218965899500698
1.0334060125899898
2.453836058537947
0.4830360247248733
0.14965389744574875
2.9653677281698045
0.511584554359338
-0.8569195340582652
2.9941651444493074
0.6725281532478207
-0.7585526770617645
2.640331716208872
1.6406137259247748
-0.828195942424033
1.9753416412726708
2.484196067419612
-0.006595617724559411
2.4635056404647044
2.193715736123876
0.8132237566093986
2.1756763192871373
2.625613185875773
1.5009584780093639
1.294460849694406
2.0464793941800012
1.2598797985295964
1.6011045595253095
0.969228430946704
1.396814336746166
0.677064833953463
1.3351401687527715
1.1890166900964212
-0.4476983833144956
1.0657763045318027
0.5588637923843234
-1.1233098801306451
1.0478217040918836
-0.38842701126733786
-0.926024020311376
1.322339239269821
-1.1350465206354758
-1.256286132508892
0.9930044219473079
-2.074030675746881
-1.4200218012415704
0.7123503238985538
-1.2954139193307634
-2.0617168357016253
0.3585324890176045
-0.34655783808198726
-1.803922951105828
0.6688413162489507
0.6105661296420545
-1.7465174783733528
0.33260269694080635
1.4767786242203114
-1.800767957560063
-0.19374260343370853
2.1470334381629637
-0.708052880930798
-0.5086015546732655
2.923576545578873
-0.6653460536068037
0.10047846359992238
2.5828317076931198
0.3133151843942109
0.329437292176076
1.5785113011472713
0.22708414780860703
0.5171851422867725
2.0962849900222205
-0.459637233286222
0.7057562813189419
2.365279502609649
-1.3311178409283682
0.39595683341743604
1.337711938668164
-0.8902971231472684
0.24275894243535392
1.212510815617888
-1.231582606511964
-1.0612388356156148
1.5089720729918474
-2.1521993127565118
-1.0387870050389185
1.4605500138743617
-1.4735526094169855
-1.8208625283654845
0.8861738391432699
-1.107103028802201
-2.6051745258117855
0.5925946722043063
-0.5478557319396934
-3.212013210751585
-0.07298579059312024
0.2409599472300797
-3.079304139037413
1.0672405203762856
0.2727984176500781
-3.1718980972535515
1.8843550325611507
0.20678280737328353
-2.7854317411872187
1.491984671966894
-0.6572155102468719
-3.2507936306276295
0.8055472527008731
-1.42903056399825
-3.4482659110359637
0.09744906430019637
-1.250673998552343
-2.7573514884468397
0.12725532640244525
-0.474537073002476
-2.4431527465404446
1.0410945412884425
0.0516767491468101
-2.273120376544965
0.8799552898791169
-0.7579232994888058
-1.6231463859881856
0.3738529127065304
-1.005426473908117
-0.9170147609967972
-0.10787166003748709
-0.38116570483327306
-0.6015046536718367
-1.0601587736588407
-0.47129393835891586
-0.4006279739453804
