0.41139186418421
2.2376943161679606
2.108841750295195
1.1956505920667224
1.8826441598518882
1.6071285055544517
0.6237586774074521
2.045819978677733
0.7410030811914022
0.5248997209183395
1.0588096732770667
0.5492874484106044
-0.2909685148877018
1.40779089080045
0.7819622411464652
-1.1218397730373153
1.954478613258642
0.40032476022464997
-1.9633750833810044
1.5284830952722668
0.9149892194953935
-1.4302856655592133
2.1893631952163477
1.3400990719511725
-1.2051761350884147
1.764983126290706
2.296615233117123
-1.2011956021310792
1.1702645270942047
3.1139574472421367
-1.7103740684038298
0.2412911565771884
3.1166270174070263
-1.5996654264849717
-0.8305746226633665
2.845823515475328
-0.6929229069366822
-1.256366902458295
2.7654742920505977
-0.7796531900848368
-0.25557460702726525
2.6962565292482843
-1.268174550338202
0.7331256081175165
2.1402152026431045
-1.15378006342439
1.248216791506682
1.6247791194419419
-2.034689163384703
1.576437063946528
1.8309248593323566
-2.3945869973698226
2.336529855468941
1.369278887968529
-3.038213302654969
2.492757831100429
0.595858835129082
-2.6646481548326695
2.606745949475967
-0.3985410227627015
-3.2770045085785013
2.3187291986012806
-1.1363036508927775
-2.5638698663394566
2.970530968780582
-1.2611803796866803
-3.363259165496611
3.157540261438825
-0.6712811770256173
-3.5297060953266994
2.270203803269445
-0.19644276093713306
-2.885807294717164
1.676855052611245
0.0990294134129772
-2.5049740002558543
1.7278797816384919
-0.8259469514873444
-2.6989717035713836
0.852126034693852
-1.202290835362573
-2.397551790696879
-0.0831964671015667
-1.4714998282229468
-1.7254461340301988
-0.3313399958411486
-0.8201426687457366
-1.2766002528523115
0.26370935760575975
-0.07670890070656122
-1.1782467312298237
0.49667530139198496
-1.1387023031286096
-0.8742662691072305
1.230438954219897
-1.7606840471040608
0.06275536156322342
1.7073318837378326
-1.5223713111865187
0.5254213522978678
0.5051646654285705
-1.393214106244658
-0.3024100466006577
0.16750769609108052
-1.6656992772530737
-0.8984598963054857
-0.7242284580223275
-1.426913179503417
-1.022264459981734
-1.5893416823403763
-1.622023280794578
-1.4247882747138283
-2.4729093790303973
-1.313125713344272
-0.6642538169554694
-3.1200595177507395
-0.8878592101192849
-0.4896164831695025
-3.3171706423003937
-1.8296839443505657
-0.6453937358617718
-2.5666545327688803
-2.459414493867733
-0.7198280177552339
-1.5995961576213142
-2.6251238467415323
-0.5197251411058759
-0.6088244725767045
-2.205247659673163
0.10850960336616114
-0.6989897351056202
-1.4463880127825803
-0.26580983744920095
-1.4745343361966252
-0.8912674533359962
-0.01175161772929223
-1.5333550224210528
-1.7881869342789247
-0.4006962117057012
-2.3633005625383072
-1.5212293675660054
-0.8605045476628818
-2.1470887467809665
-0.5780888834860688
-1.0958393191157558
-1.552836937386115
0.07324825161915709
-1.6172559307141303
-0.5822067166841707
0.00922201469349667
-2.3633683521768996
-0.08870284955475514
-0.25380129597266826
-3.2345908483822927
0.09390299015975007
-1.0076450053551904
-3.497628713419893
-0.9071610852895672
-1.0727242888110733
-3.277353841142684
-0.35823501917063705
-1.842959099965652
-2.7592990161137014
-1.2074256093750608
-1.7595446902508263
-2.269594044783603
-0.5384866486227095
-2.3812359838601482
-1.6775263194917795
0.061526356235484136
-2.912220912875294
-1.120999018785212
0.9027117289188108
-3.2923693782971495
-0.17267589952399523
0.7198948964863922
-3.2476522964342105
0.2931940873977278
-0.25938098140207627
-3.418507461626741
0.3213216883871575
-1.0749291440270685
-2.8293794290572687
0.12390989140326952
-2.096756231458265
-2.879787515667104
0.2715378370931484
-2.7807368739101235
-2.1387281302950596
1.168557917664116
-2.8813714910233346
-1.5637667389422438
1.0100386823181677
-2.622768121925304
-0.6908506168334301
1.7606885975309978
-3.090157194598937
-0.012533907427650573
1.4259322158777334
-3.3589899750557186
0.894426824386701
0.7973039771828145
-3.159743224243844
1.6614787212093116
1.6244468854736651
-2.5606989800682203
1.946714452963873
0.8954220908839048
-2.2657857455423347
2.5787454301557435
0.2913087741979472
-1.4934596870758505
2.929665316367055
-0.1583969641411833
-0.6277867074932488
3.080152828917455
0.5980128706839098
0.2529477287986279
3.4464675607108854
1.0136896012431609
0.6127506315811413
2.6666321114078646
0.31452172676095363
1.3812986420097215
2.528269301165718
0.44662877276151436
1.394200443218848
1.3270973892747215
-0.16067385110819055
0.6123494881495012
1.1673863899379255
-0.7697178047925552
-0.31867571565856617
0.4939064566983588
-0.7413685048339609
-0.7296082150404427
-0.2919069771334206
-0.32113926521564307
-1.15943189424537
0.38208957600809246
-0.9223693708807728
-1.107347645731504
0.9873086464215827
-1.0338889089506091
-1.7759616389842545
1.879368886423063
-0.08622929340002476
-1.3962304940309302
2.090695350591993
0.9024100212431037
-1.382566304205774
2.1305558837732854
1.3244647737041804
-1.466429238931634
3.0562958364865094
0.8954165737059253
-0.7604794074106378
3.4763704130059834
0.7475230030119511
-0.3484867578036156
2.6008322601094047
1.492047178636654
-0.07523000273146288
2.005859582818719
1.3993754939172554
1.00200152318036
1.5651663895646608
1.1062609127360694
0.3580606198147397
0.7868962534336723
0.8930202669189375
0.0394236637989085
-0.23907585398562287
1.7075552794718907
-0.24666221270252928
-0.633918866792167
2.0634752661160793
-1.277838840445784
-1.1431892699344144
2.179738875520438
-1.8735572353787713
-0.13560646339253135
1.5412540170596674
-1.4440614011895627
0.8124138926295524
0.9429832479985134
-0.7443631949819238
1.105813673410094
0.371693513596987
-0.21866104692151128
0.5224161438010051
-0.01047263298216679
-0.783014613706883
1.1545445089404696
-0.43240446625191375
-1.8447052281312075
1.0846932821058377
0.33937043762490354
-2.346536392761081
1.839153833652276
1.115999515996141
-2.414086230984469
1.0211665386943227
1.2995715823310248
-2.225795437090542
0.16475059780109166
0.6824307207532303
-2.981023152478685
0.3541717077458062
0.4185847506277709
-3.4442947995703586
-0.5471827505395274
-0.18539124082302536
-3.3929783150906583
0.24432784288913162
0.08402808464358492
-2.8761383994114698
0.9647293174877823
-0.11534597634276608
-3.1288286093989788
2.03851831716883
-0.4614529435145426
-2.230437183838466
2.3369370240541207
-0.9352512230292462
-2.597045917489572
1.4084187118388733
-0.671030841779777
-2.4741266109486295
0.48078037234023413
0.1253173494319357
-2.5140724759144772
-0.36552417906418266
0.29701486635988955
-2.1567147539775426
0.6208087397050918
0.8155287618451523
-1.4531735556952998
1.0786224727933358
1.6843899054434994
-1.148171557741946
1.4910330178678306
2.4309868907321155
-1.505020596109604
2.231798170539138
1.7213334591805167
-0.7061896714522129
2.599898309560536
2.6031811866238352
-0.511714935368572
1.9887281881899155
2.9599674921146604
0.06989665918469383
1.3013744039193311
3.7406478665419622
0.292821664407623
0.7514257912742707
3.2634014778906053
0.48585268429481465
-0.06595122380361416
2.423517473614651
1.2435525198115789
-0.02712783620384809
1.563015360344542
0.8282795768917153
0.0035384325544032553
2.33251102819391
0.3753908957439548
-0.5168293172011003
2.8549241838434654
-0.4700709033582132
-0.7434611032073807
3.05987940332786
-1.3249898529170594
-0.2413360671540912
2.345361880449602
-0.7916478605784772
0.1938272931998268
1.3067598215531198
-1.1003855946414178
-0.33808957259327754
1.088286869180511
-1.2486219811521833
-1.083461309701228
0.7193273307823925
-0.7970722532269781
-2.028839652135434
0.957583471134191
-0.16113474275924192
-1.1276770868784671
0.46848133935054054
-0.8138204368041927
-0.44204228149565356
0.6207332106464889
-1.692571784816801
-0.5110608852526346
0.7971322404004161
-0.9900727121663679
0.3329465349935385
1.5234937304878402
-0.5117480387766219
0.3508068591774059
2.510105554428802
0.061514072445403425
0.4061769399788623
2.987184654619105
0.9453216231078477
0.8377185260876389
3.413064705655356
1.5298211522880774
0.026230263678336974
3.0150461749976847
1.1595806329015448
-0.8470882943024419
2.38769046918067
1.0189689635371482
-1.7823644362593998
3.562423454659631
0.8547503790311712
-1.7185264154533462
4.270273237241533
0.4467682057985753
-1.1505143664322501
4.441103505877167
-0.6609724685589564
-1.1201836096711988
4.022632357836439
-1.1136783982193015
-0.26606178571607697
3.579526313974877
-1.4471512082560742
0.6280345389182701
3.187780004179086
-1.6603422753780115
1.563677415239668
2.233434072183118
-1.9309605791030777
1.3743912498195385
2.5912737894760656
-0.9855860391398604
1.0690277880308514
3.2164851988110623
-0.4099046044503866
0.3193230397311587
3.547024097930007
-0.17065817152550905
-0.5257599543563044
2.9601303015020686
0.12851925099157585
-1.2754833046091594
3.6403379632059742
-0.18533345110366756
-1.675446910705536
3.4522382086189327
-1.073306474360203
-1.1096389097002985
2.6421899851985455
-0.7513355460584874
-1.6550297227190758
2.0769112326442976
-0.05688351602899113
-1.9413999511544326
1.0695869349783969
0.11236493627200281
-2.144729545680736
1.7605866088283986
-0.8236320091019318
-1.934817052572946
1.5531144418465306
-1.8656888365008228
-1.6087792758297426
0.5061483372930953
-2.0816464079995187
-1.2468029862148549
0.7554923016697409
-1.7075663634406506
-2.2794043794086365
1.266265807904829
-1.088976300103684
-2.8138331651454673
1.7408873089120065
-0.18786828535532318
-2.8320208394778597
2.598484289210148
0.3187520234577889
-2.7453905413980313
2.38560168446508
1.4670158722276465
-2.653304220763339
1.7226586021604402
1.6655352257922211
-1.970232311611083
1.1202140079298368
1.4288892475878143
-1.1619193881650263
1.25399802086504
1.7086182132035863
-0.28987246224679697
1.396924534284823
1.4516279303914634
0.7282328316679628
1.8906403055359429
0.8376229131952868
0.8383518007168719
2.002388609280244
-0.2778599439766577
1.3049031069300217
2.1932956685419818
0.5454727181915296
1.815353952187008
2.1489489506531445
1.4871075356133154
1.563413850961918
1.9030883866741228
2.3136341801113063
0.9966406119658945
1.0633822799900827
2.869589959749391
1.2157372097105568
0.11245006335841717
3.0330440744149603
1.525157205078072
-0.8724059913027756
3.045614044807918
1.391256683390364
-0.1162366704267193
3.411299989016749
0.6583293248589235
-1.18685079189
3.8426856010591615
0.6822503815156761
-1.0753053989011925
3.487820807625993
-0.31994811065243794
-0.7356013262016261
2.963572715673185
-1.0915061961496497
-1.6280135172679735
2.6569453903553013
-1.5511430110660585
-0.9142685972583662
2.171768345342378
-2.13693847486915
-0.09359858031703157
2.6076437178376835
-1.748028985707312
0.2143561981506829
3.111532035575709
-0.9187398947778511
0.6219318580141355
2.4846503729691256
-0.2682463788087042
0.7571227144355693
2.3271359981730826
-1.2907325708411996
0.7808385362925814
2.1034685273311156
-2.2701269663810124
0.5168923197888622
1.402309213112924
-2.975582568524394
1.4381651798057067
1.1455687896102618
-3.4086795089987043
0.6858679900659058
0.6598968365760208
-3.9454060062041654
0.04279443732979871
1.4520805971068846
-3.825765827562724
-0.4396619551566685
1.5638779001902663
-2.9477423694746956
-0.09313849602466653
0.9005918147865128
-2.386695819840261
0.9329344374181915
1.0841249065139362
-2.142422805166758
1.5268557907405593
0.5943392652437558
-1.4556664998422744
1.6288966836467844
0.7158031773075774
-2.476393041686571
0.9430724610000495
0.568722557959759
-2.9034379738846168
0.20105334080073317
-0.01645942658383736
-2.350218597804958
-0.7007473718712373
0.23956628996376333
-2.508347470426382
-1.4531183666155658
-0.03179913093779262
-1.926467401044572
-1.805278665292944
0.9025734201939742
-1.6637158345117264
-1.5997836141796669
1.654872563513164
-1.0705677001522074
-1.0624536644113525
1.2486825430877053
-0.25968502403707183
-0.35744308978033656
0.7012059981736317
0.040449413635777476
-1.3081159998708727
0.8371084231915437
0.5085791218940885
-2.2199557709029083
0.8406363549922595
0.42469360703540077
-1.8517083771321783
0.8979910042309149
-0.6731791789105774
-1.776285106133672
1.647713520416441
-0.2721197005512856
-1.8792487442796955
2.526709826093598
0.47965155602221826
-1.4893373369124852
2.5443478319237562
-0.4147642278965165
-0.6224944990275946
1.9831566000611807
-0.8582685715341
-0.3230320958917351
1.0480609439935733
-0.9498422428371498
0.10126047047285591
0.15563841891193078
-0.6639441359491577
0.5330059738178176
0.9955408288901499
-0.6242443210421836
-0.03344106386570012
1.7597164770296214
-0.10969997901537244
-0.31651505023250753
2.7259119440785677
-0.17897458966216712
-1.0615111627556535
2.8111225778632445
0.3657142937119766
-0.2793797556957197
2.4293184005286763
0.8347530241246507
-0.4119431324336447
1.8398762295068614
1.6758082248049222
-0.45464475581261554
0.7507058234649988
1.832041496681535
0.4600509096262863
0.3304734624069578
1.6915899759258117
0.005264637217455957
0.25801239396127806
2.7867496928799826
-0.5935669664290515
0.4395609905930645
3.458868622511484
-0.17750472407821266
-0.2512810614017837
4.023595679153213
-1.1222968558638087
-0.3899086751972397
3.710659949511545
-2.1871049168192593
-0.45027265014457324
3.534207828809988
-2.3535276457832075
-0.3123525601438421
2.547697957998891
-2.7947818809262612
0.31474106870238916
1.718480343742151
-2.655927062297265
-0.12543982531925446
0.7117568487721275
-2.87288997622917
-1.0378699716259014
0.6841168962387693
-2.396269139992993
-1.7698360192861493
1.3210134140796064
-1.427324939123358
-1.9710690079408315
1.0325077470942678
-2.2008828192855496
-1.6817518631705168
0.3000429686382194
-2.886567772084476
-1.6776831072122
-0.3431702331945389
-2.1359285368853826
-1.749763498616318
-1.1216177765008801
-1.8466332566899308
-0.9463329897332923
-1.568600647010782
-2.434174096143714
-0.7460421445384224
-0.893845277428434
-3.1416892855128937
-0.529512084195131
-0.0027943399452046197
-3.0830564019417226
0.7005886120905362
-0.02255861951734956
-3.455351222193572
1.370199735291782
-0.6002878122523673
-3.654031717106722
1.2970949715696845
0.364669331806311
-2.965855310483738
1.6065280606775199
1.0242423038217845
-3.1302984944150927
0.6297909540998952
0.8846114583096122
-3.4623310602548
-0.31800084359139397
0.9072994203448375
-2.7748322682322955
-0.7137309665999285
1.5454059547857104
-1.916541293315694
-0.21008098755251814
1.6658297861764755
-1.4833837258096205
0.04736343647393983
0.822683103436837
-0.8498778357915188
0.08022275343214783
1.5219316448810456
-0.1332135036029757
-0.31137767893984397
2.1521536181921075
-1.1328697417787283
-0.633796138904916
2.0380219515032105
-2.0350316938998145
-1.1319442849678107
2.003907769101949
-1.9829770892550433
-0.9198189736998272
1.0713549066813388
