-0.8638903129386885
0.11409324140670626
-0.5257108119670408
-0.4709741579935242
-0.8035070766524489
-0.7153068650622467
0.23044668634871843
-0.9858137260947728
-0.010590044783842388
0.11160370053561053
-0.059457437360169035
-0.3628756164999334
-0.6024493131595182
-0.4893323135597271
0.228677443972116
0.267645093215474
-0.1942500271702388
0.6099682236691026
-0.40473660829243213
0.48600572596125863
0.2901209310983015
0.3027977199298099
0.915242520338807
-0.2663316783864057
0.46032514959899506
0.7797981079809719
0.7099634922758123
0.9692320427555557
0.23722098514960763
0.042084925684143536
