-0.5546397208388629
-1.2252971828022101
-1.3070745293985784
0.33250902047663417
-0.8035158490573683
-1.7792648657508128
0.988071924977706
-1.3732158984505305
-1.3001648673618365
1.998235369985683
-1.4714044478400954
-1.1976196592269974
2.333454496850304
-1.0532235182233536
-0.3872339399000347
1.818048788363235
-1.5996224684610012
0.4403585587395869
1.9339611492495439
-1.1240984964025622
1.3730628732129988
1.2790990426504234
-0.37394901398147484
1.5266446304139814
1.6292285636464074
-0.5078505449028513
0.5647370290704357
2.6399373850973302
-0.8081520532649529
0.6330296683229558
2.912895707305234
-1.774447281518175
0.24665654593598368
2.839814476879225
-1.8171025301243438
-0.7540832585506989
1.9347281377998837
-2.0372956838789356
-0.3810380393186179
1.4708659097473855
-1.2736053635738651
-0.43215997835038206
1.7159398259461565
-0.2885065869420992
-0.7757422821996673
0.7382341688325232
-0.06083694627077669
-1.1247830279236781
0.17553100459688478
0.5087125673827032
-0.8166625261482234
1.2383840417612046
0.656170057690207
-1.000405764454502
1.5179477204876335
1.5987950883031163
-0.8066497488934347
1.331015218016573
2.581978354628855
-0.8557637947148083
0.5794615765288577
2.8499566709351485
-1.4323767684932374
-0.05491818688243711
2.513213112288606
-0.6884156243153339
0.6812184789899592
1.9430859697906946
-1.0969122740128645
1.1856833327442116
1.3885475844908262
-1.6843487456128425
0.5383111281493326
1.7437761895454584
-2.3863887987250463
1.2279577140424223
1.0551302623111518
-2.672489064550094
0.9598405005821368
0.3870619075348779
-1.8942217518768991
0.20526129031276247
1.0738468928071832
-1.7637196106670008
0.06194296154360286
0.2266521293857208
-2.068683891652486
0.24476668964216075
0.8471604370305296
-2.701462623460502
-0.4253284055477931
1.469956628293395
-2.3755658389024377
-0.3123573627728595
1.9802052480084151
-1.5803235824465136
-0.4287214700322233
2.9878831273250404
-1.560125409821852
-0.9974224704836706
2.4282590607097014
-1.0202776703655057
-1.949684625721451
1.9171368186273603
-1.0035019410788437
-1.9925079156751437
1.521609410009125
-0.04047446009426027
-2.5198548930526994
0.7464494493899171
-0.4198075845769334
-2.1275427790724204
0.15541960210859035
-1.1767246802565843
-1.7760671625446396
0.8208714202257712
-1.8853195058741845
-0.8669106216835335
0.5640616205449186
-2.205444913669808
-1.1192409943567536
0.1978802584944985
-1.222898887460669
-0.700400752485223
1.1451368502725874
-1.3383887209313143
-0.746923841962162
0.6495600574189524
-0.3104568131431435
-0.2215266583644125
1.5539346167129238
-0.6300711173600682
0.8205090789165261
1.1871657460963077
-0.3085206884063104
0.5789208797696163
1.619775979121749
0.6816135539939411
0.34658462639037974
1.3822735601418494
1.7091842816107097
-0.4349171338519529
2.0918779450241405
1.1411762808168915
-1.3378332333734482
2.212384327201071
0.5708960517176633
-0.6454082132946493
2.910605409217582
0.6193921143660992
-0.44672496549888185
2.040540010523912
0.061816713878234716
-1.0403199152474256
1.5114490001820613
-0.456588806579852
-1.6843203192046576
1.009911195957462
-0.7087879821478328
-1.6280974673363615
-0.04458504688462614
-0.45191851598423083
-0.9079273729272156
-0.41429447299847155
0.5005416468432048
-1.1369690955862102
0.40524984796790176
0.8089852302151502
-1.0688658591523383
1.1980791027690547
0.3644782618537262
-0.20873398894512457
1.0547446323328522
0.2424826042065114
-0.5359380533380895
0.9950204294829961
1.1057293108376005
-0.19702456289603612
0.1998303944708979
0.8340697043819606
0.5846635954944928
0.27851014628062987
0.22640411967576113
-0.06035621618698662
-0.04633735952931735
-0.20922390486735415
-0.30338010233932716
-0.19962387126157488
-1.0465595112011525
-0.8597449113056593
-0.4062035324218153
-1.9660482949688898
-1.7466051787565149
-0.1474434151359349
-2.080982570945566
-1.4468559326586425
-0.663347999795523
-1.267893170217004
-0.8016840509624086
-0.7897893314420328
-0.6315358181897914
-1.3000660887506095
-1.5685079751123514
-0.8917997278399165
-0.65496855701369
-2.334583935987345
-1.130241451422286
0.3254977335158349
-2.562247899587033
-1.153958163152161
0.7946760208813655
-2.916042234008696
-0.388819171001815
0.6647206994197242
-1.9072672587250885
-0.5436325908289894
-0.038309360005927086
-2.58058086565433
-0.2631942894260028
-1.1798124144259843
-2.3538781932952166
-0.2190936797856024
-1.6940146383020747
-1.9522013442867523
0.6326805995612318
-2.3062932229777404
-1.2202973993965605
0.3010324174278645
-2.058241349045037
-0.2926800166287172
0.4604488850525873
-1.653034354813976
0.5832766128930719
0.13757624741926916
-2.2118842615833842
0.6147825122443511
1.0787544741825936
-1.7622741207807784
-0.21129603215920803
1.438886635343932
-1.2806515880174771
-0.9743523886768429
1.9887875560113417
-0.4471894252658624
-1.0311846262400246
1.0572244198403575
-0.1891242166413588
-2.0676208449236575
1.2361091125431403
0.35104703200877413
-2.8308799911201006
0.6051133230462881
1.2435343327023363
-2.3019146332766223
0.34854591658379236
0.20256814081143892
-1.9488956774225759
0.47312554240679544
-0.09133584257970062
-1.0391942740714568
0.2508818231351583
-0.688393889337361
-1.7404841091946501
0.6123730789556867
-0.9527094505078924
-2.6078904085863592
0.8669687156853242
-1.11712159093705
-1.9041096217725109
1.4390080895027046
-0.3559490941927401
-1.4746195156624617
2.037459170673428
0.39661741459880406
-1.2037697712134166
2.5804703348471465
1.215565776221749
-1.2056250173894598
2.026260523813624
0.6567930072185526
-2.0174848959142158
2.018496210543317
1.3136135329140641
-1.8591798865097378
1.182316500396145
0.9773181477681528
-1.1994084032927552
0.4804478723641775
0.46814075020660695
-1.3748688200911154
1.304264628848778
0.1304902898701891
-0.5380923541489109
1.859743392477597
0.5070004515676314
0.36273995377469737
1.514176669207116
0.5609971596458769
-0.3247556260941475
0.7995704068789284
1.2561601691889852
0.284262648622222
0.833140420842391
1.7455626059645544
0.49036005553956685
1.7930222325955758
1.1624633538036377
1.3234478151179156
1.3548900265672867
0.9413831446473406
0.9120234180870908
2.2578014456954403
1.057820025500296
1.8497764874188924
2.105851512782588
1.0801171922163153
2.241642312046411
1.2001915293628296
0.30519108815739354
2.5461606127045764
0.6202807526800563
0.8613773378045912
2.101079001652499
-0.1219712247598774
1.4428096607443144
1.3689490294871942
0.34104527055400924
1.540144898178622
0.41006069099354264
-0.0392187311176543
0.9533948960075956
-0.3971281356557725
-0.10225206935931991
0.20067283949364173
-1.0474016578604546
-0.6731666499809043
-0.39465114949095254
-1.5000184578382125
-0.40140888443520045
-1.3646818124325135
-1.186978233709105
0.010193203800302754
-1.5200664483191406
-0.9902402333405815
0.8534278927986342
-0.7776012157622934
-0.17939061120589309
1.5921943363369648
-0.2866871341817237
0.30956816168470935
2.132426712577138
-1.1219434041859717
-0.11678069123422663
2.4212963306731976
-1.1633086690468286
0.6712058958281432
1.819241871643696
-1.3026337738974134
1.58639660931854
1.4168771924096777
