1.1580212385965094
-2.8214748731359798
-0.9926225451122803
0.523957468730911
-3.1052580493883055
-1.7353223996086156
-0.24731445872047353
-3.3023785630138134
-2.339504559226306
-0.9776198404665521
-2.666976809728001
-2.114922233561439
-1.3751380768590447
-1.7152935849035793
-1.927995545580074
-0.7111356800160875
-2.1500683890551384
-1.3502221287967648
-0.20893661293369478
-2.1892347576399342
-0.3615981255282601
-1.0754228562788724
-2.2407224319349064
-0.17282136825194586
-1.7480007546858403
-3.0029948238020916
-0.49152450600564446
-2.3642036586612125
-3.221388749792167
0.2797087794638849
-2.830781992342494
-2.4504515441318224
0.7574158941508736
-2.0812077460392358
-1.9491481946063518
1.073657107651582
-2.405677164882513
-1.4405406256534683
0.45666805352495204
-3.04133857580199
-1.941632912646499
-0.1310633823442329
-2.1595652689747302
-2.3055094510017655
0.18627243948886776
-1.4076780304877443
-2.9525702398390004
0.40369116951900663
-1.4833529921686708
-2.787513938136652
1.4378549090668
-1.984771988776072
-2.2074451756411095
2.1855920632567964
-1.7645406097399834
-1.157602364690176
2.256625322424185
-1.9240463087245394
-0.23541336165388715
2.21107888239932
-2.137838996342636
-0.3044835864900194
3.156257367216918
-2.6779221608121344
-0.7116348908379831
2.422959428268985
-2.619484916962043
-1.5463367182887304
1.8532615690801848
-2.472507609307006
-1.6390461120247581
2.8095438853686594
-1.7127486507021834
-1.200457825629937
3.271539007432855
-1.1570170643460604
-0.4698473279231091
2.914119093867654
-0.6881512808990927
-1.0792963137819902
2.224324045687365
-1.1294051086452292
-1.7646562605758698
1.720286414074203
-0.9858561575895793
-2.1009438865349006
0.7697486780590689
-0.39689467162280617
-2.3766597020482867
1.5383828451539467
0.023799426159137604
-1.5234746949522762
1.7035640124332003
1.1029034901473036
-1.3277282327797677
1.4328836282035518
0.8099235876893212
-0.8721146512476066
2.26972671760088
1.0256594277850883
-2.1006530620099446
2.2555756161584624
0.5390520097693917
-2.2820335989552234
1.2803365747946565
-0.25352963550955826
-1.5798092793657863
0.7798604789618603
-0.22258002710533223
-0.6933620240453516
0.5294280857349245
0.7132475209431164
-0.17301498420791378
0.08139015829870724
1.6081139124974888
-0.08016956036790222
0.3866020873530644
1.3760640125479946
-0.6786565786910599
-0.42290256541412413
1.2163267988589894
-0.8942604495728915
-1.4299692318087207
0.8595442273996456
-0.8459161279892674
-2.4281411508220794
0.5252159662511209
-0.0556840326282076
-3.0510904670680508
-0.14615150558729204
0.5114888132465311
-3.087446942984619
-0.4809251074163057
-0.061712262985127185
-3.7348135062582366
-1.3091737507770909
-0.31946349223498044
-3.6738884547788375
-2.2665961213722814
-0.7104646146258254
-3.1689030921422034
-1.5918012174524847
-0.7809012780335405
-2.3990872548660636
-1.6381262395555336
0.16177943269927492
-2.6933879745099154
-2.6001628010745974
0.6271374433663595
-2.7133291360068954
-2.4053192512291526
0.33112081830833007
-3.554768790477382
-2.1287029509299997
1.2016334614022859
-3.8294641760665784
-1.7665612240808373
0.3623188817225149
-4.293427703992437
-2.2851014604925655
-0.5157029058542805
-4.225866691977205
-1.6699125692116337
-1.3509171815587766
-3.7836700713504308
-0.91450380476205
-1.339390985171648
-3.0669651142410617
-1.8941307440713038
-1.5581296369425985
-2.892123962537157
-2.6837525835645395
-1.2052470118338512
-2.412906116506296
-2.350199703865447
-0.35906244822149486
-2.231345006103051
-1.7612451495483739
0.5299237400445304
-1.9890925360570173
-1.071830306919079
0.5615169692651406
-1.5770443535613796
-0.1497192608042565
1.2894995234607778
-1.4215214855257952
0.6562924534421365
0.7699634037643095
-1.3634615157769001
1.3237877490526149
0.5604549124483539
-0.48149042798437014
0.47606541470945685
0.8181246778259912
-0.45707583607199687
-0.0953894738781193
0.33213080102479686
-0.8469469737836115
0.6750644356714992
0.017361331161452227
-0.8385900880968267
-0.006766857456409085
-0.4720441639708438
-0.5625333187978877
-0.9594958850258294
-0.10615294275274345
-1.057617185189551
-1.4415618969196917
-0.27380668954047344
-1.7395696668888503
-2.0910399823916346
-1.0407439107855139
-1.7218500434192767
-2.612185637591069
-1.339366916016736
-0.7559601511434378
-2.5050563163503714
-2.3821666343624615
-0.8200651828607384
-1.612079235128169
-1.8651292924090488
-1.0415182285861877
-1.0881003557958482
-1.056340138136049
-1.303711306218982
-1.9445173414214783
-0.718314106510762
-0.7695004293513309
-2.8257195760330793
-0.0999605621182006
-1.2880352620346904
-2.952240586784617
0.5967655840839096
-0.7344903120759241
-2.8177045744057962
-0.5105778335352382
-0.4926081695330924
-2.963893068980368
-0.5290146502584777
0.6699023067013439
-2.7130969618792453
-0.09709445265218454
1.6119596207403464
-2.011529008366514
-0.0013848118129818482
0.9932817738379868
-1.1914345826210884
0.13948670196570329
0.7626304013937258
-1.5671645063088124
0.5944972877493775
-0.09209833178918134
-2.03564504216876
0.5176827003728488
-0.873340002759464
-2.805548568691333
0.899820958258047
-1.6185420253646694
-3.4026960599849114
0.15423689677918234
-2.0149319234619645
-3.3043539691439676
-0.5228556962248163
-2.7037771675871882
-3.3242865563944735
-0.8206160424229972
-1.7047231716318314
-3.47178301767725
-1.1388763983617303
-0.6886147394987555
-3.674130599527104
-0.19135863979781637
-0.8247650638370622
-3.524710531071853
0.19406040556306775
0.08411041634391658
-2.4680262591791307
0.4977840401784436
0.08672153726433163
-1.8220435190494473
-0.5054844746009532
0.2846662179247397
-2.195275788590016
-0.783038098179846
1.1387937144253983
-1.3198615976677963
-0.5857139982837372
1.6527906046359684
-1.5116207063900446
-1.2176560676553123
0.7056946371148026
-1.683224281128913
-1.2713313797122956
-0.15092745191753912
-1.0413765748403132
-0.6973520894877996
-0.1531808640841112
-0.498530057338514
0.28414344901188443
-0.10562885316052345
-0.33791695113854164
1.169830528073628
-0.37264156963307227
-1.2945917546101624
1.024708831772653
-0.936070433146604
-1.9921141090815488
1.4745315823734206
-1.350628338620083
-2.779307897496417
1.8025160244084604
-0.9257454552746196
-3.1065439776653636
1.2759664929552135
-0.057446726355083126
-2.6824700741715404
1.0873671665191764
0.7986701156300745
-2.21950354480682
1.7084477258793076
0.295540728349162
-1.2665585257442555
1.4546402821133415
0.06852247360343056
-2.166116193526917
1.1007964056433865
-0.5424833437332509
-1.7240763088054096
2.1467845793876723
-0.736549187859801
-1.4089995136740154
2.488629958364728
-1.5931121833060984
-0.9064661259775981
2.16941297128724
-2.552796053156695
-0.17614142469662236
1.4967924525503429
-2.39380128647153
-0.693557428823089
1.5283949852155014
-3.253979954845851
-1.5999614646381082
1.9571762203509304
-3.2680467122393013
-1.8827075669460744
1.8967704413637425
-2.3577737745646297
-2.7651426410995734
1.8220582892135688
-1.9321940355163518
-2.587022549528898
1.610196017534881
-2.939366024933809
-1.8149568718333506
1.0004296235319587
-2.8252609482469455
-1.24768785932034
0.5477706210653159
-3.5282993994956104
-0.2628267408402104
0.8777141937877138
-3.970413843470109
0.6571942981576158
0.8611225322290091
-3.474453946965488
1.447719990728615
1.1982506530455652
-2.884978731662787
1.982122326685868
1.7357334882365372
-1.9750727932218677
2.8952635069955392
2.110398663765358
-1.6278502582043513
3.8085882261040243
2.4195178204732435
-1.2372043445079606
4.232819623437534
1.7634484944244355
-0.540843703843415
3.5365389502506717
1.7958571021886873
0.1864597021955298
3.7553737744779334
0.8338144221776292
0.3043616698700246
2.889420737522893
1.1748323836354457
0.6755462725798429
2.049964220344678
0.7046322029048541
0.8932572013746697
2.3401957567846
1.1826178429850056
1.9347448986962563
1.9472098462776828
1.6695832267327342
2.7050022106632645
1.1649532541566736
1.8573428992461893
3.483337811973531
0.07181250690063797
1.9569274170586481
3.3634442090818797
-0.9787148154587828
1.3487724706007
3.2439230720384002
-1.449214338507552
1.8389867300338378
3.8757793363098085
-0.4620314840616811
1.8708155940787643
4.149626854342093
0.4952441377552698
1.6123148382818369
4.249090970164379
0.5497130612460771
0.6384810949775115
4.430983890794407
-0.32186793389103197
0.22585430553912128
4.413769987451242
-0.18952300751623533
1.1451144021242001
4.795675017386057
-0.11297544070965823
0.9849117243138165
3.8238699919296355
-1.028807193942416
1.0815746137873656
4.238685250999803
-1.4506397676387424
0.17898041098918616
4.304286330393517
-0.9620217879711279
0.27048359237415925
3.436670082550665
-1.6824242990480411
0.9047508893418014
3.5603747925233753
-1.6717513186525506
1.4166207093493466
2.6672902457162513
-0.8338773416860221
1.1197360732040835
2.3346019403324783
-0.48565633794784724
0.2075176296281768
2.5442069630523045
0.27646580133777277
-0.1783677545400535
1.8239891980303624
0.043991680863568
0.11146003323865786
0.8725403983634504
-0.14079673083788877
0.5928051379908935
1.6624606791706624
0.5281552098130693
1.2181942471148426
1.8634262001078226
-0.17040924968409693
1.7234819091705715
2.2351171390083815
-0.09441335640329808
0.8295802502255387
2.938452367397836
0.14800619225936898
0.08881044362245404
3.3128190371185564
0.3057643376674223
-0.7955670165667764
3.716284583287232
0.5555042855825986
-1.5035995020004351
3.0609369791231558
0.08491104903093218
-0.6370075444535442
2.77614744826331
0.6440615072691982
0.24557713013183163
2.7082758053018816
0.9986834519884819
-0.0851259603420091
3.618106117859353
0.7630128346242536
0.7927270216838433
3.497875020578462
0.9280587491929607
1.3732877156375707
2.6725521499530074
0.5861399219886207
2.3858301780114206
2.5658783184829383
0.5444115732180171
3.2683387970287407
2.152136899694015
-0.19342976700611253
2.6023891179039733
1.9622182022789005
0.723956817084064
2.462782642473532
1.606265828435427
0.02011611463159608
2.769849638131029
0.9964315960662171
0.02234571426698426
1.82265317923627
1.417522860956521
0.33400376426001444
1.136736351275421
0.9171025311945541
-0.6157308897235255
0.962512983980019
0.5373776319544394
-0.6765537478574186
1.9841520010121683
0.4937735885233697
-0.9595382830628016
1.477031491215142
1.2938823019347672
-1.2430860933136385
2.3928182046949087
1.189015872314051
-1.1003258681410129
2.093120676163251
2.130947607741787
-1.8565868362850713
1.6946356480710671
1.5523681742882287
-1.5805740782404083
1.0352317927741312
0.8156652690837191
-2.146159113635697
0.75727570281985
1.8004275264499883
-2.30968858583434
0.642857685702092
2.7473036727559355
-1.2660637714697045
0.6173675841564871
2.773809967942459
-1.1266208048433453
0.43042041381701057
1.6355809374777794
-0.5005301738100724
-0.08417326233614165
1.2840066756256816
-0.6704311796806491
-1.2295436272102975
1.1134328596704723
-0.7141705126803721
-1.3835925087361916
0.1390007755462724
-0.26279466151460307
-1.3598100664297614
-0.9507652094043965
-0.5051930190885765
-1.3716321470781947
-2.030326072672324
-0.03530993877711891
-0.8409126721444581
-2.767422956202506
-0.8508380273326389
-0.1420096659063603
-2.872479442018461
-1.0881287259546941
0.7594906548083141
-2.4116979212486935
-0.9736599202971905
1.4432898100835856
-1.8022535272118023
-0.7752417788124154
2.0011165821059107
-1.069202707735808
-0.1733157472086453
2.2548356044903795
-0.32245745840295753
0.44486086828347293
1.977834048553271
0.394277788661579
1.1219657701959678
1.6097800610642512
0.7821434676360345
1.3263993743041371
0.7606644662053379
1.48955265825897
1.378214933042349
-0.17240951160188517
1.9161135308690056
1.7871779024762364
-0.9394667578931917
2.359858341897954
2.440787717583879
-1.397378914473324
1.7809999918294808
1.7494497392842399
-2.097445325937568
1.7007987604011303
1.420391609746057
-2.463420091044576
0.8406128365058534
0.9421393013647373
-1.777148159418666
0.5683155288416855
0.3348164386610185
-0.8671850426635027
0.9584800987955299
0.4835675986639507
-0.920828424060006
0.0009370380711379994
1.2178170950618965
-0.8583833094762244
0.5896428403868788
1.5704353937743263
-1.6123956213027597
-0.07557164485859107
1.6132554926138503
-1.904612986658824
-1.0816175233431438
2.390634762089972
-1.3543184920059166
-0.6474288080740939
2.983265815564285
-0.5728515211583958
-0.3614641764588192
3.700496969482474
0.10697215378578732
-0.5134092801930711
3.083381202559964
0.28790199554800006
-1.1861040428733796
3.412451433114257
-0.47253799305238564
-1.727200304188234
3.5807728181838527
0.4518158683209182
-2.0305343279612615
2.8369508608017613
1.0189477102971651
-1.6829246708474432
2.6092166560173613
0.15061378669388806
-2.073476728756416
1.9134563027123066
-0.5157661702007418
-2.041432062473385
1.57482795194273
-1.443159478800928
-1.9963759814029516
0.6430033446949152
-1.5037863044938378
-1.8306798319594157
-0.052589799561043614
-2.441969338571553
-2.0886946831754445
-0.4057587448875371
-3.057156145174137
-1.4434820008100255
-0.8000119603550516
-3.147041617616253
-0.38206875338854307
0.26133110858144915
-3.048745718366266
-0.586170858621261
0.38574716883319354
-2.3080924171176322
-1.1898613481964146
1.1319184884406
-2.337185930750545
-1.8599149050472594
1.039609025908683
-1.7303250631522467
-2.732896924780433
1.6125822678024757
-0.9205653317569178
-3.1098989979485854
1.4665265385541475
0.1922964351479922
-2.770465584338078
0.8955691579830224
0.0869738435788118
-1.858664384160723
0.1932136950947847
-0.5872977730579361
-1.521499492234089
-0.5854711067002959
-0.4630647406123804
-1.7887224257356706
-0.01674305140257618
0.2789611716737877
-2.0410166989942344
0.6459699814725541
0.7405236735217623
-2.46387260259379
1.5607071376201522
0.6658063205139467
-1.9441803384637715
2.4238120438497543
0.9488538467981615
-2.5920478614376603
3.4069655502288896
1.2285201613819965
-2.6476597124740056
3.7444981631845353
1.586066710686704
-1.6940182406581459
3.3377091068439375
1.858024058240532
-0.7373698810797117
3.5768607600342683
0.9319268584971919
-0.9205809258193351
4.129066129491073
0.14707417665828967
-1.2304635864566311
3.858744844385937
-0.7597421264951277
-0.8709058461235778
3.5119034263574775
-1.3008186357075027
-0.06417162405682947
2.649421541597045
-1.8125299335094998
0.16842873952887075
1.8562224205639006
-1.6045791000357288
0.9020590668111681
1.7009230107044215
-0.7474766300008455
1.4031051268874155
1.0641640028653572
-0.09129463241570486
1.1273390789827125
1.1783508648462435
0.8124689985830889
0.449433044784009
2.1318116093187283
0.8921879262944908
0.03346905084058179
2.2620297708271817
0.7426081592084975
-1.10179935807786
1.6243049478686333
-0.0070362947350872855
-1.3637079610063245
2.379268442324456
-0.6473962136201895
-1.2890422364698928
2.2239451554527734
-0.10459938125537176
-0.40107369998768416
2.286133846378191
-0.901109839203261
0.21137778305769633
2.921819405680261
-1.1244489810947302
0.903461348892881
3.0578303347989513
-0.5489288813039898
1.6644334764926547
3.3136513093471347
0.3058009064586219
1.127641185686274
2.775641772769528
0.38261976586279894
0.22021277180913026
2.8947232133733802
0.9584556148527167
-0.3492686954748224
2.1927084684589744
1.7284693141945244
-0.9745116438821573
1.4430066906596613
2.2592150142580114
-0.8706558838743601
0.5867887507238521
1.71569538547394
-0.70954536022462
1.4864822842622916
1.3445162999003737
-1.1420513208702368
1.3795758800664302
1.6608050132057541
-0.11110391584025388
2.463855941939766
1.8565290986922898
0.10145462283740132
2.183761513042472
1.756167526498042
1.0676429820381819
1.4201118887024398
1.6330264657674882
1.9856041288881652
1.619492716887295
0.8753050452263448
2.4403525286236674
2.451613198003112
0.5495126111487433
2.6968272534473883
1.7341654237550066
-0.16033401182901244
2.9733828718603905
2.6193263872596892
-0.40188893876728543
2.5535192731039578
2.2501334874803396
0.13309418022737224
1.838273602009202
2.5410207815609405
-0.22177032422553322
0.862930587157788
3.5125367259539924
-0.5209248034634619
0.5562181201083458
4.383019054260886
0.02795643191426143
0.2959258420923604
4.42393242294831
0.6653696398908638
-0.40459211067488116
4.576006166460411
1.0491059557599853
-1.3524612927368713
