-0.34014012040877706
-0.18059325534733436
-1.3396572568994938
0.01573732776391351
0.001591608819721077
-0.434600182371268
0.3090882484789348
-0.8277245520482827
-1.06553470769652
-0.6081401543787226
-0.82990163540815
-0.5994957062803372
-1.4334885691443744
-0.6091617007913995
-0.0739954633240926
-1.451629583947792
0.3836405363477394
0.16810200422978913
-0.7366084103116765
0.7278453559336231
0.7574691205951615
-0.5307174678600799
0.635174079050174
-0.16133513850379858
-0.9983102777105437
0.009027161962536279
-0.5900012807093961
-1.0034514803222279
0.6261391866789259
-1.4825131414527823
-0.12247584124371091
0.7599805600038011
-1.0436782565431089
0.639658041645755
0.2789643168468469
-1.2789871148228902
0.7333520386498127
1.195403041141794
-0.884412335554616
-0.10596786360082056
1.6806970345169898
-0.592987365294304
-0.3979127308062731
1.6066142355984565
0.4303961292581633
0.43923158231385556
1.1572195307006594
0.12455586074857
1.0371189149086955
0.7725129777270906
0.8350446348977627
0.12381633100458744
1.1162815507991544
1.0709520278166422
0.1359793235365311
0.3861644426729776
0.4149053922690609
1.0264664448555398
-0.3060370228956365
0.34177593931573186
1.2427679143736248
-1.168814333421776
0.02021882462022458
1.7474441181540363
-0.7727284239239379
0.8026604292714499
0.7529937696372306
-1.0513787406190762
0.87534155881473
0.5794714112255692
-0.2610642158896288
1.2984354500442774
-0.134023506805942
-0.8342009881388919
0.9068770606922529
-0.3812704770997834
0.08070955851219051
1.2455481535463109
-0.6581422776004406
-0.07146850848242643
0.2011368007106954
-1.3108911330354627
-0.5830723452442026
0.8838414802103707
-0.8234383840793417
-1.3143351607883382
0.2822652035913177
-0.10740128430144506
-1.7373576380033064
-0.2566717249538539
0.31951749789577266
-0.852983706338492
0.07509116740848992
1.1250610982880318
-0.4683170479512032
-0.5961759192051518
0.9163054999254358
0.45117409797942015
-0.3345716444293688
