2.8336601262707046
-0.17004853409771434
-1.3779360981629907
2.2415660918830462
-0.16123675818225494
-2.1653586055734158
1.3659693500043237
-0.007994397155107264
-1.7910195089431096
0.8914337078351668
0.7296683759597411
-1.8928113842085892
1.4261616017601326
1.5188240838368192
-2.109713188073356
0.5388141047504986
1.595871302637231
-1.732722022768365
0.1909414669889299
1.0482725831734732
-1.1546746467147724
0.1655867475771548
0.23729327527656877
-1.7264122294372113
-0.5400422116991624
-0.5689822119618789
-2.044473458745373
-0.4284674423355521
-1.6893237798161884
-1.5859974438513726
0.34869926497851506
-1.710811640837676
-1.1404121709425414
0.42361383195094904
-1.3077052439195127
-0.3840472149223817
-0.13527375397687041
-1.6226607694350677
0.24757860576799356
-0.9158198722537527
-1.9434717203289498
1.0772661067404277
-0.600281694104338
-2.8123499539485093
1.4917365851887425
0.14319993594808123
-2.1640639826458847
1.5607240354116014
-0.12341903668547108
-2.5502776123334168
0.6606299763654432
0.6033592075127536
-2.1095629535756446
-0.04764263615694743
1.0214653945600964
-1.5285705268189116
0.3216452431519736
2.162436413081034
-1.620879678272618
-0.10754824801658634
3.1070599040216504
-1.7792514031880964
-0.3769467042605381
3.6468134845537357
-0.8359180907943226
-0.473840048987601
3.4560846813965274
-0.9326911838855124
-1.4162002034102865
2.7479239359645296
-1.1199707707604085
-2.0835765194375466
2.2812959462653515
-0.8479458993600837
-3.02216990560081
1.3176714843915012
-0.39643961831598085
-2.7928209763717606
0.5179366566405224
0.1644723516060795
-2.6484926591705684
0.6109792864079607
-0.6553174698252587
-2.134503748135346
-0.08061522222656878
-0.9516522662982577
-1.063144795758188
-1.0272234068386532
-0.9148642704877095
-1.4492547167041636
-1.4478654038569612
-1.5349306855855815
-0.6996943840559899
-0.5041244556581166
-1.6932177615081114
-0.7880485725975406
-0.6601010477466291
-0.653927303274531
-0.37193069058113837
-1.426780226788932
-0.1388449184664352
-0.7768262874930918
-1.6553491359061956
0.7927237611257961
-1.2724975384627524
-1.3629094923011733
1.6401452229814626
-1.8497177440341661
-1.1974524725822175
2.550063456639865
-1.3964266748191136
-1.0606148615650606
2.5145637252454396
-0.39183623141335205
-0.5124120479512038
2.2533580674844456
0.3005131232125298
-1.114395852913572
2.7901997931869693
0.6311133860746909
-0.9060593957443812
1.9089155271757516
0.9958724653682582
-0.2509014193803691
1.298985606064296
0.19862466309648513
-0.5224869330876588
1.7621349257471492
-0.54745136106961
-1.405519250603593
1.7646382598288404
-0.8554804265100551
-2.284296810461419
1.339693271569131
-0.6575602334317772
-2.8886060535993114
0.5705544221264457
-0.7436755275328174
-2.7729644636178072
0.8431393154716232
0.26816723465399794
-2.043916191235271
0.3986748915992937
-0.20378753542087888
-1.6193713657860302
0.28990568841005937
0.6151686904732926
-2.4987453232402266
-0.08255880695136716
0.48871866427796706
-2.6300254555395086
-0.2519702615075897
-0.4438282879255508
-2.0209200753787586
-0.8716901731110247
-0.875925971045694
-2.827893456720647
-1.5358328791720885
-0.9285219874004128
-2.9812979645770312
-2.1592827378441197
-0.18277077013740461
-1.9929960603741166
-2.3525086767796655
0.27079233075328063
-1.1831534812877698
-2.2152303570270933
0.06532049335719665
-1.7464038032509583
-2.3590701029151395
-0.6743679414551622
-1.657926772150064
-1.6979448542671625
-1.512255559637252
-2.2971502445979692
-0.9965818298923582
-1.977944349509626
-2.755751276933529
-0.2441838044982072
-1.385693008157465
-3.2782027191530556
-0.9534643977934892
-1.8621812126390023
-3.507987087501945
-0.8053694351414189
-0.972069991182395
-3.760961530874448
-1.7147532771750298
-0.5850543938034244
-3.726221831022913
-1.89510527413747
0.39102373382177863
-2.899894031564285
-2.0437303450874262
0.8855495304655029
-2.6789809831464306
-2.116148735534717
1.8633478246579596
-1.8465934462663816
-2.066206135553647
1.3027789965202743
-1.3579041429534233
-2.838856253866796
0.748921319770454
-1.164826003884926
-3.065352384677064
-0.26389332634321466
-0.8753582403215621
-2.459876434802525
-1.152937555554916
-0.3698830075502265
-2.619995249726153
-0.41748440818203125
0.5414986936371855
-3.214006373392695
-0.36520238857377246
1.1130795521236327
-2.5466778306736195
-0.8125114193505552
1.331842482294795
-1.4740331705701701
-0.4888690373534531
1.258937894452296
-0.4674444487410008
-0.7748042433496298
1.0504391223539662
-1.0321454183891623
-1.4436363624616764
1.975492911407784
-1.6378952377459155
-1.3712564936960043
2.930757975205215
-1.7656459331927743
-1.3566514784446435
2.6737333324435086
-1.0539869374057191
-0.8578578358449657
2.8167321905678704
-1.1178613067135932
0.3248773588191775
2.4914583955253966
-0.2894188572068003
0.781752687131269
2.0856011388878732
-0.7039802857132774
1.5375230386622065
1.258265512091279
-0.5580530051007077
2.007435818765651
0.242261322046529
-0.5742143263266615
1.2610491693867296
0.05338023156254232
0.15895712212455984
0.6199250877763779
-0.05095348808001594
0.5648158289044337
-0.286547392340354
-0.6362568751530302
0.08806848853630962
-0.9686815438903735
0.13918621426067235
-0.29595548318752524
-0.5716261225478996
-0.04801454911774887
-0.6864303762151225
0.4322118865353025
0.31088933732259205
-1.4459002936856855
0.9277944681540421
0.8720819585531822
-2.3526139034353166
0.8326829835667416
1.452822487977997
-2.3948765182487515
0.041124782716584825
1.9031700297357115
-2.0320353964151483
0.8891797425659925
1.3221591832849746
-1.2839953360463385
1.4411365682914044
2.0163322237686465
-0.8702668909397543
0.5898731268518269
1.8567935591260332
-0.7109370416268918
-0.21379144753615303
1.9093710638323205
-0.6424170096743924
-1.3205963363590016
1.6734361059138756
-1.1718283836016439
-2.1485588780969795
0.8894286722748732
-1.2983675805745116
-2.7784077729201946
-0.0462733668549625
-1.2304590297349922
-2.597238557735501
-1.1833873860651802
-1.2384743604229367
-2.308588921958879
-1.4568593671499346
-0.3820438618128527
-2.07237926177696
-0.8287473706191223
0.34901576013417834
-2.3124335789651864
-0.09728233529325649
0.9045028320705746
-2.4279387615935124
0.8024321519389832
1.353885829565867
-2.8274965837750545
1.517529464660185
0.7681791358154113
-2.8940915533886127
2.0081043097937243
0.7150984798555554
-1.7592125233676132
1.815654160255893
0.26137595826938353
-1.020455816014934
0.8230515297291348
0.3304929331260949
-1.1416209257595802
1.1393666866546768
1.454839109198105
-1.313470177787982
1.303461170127988
1.9658845596171597
-0.4697568336757324
2.165246055430967
2.077578618946262
0.046511390793300196
2.070947414420488
1.1568600608974415
-0.3274488216654661
1.9987746172841354
1.7069242636730098
-1.2003294319372608
1.1696971500082964
2.1886081354080242
-1.726035365183513
1.3004830285500986
3.089314129857586
-2.2699379610415047
1.6388244574375115
2.755755529303562
-3.1391657816933276
1.6443803581251715
1.7781238751928128
-3.106173265306863
2.445564760522428
1.4945632923037921
-2.5160646428178315
2.8319280267508873
1.2876205888042
-1.598698256440274
2.775524646042616
0.6282463363290075
-0.7816279579741645
2.727128318631487
0.6902147228154613
0.15674011233422486
2.9527099949273525
1.5447195850285724
-0.21058970785557227
2.89876849845771
2.1156645186755463
-1.0425923084341853
2.140930829867066
2.6028236638191755
-1.3118677148258862
1.9477859895823715
2.2845795213505355
-2.3275261925754998
1.013213680270917
2.2266214937689446
-2.5693708168905824
0.4766116407990594
2.038124355262422
-3.4448370482025656
-0.0029500473487672476
2.090189920935713
-2.5941817428618257
-0.43183887145568634
1.978944296906825
-1.6373104554039288
-0.6748534498978292
1.016520853991762
-1.5572939918849091
-0.8879013582001677
0.9007331980178324
-0.5535062151957356
-1.1142952069499472
1.6348806560480533
0.061963596881399914
-2.2008288372685443
1.6716607018394294
0.2865119921252528
-1.9673947576801638
2.615981630317649
0.11811092725563627
-1.8494035856304303
2.2931195840433345
1.0493318152020188
-2.5734367951496027
1.6776462829232124
1.4829614460610085
-3.3158566945364485
1.2291847379744616
1.0155205806033403
-3.4255731484236303
0.2692353803151344
0.766534503630448
-3.6976140059171607
-0.24463324919269247
0.026328492934270746
-3.1431613126281643
-1.2267285956580207
0.04462293321398892
-2.297062766994357
-1.3592568149591406
-0.1950272343142349
-2.6072214394328914
-1.088962237140414
0.7790493733096285
-3.4994776880101384
-0.7235124034572141
0.818038653136816
-3.2583772321968025
-1.395650715364436
1.497513028108723
-2.305858042040531
-1.2118706411549807
1.7428715795232408
-2.4961010239433308
-0.2063542424838996
1.848760814313872
-2.5128136862774766
0.7012872184792357
1.226785192398602
-1.5314119250456992
0.3582465474600139
1.5217098116287673
-1.806339175317422
-0.5589208699201799
1.10793490193544
-0.9134150109432276
-0.733026217652775
0.37787479885897873
-0.7559655406450534
0.11993840614463581
-0.06524063718655587
-1.9743353622009434
-0.5474398014798857
-0.001386027566488257
-1.585139492317916
-1.3931333421357075
0.6076582201638245
-1.4517153741857354
-1.3242270902932596
1.5151021754247496
-1.790679581625701
-1.8424851910454587
2.244218961275491
-1.730302343327744
-0.8959056458682456
2.531363292877654
-1.1623733919853305
0.09752753752337467
2.337989314981571
-0.34450773495900394
0.32306400019351905
1.6693639425347553
-0.9687572074835098
0.7904627317987791
2.016215280809029
-0.3799085674196707
0.44622107199777833
2.6741600131627807
0.2730118382372908
-0.10352774082154925
3.2315678672965245
0.9282296892610297
-0.4002863304997977
3.9223427469943273
1.0876795690596384
-0.5925137643577868
2.927906706503422
0.11593878266185213
-1.0201202282371697
2.8694522269213163
-0.6308532748495601
-0.8537132498195008
2.299267260967922
-0.9132083944085697
-0.3000776083599461
1.2907090368188416
-0.2911986885945366
-1.3402156075097984
1.448510248764449
0.4672342405856715
-1.2531121729735675
1.9690091532428997
0.18112029634582993
-0.32972447246120967
2.2639822194344923
0.6723998245193585
0.3962704245025877
1.5983121309644994
1.6054330030184514
-0.0628077354867021
0.9485423229143078
1.7508179010769012
0.44992245287636423
1.932550225422661
2.0379280451601565
0.8017853479613516
2.798639273570141
1.5622163716923336
0.16653932734623803
3.3827276857305306
1.9863543710654914
-0.2558878581138969
2.5788917999983556
2.6291377008808876
0.09947238022132467
1.8322285037270918
2.13853947516789
0.6610404779267359
1.100005249954762
3.249356719183072
0.4904651661167381
1.119536799900949
3.5221905504746878
-0.27292192045759683
0.460530173672812
2.757823223299686
-0.11924312141613311
-0.20597405427633927
1.901012927502266
0.16602743037656523
0.18954864069044036
0.876341916752301
-0.3413778008998118
0.2777462345341249
0.9457975425055823
0.5651493217599809
0.60675509409663
0.20088936165244545
1.0932214950545858
1.307270309609848
-0.9762531661055809
0.9043526232997948
1.089618005716798
-1.6998681580300747
1.286662200993239
1.1087410853571567
-1.3152293961694725
1.8421018343715028
1.8962005375455644
-1.5910576592791437
1.47176110431372
2.7853561900745105
-1.9714934085492986
1.084047322413373
2.042425060246479
-2.0480666945106387
0.28220987368572953
2.647869703696833
-1.1790851071458466
0.6092474805165115
3.080097358539572
-0.49595131743428267
1.4029842056466055
2.7805215233629466
0.3450265732157603
1.0709039976963375
2.218749228828949
0.949417173871749
0.34559293722868384
2.643398789230237
1.1731648672921378
1.078545376599679
3.228564784155301
0.7375605755775136
1.8729442888804313
2.7239966801275646
1.3071760857974357
1.2224901770722054
2.288326244438357
1.302969201664043
1.0329455451602538
1.3181555613950133
1.3595286419897075
1.3662689640413823
0.3670115198093881
1.1270437848498764
0.6574181011826062
-0.27824969441078773
0.5525413320665152
1.455267129259333
-0.16477388954132333
0.4606062549066498
1.8386642890212685
0.730733267513354
0.6847249931609011
1.8118801969635334
1.675483547409185
1.5915078454808695
2.026106318976352
1.2212478574578556
1.2333941850988914
2.442500610118671
0.4068810777900862
0.5544279731660217
2.4509777151304606
-0.2007608935660574
0.48289349687413674
2.148806542365697
-1.0578985987845568
1.0918776292670018
2.835251026766821
-0.75408474709669
