-0.5137404650169882
-1.0394752119279307
-1.5203375610384353
-1.0762177216338054
-1.1462393959884305
-0.6782777584321246
-1.3499594290208317
-0.24681574151213845
-0.33945387164887514
-0.6068082964837365
-0.7449389240830817
0.13916519360226662
0.19953286274648094
-1.4045884401821047
0.3330591403427129
-0.10987844923316457
-1.314015803595445
-0.526167954324222
-0.834505485184706
-1.6609852002937329
0.16826463597664748
-1.4566959883308075
-1.274913622158893
0.925587303784702
-1.0333359529451025
-0.8743721719925107
1.8345725880955215
-0.39259383211052185
-0.013908160683431587
1.8534586313325965
-1.3772100324757879
0.08128361874257463
1.6619901067210174
-0.8391308216203309
-0.38367908181192323
0.9578046006348648
-0.5429695629006156
-1.3404212582555624
1.1695945555074174
0.4856748102388091
-1.578803417151468
1.3773606907404843
0.7250983816279599
-1.3150353925930918
2.3370265282277503
0.4742289782992567
-0.3024069571201348
2.3796951334117047
0.5317171451987336
0.188876732001757
1.5140176162678922
0.5292060500294807
1.164021189019745
1.1429583387069429
1.212866953158532
1.1997239471326886
0.45274936870388965
0.6649374251245199
0.42966717670052373
0.4345302521738794
0.3077150403711212
-0.530791294184029
0.05107118267851445
0.10926150408210542
-0.5382689438547351
0.9729760284193001
-0.039853901314447875
-0.9612699146544883
1.8753901243802826
0.9360341031410024
-0.7141200596556511
1.5984768277858874
1.0271298421014874
-0.9253807272532799
0.5822805555987662
0.8413872234228742
-1.265501802938497
-0.3073306407511793
1.8553232585094526
-1.0908972650009319
-0.2746766137693814
1.2424843800511778
-0.34142096034898634
-0.39157739054980395
1.4290814197778232
-0.9622470025935264
-1.1652045228814198
0.8122956053116802
-0.7014128922412513
-1.9445387026861782
1.6091930694895362
-0.11913046314118911
-2.1950111495878226
1.1424474035473242
0.09040163395273965
-1.3065884574481252
1.2963881525079433
0.6254991791775262
-0.43445864752694296
0.786477492682137
0.8892945792498355
-1.222909106303564
0.29884343794004026
1.1987329368778872
-2.057037108685619
0.6822770031787785
0.26040907570392535
-2.202823329705422
-0.09301410587405488
-0.42370014674229284
-2.2220535807747703
-0.8445926185917068
-0.09498960293299026
-1.6194046220826377
0.1257424634320248
0.19659637204887412
-1.42787306748291
-0.5977767749853058
0.8414748471807622
-1.7654898146436702
-0.6618604580539853
1.9099131033578591
-1.3492982953841361
-0.488814639177799
1.8638125930201555
-0.3227937632907114
-0.10415509738557506
1.0979685900123985
-0.7724967123437964
0.3401085988375161
1.8647547144147927
-1.2314473691512766
0.6734996720051392
1.3688492833541577
-0.42256315003256195
0.3751433911521528
0.3980369260550434
-0.5931664990435523
0.4415594727516854
-0.6239444426844465
-0.9908993675810607
-0.4076717213580922
-0.379339753118021
-0.7750563396750985
-0.9516742299236128
0.5208983329626524
-0.8348138451280857
-1.0350934805930714
1.1182375975690528
0.027945670102266743
-0.6532883975962918
1.3863606483345323
0.9515762412948936
-1.155767042488365
0.5348902138432815
0.7783433474862309
-0.5000876137044412
0.278368451510618
0.06778451167175137
-0.08148053210715077
1.0688575032371468
0.09163282919519086
-0.2515539270172115
0.3155848482302037
0.9491163320558984
-0.3014501786180122
0.9394686381216404
1.8425784205051023
-1.2542830080177099
1.061235619981814
1.6366350196058146
-1.6001913769534648
1.4197956989010776
0.7861074669432021
