-0.77051014133812
-0.37506194074951044
-0.23572046357310622
-0.665386234779268
-1.42687004733018
-0.688066048112244
-1.316594817703736
-2.082152935908204
-0.35591086933600075
-2.3085501561675517
-1.8173860205419325
-0.40062956780328446
-2.5953754713094552
-1.1657951266866915
0.3339149679563841
-2.6329369012123784
-0.3263839210802757
0.7841590533076157
-2.259606184380891
0.4595755536097757
1.291859376875684
-1.3864796696300656
0.310239940983269
0.9176146020495198
-1.010212573613145
0.3612657135612351
-0.023374709586768308
-0.7382840972278306
-0.3686583357125178
0.6357508833462787
-0.2415500858830741
-1.0156923215511162
1.1818058495781032
-1.3624740801787423
-1.271031256252413
1.0683873904673062
-1.798907169283116
-1.6480205474867697
0.414300993415589
-1.6214828763487996
-1.1531197484965263
-0.28225040638791354
-0.8856923350294837
-1.187277249612042
0.2594927630786642
-1.6940021051404994
-0.6688797088191668
0.5306353959690255
-2.7328948678123277
-0.2984547525584876
-0.16475364071029105
-2.414393855179697
0.17383832907629287
-1.1348884755113124
-2.1171190001959355
-0.06839638284484088
-2.0694368693134724
-1.4713411581895937
0.28936520806875293
-2.8294286228439214
-0.6038042720761374
0.6601397666417235
-3.2154628916072676
-0.0076148711363559695
1.5017261891396203
-2.9838132562974256
0.655522787452695
1.80752571460619
-2.2446528380382214
0.23172694909549807
1.2968415736589594
-1.4217330791108655
0.7566748591002117
0.7806380577449962
-2.217133690298838
0.40215059850048
0.3859073020900988
-3.015097889727631
-0.32855510280111017
-0.14652948846501296
-2.570838698355412
0.18406882519335566
-0.9989235191948734
-2.5394517130278693
-0.5035531107769748
-0.8001476052009973
-1.7628216992572299
-1.0492281221563167
-0.10838180409400124
-1.901460490229776
-1.6979761877779982
0.6908253043015402
-1.5553942031751482
-1.446830316252618
1.5789007808590136
-1.181867530707877
-0.522680592276562
1.7870207348494564
-1.0203125683146632
-0.6790729865483836
2.1154324041124037
-0.009226482475380528
0.25276161588425244
2.2524243288158456
-0.3267990970975513
1.1953474987910828
2.363514350166725
-0.21823800837852905
0.8844020923240187
1.5905639214607776
-0.7058671188938793
0.40804248949524075
2.21456089539964
-1.4119793035707786
-0.2853428119417081
1.748141848830329
-2.0094524438615156
-0.21300731094706987
0.7949034331730945
-2.2534494046479514
-0.150459221020085
0.06729574180373285
-1.7024518606844252
-0.7113970358078598
1.0571958396918164
-1.5350333101643896
-1.0518437152719613
0.1650887114256181
-0.9739614151876697
-1.2569113385664465
-0.6803352827933359
-1.2196380795340933
-2.264223040430441
-0.8411246886601818
-1.0991040117709678
-1.6909311471247672
-1.6968668823075823
-1.203551456028155
-0.8463690475617485
-2.2244937195370773
-1.2067275462831664
-0.03327502819630441
-1.7519432269289554
-1.3402698251835756
0.7301539148736207
-1.771047584456703
-0.6976299954718606
0.6712969026880633
-0.9326949779834783
-0.3387730511265424
0.05123906194992272
-0.4481091003418793
-0.8872221171132105
-0.035901984574277596
0.6672926911999065
-0.6268446540637869
0.6919192132953107
0.9205888413352245
-0.13210139797757559
0.2772812685155786
0.9490812691073077
0.943679608727656
-0.18980941242459215
1.3042864898175797
0.014271343386672459
-0.8781036678185826
1.0657741314407614
-0.611504384280668
-1.865956961332223
0.7754019099748255
-0.6106817818519619
-1.6447562483451403
-0.14394562418856136
-0.4396244078178434
-2.16358293951735
0.38171756245018695
0.32937621169862885
-1.636051803771055
1.2396680109377356
0.33588608993687996
-0.5531442396398996
0.9372060269325354
0.7786333915179912
-1.1714672768786603
1.0529506620333222
1.588621899845776
-1.520353500641082
0.24622422771020136
2.1057339316474146
-2.4919083548646377
-0.07097240084756044
2.2244277983458103
-2.925903254374692
-0.8243099546544304
1.683571696532769
-2.2617210598998656
-1.4770161162529718
1.2795533170159632
-1.6093745275377747
-2.2339664812026654
1.2956848403942711
-0.6049083345368516
-2.1120924140753194
1.4144805182656464
-0.6055885522034842
-2.185221539252297
0.4402728651878139
-0.14845210274003262
-2.1471972571610674
-0.4669825722109311
0.44951229554759325
-1.735156873264014
0.2689104479929399
0.7730534195662452
-0.8016728875734356
0.7827047622726839
-0.20697559413867622
-0.7351147357699678
0.3974709706365948
-0.19549520359890415
0.19162934526856173
0.19561619525860496
0.6285019163847075
0.07355228416425771
-0.36649844616401467
0.7695398886151961
0.2652445658326587
-1.3059003742954702
1.4004783258016205
1.167822679116868
-1.4741948454007812
2.12080932794779
1.4513310935194474
-0.9314789834799857
1.6340987508276759
2.1366273557976996
-1.155817126691402
2.587952914215519
2.220880843702424
-1.2241192624436423
2.1934486873993393
2.1934115382756048
-0.33196324046237785
1.5632672655003392
1.4604593951459048
-0.0671643831148096
1.4477684827244963
1.105336757335971
0.7214628033630429
0.6513982265167403
1.8418654774680916
0.44850264662547806
-0.19385696278584444
1.776533939118085
0.8511618495544443
0.6651673162582986
1.757759789834772
1.4238811332185664
1.0556503077305281
0.8241828180324727
1.7382588286388754
1.1598830237540974
-0.13182203645804577
1.449827950075748
0.39303017120421674
0.18854054245808055
1.954446143430307
-0.3784828693014201
0.6159809567811252
2.549926927875133
0.11922959704697259
1.0749735771887325
1.918822894534585
0.5548183239840855
0.677196278323427
2.7674765635779153
0.03980961702226112
-0.14274870419794963
2.9747671867389256
-0.12613973957121777
-0.7276559210984226
2.0330913270441973
0.06427015630165847
-0.16687941838818932
1.0695322627578163
0.9738675283229211
0.06685708954403563
0.5215320579300211
1.5523410521171184
-0.5245247831808232
0.07786107955404409
1.3748723817659674
-0.5295845215734698
-1.1073603063197623
2.14030570411179
-0.6880171102575968
-1.3898636696763864
1.4481661017733798
-0.6758974382418449
-1.989143109138333
0.6085292823987241
-0.11536863565322497
-2.1807686304619143
0.6348163729208722
-0.9111246804873816
-1.5739700986498533
1.4381268387380546
-1.4217209902841417
-1.397893747640284
1.9491335676037524
-1.1446872535151336
-0.5644524418912914
2.0440293348938994
-0.2185476619639484
-0.590047544496822
1.3727511289170427
0.624298851414698
-0.6535084745780709
1.664995000009517
0.14580691478654997
-1.4357310907472105
1.561849203734632
0.294158609438544
-2.402822752883849
2.2775154277972676
0.9447687096040225
-2.0059593852596294
2.6338355914734093
0.49740807822242344
-1.1028252071519784
2.3079838012477443
0.7391703137663189
-0.021814958789677708
1.97178479178704
0.05122992391334494
0.6221705061864988
1.7438939646996539
-0.8076558148268124
1.2312532797665143
0.8679482194702032
-1.0493839416200876
1.6956805253834322
0.17239700616058914
-1.6549362843812108
2.031714556825341
-0.8446090196923862
-1.2750093228108785
2.2352913911815455
-0.8871098865997236
-0.36408670192722675
2.477372539902071
-0.601338917904747
0.234834301147629
1.685765079274869
-0.9813906404118008
-0.6342719888427759
1.6323635158141083
-1.8471195426704852
-0.6003133334469205
1.4282735926723025
-1.676859570914633
-0.7505091172708439
2.37626171069536
-1.0545645661908065
-1.0968939866754652
3.092775766454022
-0.036227521552317
-1.184907542540037
2.8998847399164243
0.8534129039668406
-0.6741684079093607
2.6256129274673907
1.6738182170145912
-0.7942190668103543
2.224407377832042
2.473187965139908
-0.38965076802847354
1.847388990974216
2.7261292175183214
-0.6632495744825728
0.9317270024555091
2.843407369547096
-0.23784923864006552
0.11896240015922571
3.579836745550853
-0.20723792545229378
0.7481383651305547
2.8775794313592673
0.29724715059271434
1.2130389318819055
1.9270390771666928
0.4436510812079589
1.6345536310722277
1.3461939770000924
0.16748290279010764
2.364906376066004
