1.4112525942927692
0.3209356607339133
-0.9288334011296726
0.9358075715389284
-0.5706267547841942
-1.0404375844585663
0.23546652155776593
-1.1339990651036083
-1.6429790864716125
-0.8718933426103085
-0.6882163196971587
-1.4472466586682915
-0.6468799517239573
0.318235292676836
-0.9850574696273491
-0.9504015059209762
1.1805530125109869
-1.0652582805483783
-0.6071452316957842
1.7514501341719073
-0.34801210621755374
-0.05949530815334258
1.0690685056435192
-0.7641701967357779
-0.23360185283890086
1.83162253109711
-1.2724711363536054
-0.2265991205155934
0.9403866517118001
-1.7188724981805916
-0.003288988747204561
-0.0768613739654426
-1.8366045403790647
-0.028194072012184553
-0.44245190290524794
-0.8049555643865641
0.46335259920959565
0.3005617069231414
-1.0015439811434779
0.7941051160247962
0.3623846993389737
-0.14084420625680097
1.4972124398336901
-0.33477095179620936
-0.23869445582838453
1.9282058988214457
-0.7879694531934841
-0.997237749536172
1.2600972770977859
-1.3129014302712863
-0.44492864334344434
0.9849808880980557
-1.384627372858012
0.5185102797833812
1.1592765244068615
-0.34070750729033944
0.7287095266190798
0.8347789744864194
0.6762744546306642
0.8538211927826423
0.020456205586154685
1.0855555627605225
0.3428370956774736
-0.5223136137205432
1.7204724273967968
0.6754388389078686
0.3273682577540228
1.4620532940591875
1.1421625733648553
-0.048517461797874584
0.5930913166432386
1.0556186952417788
0.63356758032815
0.7584459275218199
1.8038767991817088
-0.29345196346079644
0.43880021044582174
2.171438137813277
-0.585979697505144
1.3530771071215983
1.5960403830111038
-0.9344022428529452
0.8494145411566135
0.8203679737563108
-1.6707215494011463
0.1947723560921572
0.15132784357118015
-0.9300364374304265
-0.4145851614240628
-0.54527482762788
-0.8230768871425608
0.7441910331570898
-0.23205648652643415
-0.7261285254126251
-0.18891384815300588
0.5197273366639429
-0.4237044006407737
-0.35264079125377734
1.3587656728176702
0.4417805014688373
-0.2348558469671896
1.9504045981947697
0.405902000052736
-0.8757356006598834
1.2124358343815191
0.16696603743353478
-0.09029932568815156
0.6441919340844955
-0.07189491696777464
0.060495499819057316
-0.1923902912131929
0.5190059573077037
-0.6453610958497968
-0.1638717259875085
-0.3219409989796241
-0.9908038854614685
0.2753378326387674
-1.0560431413459654
-0.9636053533111633
0.9195996603607703
-1.234584013964737
-1.240423338785558
-0.021633956925365815
-0.5929920617486845
-2.006174347764765
0.03248227195146468
0.36375550663361517
-1.6612178249254173
-0.23176923202535
-0.5200511653430212
-1.2740933735033728
-0.7079504012330794
