1.0618050493277271
2.4383548347594384
1.3927948266245709
0.660233636152689
1.8771683488786577
2.1169952201225355
-0.2588605780652337
1.7301828833321815
1.6617070451706903
-0.7615487509923878
2.6320573428114895
1.4084981637066618
0.19160373005680847
2.6879105466947055
1.9879259171925896
-0.11930500527442799
1.8612519870504867
2.624363443371763
0.37578397100737965
1.0022569611261094
2.832028892331929
0.2047536807430409
-0.08956591991732482
3.0129767518943495
1.0875141297560929
0.3258203831925749
2.8654039040172026
1.2937553915749092
1.323383115803741
2.796417688239452
1.1325479075204707
0.7958093515317198
2.0806694446801517
1.4367103994229709
1.5366726421282901
1.3967813510710207
0.265480152331369
1.0415296323457988
1.4723592372420293
-0.4470565639462111
0.991073521279827
2.155647454529097
0.2693655555183384
0.22561507628035884
2.136052998294192
0.5013586142756418
-0.5748668466531931
2.1279149469629037
0.7058404134115774
-0.036776858735176166
1.3568745969898677
1.354426456917854
-0.21870235557040474
2.158040733542678
1.673727511909344
-1.2707759681329707
2.033637786845137
0.775877015282767
-1.6271970818550214
2.0812512484175985
-0.23131966910214022
-1.3423154225159712
1.808524362520051
-0.6197309264342848
-2.1016840209533645
1.3873376978905285
0.3828603012783536
-2.0171356502327336
1.2466015865526903
0.6075647192396825
-2.5526096029589995
0.4509270755352958
1.150878300875051
-2.1434144145003806
-0.3166102932434733
1.99144799623755
-1.6654623341914003
-0.09473495709803405
2.1459612278438875
-0.7632433700326123
0.14812705772295098
1.9986200390062665
0.07967854485074938
-0.21275699428884226
0.9865318305048001
-0.18865109518240306
-0.5972275681755235
0.4759799379243676
0.5072213646279852
0.09674690968366476
-0.3529916711849533
0.9127102414027807
0.073668589784105
-0.45374113158817364
-0.09017885030716147
-0.0334739670934217
0.13496978952588568
0.5617834495907658
0.9386298943963642
-0.5805862075429646
0.11726791593920659
1.817782068434901
-1.5219686671987753
0.010726855978938065
1.6681984697632193
-1.0092102420300841
-0.8069646751048368
1.4094833466057615
-2.032951620838978
-0.756022704406819
1.245077737108939
-2.432442173069544
-0.4850199249196862
0.1276145388677721
-1.6750613083428652
-0.8900810731856854
-0.3620752746763537
-2.061250562298981
-1.1834580750879924
-1.2694587443138663
-1.1875388549054207
-1.3344198275550476
-1.7716205780497165
-0.7244760108778424
-0.7292631543988624
-2.3384624311138826
0.3352406979551993
-0.34411686922546914
-2.5405277151378183
-0.34804237588823944
-0.26764430120982596
-3.2228014043374373
-0.11949369917998535
0.5778804684660235
-2.744248417736278
-0.37802173399828304
0.237946996538422
-1.8734494674116722
-1.2942033724972346
0.4768127686813649
-1.9960904989266781
-1.5277039743435972
0.45965553975992185
-0.9180755945273987
-2.08799181918113
0.628764198012209
-0.09677170672157608
-1.494960708656677
1.0240831067085745
0.4492763916970894
-0.7454099528297066
1.0328138261764035
1.2311385034672544
-0.031092724470636237
1.481567561917827
0.7247340399287568
-1.0248254810605242
2.0072002884113616
0.6745810336827084
-1.8444831091181964
1.8198879114084554
0.2309372787527478
-2.430826832664528
1.1292321614101635
0.7589581338889452
-2.861453436103733
1.5259476405973822
-0.09595390006328294
-2.1640236082601167
1.8623366238787609
-0.7711981558476582
-1.2458733311855312
1.7481448862282352
-1.2138363195131552
-0.823981513065122
0.727971586525532
-1.1806760012998794
-0.8018622395972138
-0.11226484555258688
-0.915872620811179
0.2153629587892592
-0.4657683871661096
-0.5040942587404394
0.3909904739470538
-0.4511804371775809
0.3341525283657046
-0.10216604017148993
-0.4988126854971301
1.0485343721297502
-0.9205944023314194
0.14347717744686442
0.7935875498924659
-1.2620828505483057
0.2771008286372077
-0.20878196826005532
-1.548897866102772
1.2538900224455254
-0.46825220985204513
-1.259546394380611
2.298299354698287
-0.22871943735777778
-1.6687271191218433
2.6748078551715646
0.5721654650222809
-1.8832254897625564
1.9149639158522616
1.1874822631474655
-1.7703057182929594
0.9374617760135889
1.4673989265848892
-1.8788408680991073
0.3673101701375714
0.8509633474768518
-1.3669774840248705
-0.5851705152478034
0.4710628970456724
-2.0937208153620563
-1.344462797405495
0.4285528468432885
-2.593301461786756
-1.2032988471282553
-0.40959882694372407
-2.3462847017040067
-0.4194518879501545
-0.767010338926248
-1.6961884555414322
-0.5078517342410278
-1.737775203740697
-2.525497246052658
-0.9141103851925273
-2.0940121948967008
-2.860612395456475
0.010226047484833939
-2.3497001636452426
-3.2388209964677204
0.5872831054813449
-1.6176744101772214
-2.6568751932849337
0.94939344047737
-0.8864252902064627
-1.8990461347480403
1.2151299645683458
-1.4313866794219716
-2.3854840268710547
0.3462444221092948
-1.6328574218989453
-3.0888838459220973
-0.3803245161657794
-1.478537255898626
-3.0043741425643367
-1.396993316778475
-1.359610631339814
-2.3338843789308963
-2.131167165868965
-1.0177346887264365
-1.3521541774475119
-1.7989771924923144
-0.7705855047589603
-1.2568443558441964
-1.511231968909538
0.189888325553078
-0.3610257837973097
-1.2516335355898
0.9486952328035105
0.5503291973870728
-1.0671498858947266
1.1597906673477372
1.369746223001462
-0.9633042288360084
0.4580160442294283
1.5767726004292133
-0.6340549787396457
-0.5004827441466266
0.9166611109972284
-0.6898987958618445
-1.1243780884330659
0.03074433261514501
-0.7703033010500011
-1.5206823843466748
0.5293450256098122
0.1865554121498201
-1.3998160224788243
0.9857368024548476
0.9303152706776349
-1.785472949800932
0.06196209889738591
1.039602936355649
-1.54018865197864
-0.21668642548965744
0.6546082226444246
-0.6037984867776883
-0.3697730667365281
1.5453511211060025
-0.5254330200659688
-0.33126716027913927
2.3163118514094294
0.028107974338779936
0.1896083744543734
2.473301425635098
0.9201868455915988
0.7761256522973766
1.8344014928989998
0.7747753754007619
0.9779131913091936
2.7808540447343004
0.48667478387811625
1.7083141307245717
2.1566674608015792
0.6929325843052456
1.2170550189624718
2.2206960605703268
-0.25208086915216743
1.370065439294061
1.6702101578414088
-1.1617067224521072
1.9984160019674984
1.0343309648032688
-1.6947906145860785
2.5253850750242424
0.2450945604770524
-1.0852348267184146
2.8556224506419796
-0.6059801729629294
-0.5980607304189673
3.2914513910465106
-0.4571121163044163
0.3188116603166004
3.3574571817983943
-0.5399651033155289
1.3595867111317985
2.4842468711066594
-0.5509533238739475
1.8715697007995415
1.7160570378993607
-0.6166366555541519
1.1346356860274405
1.3889109304393372
-0.04684003978510354
0.5778922950252522
1.0269011060717665
0.8152349425081341
0.787552793334481
1.7679128225264253
0.3856257315625797
1.3857528799060017
2.0101449320097293
0.7184054266484062
0.6085973836462465
2.4794240864997286
-0.05908850731425004
0.9925825538361485
2.5647640320927803
-1.1385585178606563
1.063905113761689
2.9057544885091406
-1.4950095498998797
0.11547039260255643
2.2181974391777075
-1.962113449018314
0.7215716195553034
1.3864674075701824
-1.989005215257324
1.389407883265462
0.8792315477021375
-2.8873284727232438
1.372203133909504
-0.09795698136861099
-2.8833920836445532
1.0490303499138873
-0.30193846928195456
-2.2701375156822876
0.3345763357871622
0.3262753059300058
-1.6496390809029458
0.40190174475838897
-0.18147856382106156
-1.1340260293576776
-0.15330502872022267
0.0862511540056739
-2.076199620910959
-0.5179065405840861
-0.46200366544341215
-1.4020133714690928
-1.0416375070568011
0.51850493344243
-1.5320429589946807
-1.3240858680905268
0.7619475390098082
-1.1039367329842449
-0.6272584047090859
1.3693794457061514
-1.6359844544009603
-1.1459339641375221
2.3987467715025854
-1.2749426372224
-1.1340351628185166
1.826018762635239
-1.0591211707481816
-1.8426912011274108
1.4379845421008057
-0.8814788138803885
-2.884240698567004
0.6129171818471814
-0.57706630975372
-3.407394141215026
-0.04947097824772115
-1.1610386931954044
-2.9362571649337452
-0.9194473043696779
-1.572139712613581
-2.6994843964123576
-0.193322880171426
-1.5034687855738018
-2.0651317078992784
0.6493652440224381
-1.1962506397716222
-2.163203840432719
1.197883471820973
-0.09819921601890415
-2.1650240771354246
1.4145188139085847
0.1632234257595929
-1.290528062406879
0.9373321106198298
0.8623184084160807
-0.8731661620653368
0.42810315692558737
1.4304762460308929
-0.20366393724242884
1.385726659193267
1.105403980995043
0.01290507607502449
1.8971267140955015
0.9933529677014231
-0.7018546390475385
