0.20253477406308568
-1.4374930746547545
0.0023445445361295987
0.4297150767338739
-0.5673981488461937
-0.4282980270809887
0.5050804645808008
0.3909264406984772
-0.7541082279481958
-0.12479116293561317
0.9438894283587211
-0.19852259325192378
0.31271610527256893
0.16729178804006192
0.2057554600731118
0.8962905742553167
0.13623363515616457
1.0129035859413007
-0.061546877223103924
-0.14546625475260525
1.0727778002757336
0.6074600704250889
-0.709024248112382
0.5600120447750687
-0.32374970806407327
-0.621102747137705
0.2403952791661711
-0.6521826939846019
0.3222409540490994
0.39128808697174877
-0.38007993026818165
0.01918949202496911
-0.5139031565119903
-1.0642402734726066
0.7326121453071107
-0.437155882838067
-0.3472064193825636
0.7681005898690316
-1.1534889141081053
