0.15769565173664316
-0.4763217040757152
-1.0098296005882366
-0.6736902845192557
-0.09908150411517457
-1.3688626754439834
-0.5902735969750417
0.6882916880180427
-0.7896666516545461
0.10540326727781957
0.49238901003230917
-1.4307141492310822
0.8969764165761815
0.6651111589598557
-2.0370415578346903
0.5779319775738806
-0.2760930701435694
-1.9650652222312937
1.042877736348623
0.1940670337254595
-1.187252672183849
1.3082333390396415
0.5039693608720408
-0.240355605436759
0.8857016099921963
0.006610372087682239
0.5485525744819901
1.0260415815906676
-0.5078014475414931
-0.3648313395060087
0.5801331640050192
-1.377877419253104
-0.06620683365256289
-0.29440529298655393
-1.1214422839853795
-0.45646315587571445
0.22695481081930105
-0.5508817325635096
0.08515171622409139
0.6646315621438817
-0.9440656943251453
0.8191068902307465
-0.2497680766809417
-1.2145028144818575
0.5299489690521229
-0.5238481212322457
-1.3252380427748722
1.5081741359027807
-0.1184751450898979
-0.4855260067194256
1.1886431203034646
-1.028228225256331
-0.46067851958920664
1.5770451973132884
-1.3664293807535726
0.3130668646406825
1.051468975133412
-0.9504192389133366
-0.45704591029853237
0.6195847158137999
-1.056854612073876
0.5250719824950245
0.11323433981363448
-0.5638152992767508
-0.18514876774917802
-0.4644825045031002
0.28287157316010303
0.41101634986787816
-0.4658656360014028
0.22669144957135381
1.2601947882777456
-0.8299704326482658
-0.2926376963249443
1.1577388981798475
0.02990138573570358
-0.7404506220292992
1.0621801366822508
0.8799486505149129
-0.48828807234897914
0.3808633237165264
1.530297862088285
0.46621647260539256
0.5461625296250723
1.259196991166979
-0.10639393823695241
0.3659417166936806
0.5991152236433352
0.5956169902572105
0.9090297037420502
0.3372372893730359
