-2.257061844229627
-0.44844431905794874
0.051745038252176453
-1.5420310200643346
-0.9642587724133276
0.6764644470216398
-0.584731538278007
-0.8976133745516413
0.4674665760237647
-1.1175081998572562
-0.6582502080128447
-0.17392707616007894
-0.7970107151530431
-0.03048496573152747
0.6895674425447184
-1.2773668641152283
-0.4598373029590752
1.599532829608357
-0.31572752370430995
-0.46108098897671407
1.4529464397834457
-0.8731971221252804
-1.4194645246477886
1.3833941595073753
-1.3517576011531058
-1.9400040503500353
0.7433402060837291
-0.8337009505314917
-2.6161217198509834
0.12105011965083058
-0.4061746199269589
-2.185900823920852
-0.7359489956233373
-0.7386426649365622
-1.2147745740138491
-1.0269087072648422
-1.035481902165123
-1.5978417696994227
-0.08617489361930848
-0.3462671813585981
-1.954000316241622
0.6886918835905587
0.1626629393496564
-2.536564030337989
0.004897057058225976
0.5317983299469431
-2.3657288134447025
-0.9341253877286064
0.040045623745636805
-1.6832514312109823
-1.458630001877693
0.7943946759790245
-1.114926083308325
-1.9023451782815834
0.04542564536838381
-0.5521856119279843
-2.2490455319266034
-0.8254005720679564
-0.7173348797029458
-1.8037635400816405
-1.5923257756073308
-0.7889569225321255
-1.0950191260413944
-1.786155819481653
0.17052088489795755
-0.9191375541922662
-1.2840214943182937
0.2170056376746528
-1.7639192414988019
-0.8202343178597841
-0.23486762104758363
-0.9477271354762202
-1.0118333131247301
0.7745294779212841
-0.9706370772072459
-1.2159120111382278
1.2923735010011843
-0.21321273377343908
-0.9868027012700725
0.8376420147378679
0.5046127994726718
-1.2390288894895658
0.6354647947629252
1.39091472144846
-2.033976567409759
1.1185629594526019
1.6959191809610221
-1.8813180531742355
0.9174796708529047
0.7049338491811432
-1.427749711279963
0.4139464911191975
0.007954946555907493
-1.9585138482255888
0.023457573159417423
1.0150570575270477
-1.8047131170716417
0.16702072801531445
1.9993622836651033
-1.354006544218349
-0.5223173509748796
2.5407415427503675
-0.764855353363647
0.14717321446310683
2.065463028044523
-0.23017365385562186
0.37731874989724884
1.3808184401500694
0.2745805662836539
0.5640601099495506
0.4221119869305415
0.9319739291214394
0.9515558413066838
-0.11950160343311617
0.4807040309795652
2.003579080653293
0.1888811424487225
0.5656686468386624
2.150301084743125
1.1115425209530079
-0.05742616189919503
1.5273788203573457
0.8483610743727595
0.8656252856958699
1.3189024769848223
0.7127285932539241
1.6728863687913405
0.7389163359780603
0.373645104986841
1.571812760607027
1.1336160683302132
1.4260175525506051
0.7301801726784237
0.5396175390009477
1.4191326409764715
0.22965858161326932
0.04389225492667198
2.0618954785799075
0.7913965535992822
-0.42478053541337696
1.3812262100446686
1.6423523617821665
0.13487325602392897
1.3580015563514398
2.478384058934909
0.8306952304948589
1.111391880234571
1.9592971257863172
1.7189120308019648
0.6061881363189247
1.4473459443620273
1.9478399301379157
-0.2934436213137183
0.45780302748099705
1.6488809814187801
-0.8597900368111817
0.028586853813330572
0.7956795721007929
-0.9118626943318023
-0.2257515528284974
1.2886567970934637
-0.10325102590780078
-0.503666193641343
0.3327762122280802
-0.1700119099354431
-0.25675734830066443
-0.6664324581411497
-0.3719648482182703
-0.009604559567581827
-0.6915311492024488
-1.2635902157227175
0.7847490373953001
-1.4811149445502907
-0.8124884238821816
0.9955494278207728
-1.9918141213309366
-0.1335681491388441
0.16103082999406462
-1.4538559925978412
-0.1607999133764582
0.3807109550760301
-1.2255567535677012
0.7880954852270318
0.8450239237469719
-0.7947048304201404
-0.019566603154269342
0.028298072770779413
-0.2994549552051956
0.7033313727449039
1.065882546313495
0.15314432171680303
0.6197737270126205
0.49467834108948483
0.23859114429335532
-0.4164138807610323
1.0998841929062724
-0.34681914942095865
-1.026479075318698
0.38821805845401175
0.17295410524891391
-1.612991655891914
-0.40423779856414405
0.7394034935910062
-1.8475990504581792
0.5420093101562438
1.1493057755676144
-1.6770652372694939
1.3510516247418174
1.6735585219707911
-1.2558842136296806
1.976017114904059
1.6428397059443287
-2.046300271787039
2.3924612522252735
1.685495357304214
-1.1377002016936788
1.9027869209793513
1.0812110799615073
-0.4516267198664785
1.9428275148019836
0.13259997932157305
-0.7670607796782732
2.0227561020809617
0.7857701924925857
-1.5250922123639794
1.0746063971361424
0.5227723468661385
-1.0526239871696141
