-0.20274927604513845
3.5878801273787615
-0.743989585865682
-1.2574077334266458
3.2522427785349795
-0.8159779279776778
-1.5737080587453303
2.292459345354488
-0.8843135467248255
-1.6081703028894723
1.3633687393963678
-0.20665292569639587
-0.8992582710547093
0.6322777447560173
-0.07961971080920131
-1.4459643996341105
-0.14814407586587247
-0.872888297776623
-0.60543215874785
0.17768141470961052
-1.3341862297299738
-1.2732810363830513
0.73158731150387
-2.074070467504998
-0.6371706420918157
0.8104060644978974
-2.9577353491116667
-0.46075946250533817
-0.1114505973001616
-2.3044008985389848
-0.1826945672658955
-0.6924286523115135
-1.6187496377491506
0.817414651633466
-0.6680134186375019
-1.5540253936586519
0.46580464306068525
-1.1891969845955253
-1.0264995642275443
0.35315991410194
-1.2435299474510877
0.023721613488404916
0.540571167895873
-0.5115403048291162
0.6664521173763739
1.5507400362124373
-0.16156648035419957
0.5855788942603716
2.097040002042846
-0.21799144776612647
1.3752494183534096
1.285267833197814
-0.7372163419782208
1.4140301514328757
1.144634003769262
-1.6825624489002893
1.3714993319829893
0.3112298796009829
-2.2096318729971793
1.234845735549124
-0.5871701910684486
-2.69312231833062
1.0296481361142442
-1.3809125950459853
-2.086426537289756
1.2563956747441394
-0.6032247168455098
-2.0359864226933806
1.9159852555096248
0.30671808619055696
-1.4458431170595858
1.9267653232816455
0.35431694660368523
-0.47308815516307157
1.5364173877054794
0.4439132596448841
-1.2378824660744385
0.8906848633017355
-0.5292359110061727
-1.0772942523448443
1.6470193214708597
-1.2831616683312563
-1.5425693059063446
1.9632806163986094
-1.920271940551235
-2.3046477497574354
2.0774245570627006
-2.347110457487894
-1.371525791031353
1.9854751639528418
-2.6226244052490815
-0.5396499817600205
2.395448347704903
-3.4584319551880376
-1.1190887131673513
2.614578810542917
-3.452640416981606
-0.8018195083923312
1.643345911763683
-3.399344357677408
-0.3100356013909836
0.7751793442529846
-2.691627495812556
-0.8665064358825915
0.2359754651327665
-1.731092614976438
-0.5200743962672395
0.5301653256387753
-2.0674600006203585
-1.3975365040879149
0.8699266887093253
-2.60652284448688
-0.6314516574874471
1.1641115046026955
-2.631831400307374
0.08970270129468999
0.3097236978503015
-2.1136858212822713
0.6047306008506752
-0.4537941566502694
-1.707695334542767
0.719502158213002
0.4086022994634909
-2.6152421783687876
0.8900158286708193
0.9422022457862519
-2.0034692567008276
0.250306469099837
1.4336062679428285
-2.951371033150877
0.20172629208201376
1.5279387136941687
-3.4915884009450866
0.7788398142276597
2.10748481907019
-3.9624230018449116
0.09079359344950351
1.539096842054979
-3.680409752249973
-0.11494931891288679
2.4857493355708513
-3.232188972307408
-0.41120689349896367
3.3092898398466564
-2.609090849031698
-1.1465930712767831
3.084995415347844
-1.7642715451234758
-1.017313800268318
3.5914926619724437
-1.8035644011123813
-0.8076317731918357
2.563282176807173
-1.5743189569529632
-0.7335187727312894
1.6138988928802076
-1.8017210561770827
0.04996823530420565
2.3282556412808098
-1.9079429755681718
1.0528942933755379
2.2739405398518953
-1.9347854311260173
0.7335206080318358
3.1513661195702296
-2.8434523290118268
0.3781660622054413
2.772755369292912
-2.2935311924635955
-0.24044931621100343
3.2468068938708017
-1.2701850246317978
-0.2459213124031002
3.162865489321821
-0.9436094938221234
-1.1737069969070657
3.015735291860526
-1.7639041632390553
-1.866760975905218
2.9695578418872155
-0.8300410688021902
-2.1891084924645354
2.830877580746557
-0.261070285361647
-1.7555849805403492
3.496958115215367
0.15230604177515367
-2.1099267414838145
2.632094658940683
0.010208345112293226
-1.1092247219225602
2.785442068192434
-0.6318501311645773
-0.45466942227198204
2.369594416879103
-1.1017926325709628
0.21873715279347367
1.7998338705099775
-1.4706336409883873
1.0027579316644994
1.3499474478221205
-1.0231625532460182
1.232321659072276
0.6388551824044151
-0.7248260483574273
2.031953821564389
0.22461298816601652
-0.6382016641578226
1.6408341620093352
-0.8119622189350707
-1.4000798841919337
1.4760545021532752
-1.4682722341068355
-2.206577332486182
1.4827308554136942
-0.9170647128270176
-2.309722926647395
2.177426854843412
-1.5839801703156533
-1.4734739064696385
2.820444103248121
-1.69157808558593
-0.5797619857766637
3.038413144227224
-1.5017609195315338
-0.4858924355992074
2.6011533281885284
-0.47633204521783756
0.036754865463951104
1.8563591467376899
-0.3666898830562251
0.8956915894438945
1.3441138088687645
0.11924570652739758
0.5380294697743664
1.3049768382988898
1.0434741873918951
0.8303628299052153
0.388993911046384
1.578567992154393
-0.06077672055728217
0.2245214161333707
2.036583076088156
-0.5060492396480686
1.0117300645935494
1.3322003582232154
-0.04198116367357147
1.6700203125082558
2.007989082279219
1.0132483950042512
2.0908694624461535
1.74816370554142
0.946733753856153
1.1058692477526908
2.159379057447571
1.4633718155668276
1.0450619823744265
1.2902191263365481
0.8290770810727252
0.6238774711660059
0.6604012328903813
1.6737971917304235
0.9330140780048326
0.24072435821054286
2.296382760334567
1.033217447650223
-0.5003876200263346
2.689616527553492
0.7426043666344226
0.3163530759162863
2.561134505905888
-0.3051463372501619
0.5374532963302397
2.1445205337406428
-1.0956948977281276
0.9736784658013223
2.725886695905963
-1.6233815537648915
1.630196481202887
1.8841724896641991
-2.0719693601222047
1.9678305477849158
1.979772043023846
-1.0093127173228285
1.9745182331619069
1.496074055505732
-0.16294101384328455
2.1540287075261735
0.7088622505147046
0.286158656434952
2.5749386475449176
0.006951331707691423
0.9635260268615926
2.650273980289619
-1.0364573933583223
0.7181460854670535
2.6380422910749997
-0.9297518072906243
1.5573858682022146
2.041714897828538
-0.5464724181731923
1.944566296619918
1.2447482737705946
0.2481821725026069
2.1590199635490483
0.6019725962195468
1.07509328553661
2.766903061085526
0.43680209144728827
2.0565754214236676
2.4695194384018047
0.4788864923914109
2.6932644065890115
1.8319792630595086
-0.011464782179823161
2.2518413867247284
1.5470591451224556
0.8065420466447752
1.3069730437808351
1.8931584179529537
0.7510463637840022
1.6359105200146509
1.7892112715193207
-0.11234420714200634
1.202364093772751
1.1776643046255348
-0.8332932711807803
0.9151606020763492
1.2335663373076013
-1.8766967040260052
0.7817568689713805
0.7752583454689392
-2.894840920351486
1.5970971318276181
1.1320852086594466
-2.4672519113505413
1.4065656984160535
1.8941830328942513
-1.9366778477097362
0.501734377352774
1.9567303001035878
-2.068024299751594
0.5251401087721236
3.032506864400398
-1.2629168390348975
0.9773292218019433
2.066093931657419
-1.0343587610422356
0.47119459978827505
2.6235840817606486
-0.3802361103437509
-0.22211199809510573
2.1734826738961646
-1.1700363784204881
-0.6859356492540568
2.1717405793147293
-1.9607043128559487
-0.5551422199985088
1.364902895463241
-1.4692712987721008
-0.085446330422354
0.7518675644620099
-0.7216880173275708
-1.2566229675830414
0.9415260907452021
-0.9542333790823407
-2.018577689920012
0.7360812249887743
-1.5176150564682627
-2.3149123001171894
1.3646234601663119
-2.231270054154038
-1.6441471587924623
2.0716727843411853
-2.5025684909461328
-1.5396059170427019
1.1889303219949903
-2.864569423133905
-0.8028587190707306
1.8133747845499038
-2.9022207713921833
-0.06717637386987567
2.487286126316554
-2.643309648250393
0.19415244841581944
1.5667432668326196
-2.8607073837204413
0.17867792487060466
0.7850865945186787
-2.2610321488148934
0.4779304273698915
-0.08580293030321848
-2.6164078410277605
1.5013351926276197
-0.3559170587259662
-2.8294108160441733
1.9060292639420582
-1.3398655171759264
-2.4184004224419895
1.3515424462038717
-1.3627197652420246
-1.516912561256572
0.6325812304439089
-2.2112346504051428
-1.5292847463787402
0.8909451757906385
-2.9465334255395663
-0.8385469525347232
1.5200328091614281
-2.363778985759289
-1.2175738300631043
1.2202053986279864
-2.072975634209927
-2.2643643934815345
0.8953322696069941
-1.1068881543795472
-2.4763895574167543
0.7256152697306417
-0.6048560542960082
-3.3541824012568484
-0.20071077783115032
-0.7223698357281604
-3.7962799147913997
-0.09847410623318585
-0.7543718615525693
-2.803697577589704
0.04384848407404929
0.12073349761015559
-3.331819137654206
-0.8823990813415634
-0.3360217066437957
-3.13490674956786
-0.9273383041172248
-0.911623140263438
-2.301671764073972
-1.2097672568468265
-1.6115001182171351
-1.4837996598220717
-1.150888697560177
-1.831136884536523
-0.5276641665498106
-1.0809337325457553
-2.1503577736906108
0.3735909495194966
-1.307483762212766
-1.2502513891199232
0.7015863946463068
-1.8472463815617985
-1.1481038109013606
0.013391010432683283
-1.844293110624931
-1.0016774563627455
-1.0196637008542806
-2.219940298058903
-2.0065115072957735
-0.6528292151173385
-2.016682789437674
-2.1323701059596067
0.29779716717571114
-1.484600700865537
-2.70561049493379
-0.3402024846097856
-0.942937697967596
-2.519298011730331
-1.1615368100330716
-0.38870629492317327
-1.8544198974975223
-0.9799825717211026
-0.8228112599418562
-0.9558610778114456
-0.8778163902696735
-1.0077850208120094
-0.43565054309537
0.07138784196117216
-0.9920081753894253
0.12025657165427502
0.7212817178214355
-0.36190385023565225
-0.6082685262219707
0.6935023175437628
-0.5006460061658969
-1.2323836897282783
-0.02342262324328929
0.10737089064079766
-2.1419394973498034
0.26474774282534375
-0.5228067356618303
-2.969683406834769
0.0537835646997125
0.4651789158766096
-2.9750758814571028
0.11500717087531673
0.7266646690542554
-2.988510796334197
1.1456411919636524
0.9053463847275726
-2.464753043679735
1.9965237502758293
1.6521737130433187
-2.9329602063146645
1.5104729608452458
1.4748998507865783
-3.010333289135591
0.5604915266852548
2.361396054887315
-2.6266746231444174
0.1432866062649128
1.9789905722912378
-1.6148565038389566
0.01776267454946233
1.4659355316256422
-2.2906680918263675
-0.33220914106508637
0.6126713446939114
-2.179558075640848
-0.39322837481757916
0.7722584664396576
-2.0051119217338518
0.6214895945130829
1.8560331595847201
-2.1369518329906936
0.9928643831647926
2.902185473343322
-1.8796250231423661
0.7331801432281234
2.9891874044205173
-1.5132989596999298
-0.32393084836528907
2.1937347279625206
-1.6084275480913688
-0.9050423710578077
1.4341208892416923
-1.4229152371915677
-0.5984382848447974
1.3163286164906949
-1.2179529667929014
0.45855149077988855
1.0209193813515294
-0.43957531654673576
-0.3166939358218818
0.8823375662306298
0.4238039004637155
-0.2616192490768218
1.8905725206091
0.1742147574822402
-0.3373315376436193
2.6428768792200774
-0.6178719658659906
-0.4744417793445047
2.6189054553083575
-0.8471394566320049
-1.4325021073876896
1.7701576546129825
-0.5157409322364293
-1.7527040765635244
1.4526617820439016
0.2017908802747985
-1.014445521037416
1.8396913740343195
-0.6243566293560943
-0.9021169105937579
2.2336737030977147
0.0017716085957666314
-1.2798788525761031
2.2783662110099976
0.20016377368251503
-2.1418619008848037
2.5168283611148583
0.8500886406917674
-2.9048877783128253
2.4794773974090027
1.4717244523887776
-2.1057073087450324
2.8792847800227332
0.9395303536203619
-1.3912550219924964
3.0027605280998846
0.35342426925556847
-0.5115437806643566
3.3707871401590555
1.2246036950130168
-0.4502953597201707
2.9244377279381424
1.8869302076746237
-1.0315884703476823
2.358165217651953
2.39610600308085
-1.7483098745724728
1.7326054725881874
2.8095324830856665
-2.503320958067113
0.9556763720749508
2.1947559661823965
-2.8384517644410194
0.7679886833531818
2.9492972949450595
-2.2665405864859616
1.4333274435167207
2.8514033359016406
-1.4695191639297924
1.5056872473550214
2.70690831760346
-0.5432365116838717
1.8457272949981787
1.9038315826795358
-1.1149534643735621
1.877793565269128
0.8832654389120732
-1.594403284511888
1.3551206400446147
0.25215636947516623
-2.083712379378289
0.33608779267763816
0.3123522604223587
-1.4518969759960392
0.22981231616000455
-0.3244621826652078
-0.8134334766951886
-0.22027655714053412
0.09305454440340286
0.027154064123371235
-0.09826161495362616
1.008936645614472
0.4776509392519431
0.15334137538930406
0.28724898115126146
0.8853436784850918
