-0.5625637325516332
-0.7022802387356859
0.3869146548847738
-0.6755047751059593
-0.5818701183371823
-0.6142796330927458
-0.12725448366016956
0.21597237832847302
-0.8982389645052198
0.1746901779313298
-0.7055811547591014
-1.1198341652455965
0.1930346873991229
-0.38764828097785214
-0.19317121398706122
0.4086943926502929
-0.8406148802589619
0.6959339716713675
0.7562716623729385
-0.12355578227262302
1.3254185565014571
0.011387751215275776
0.08156728769927807
0.7185029413108636
0.9527982936726955
-0.05519521658878271
0.3551552545087522
0.7097778532472165
0.7659957153674367
0.842414800921198
0.31908230660803794
0.5992887983554434
-0.08007471995711911
-0.6112641735704596
0.21937614734946997
-0.036454344417351923
-0.44428161220875684
1.0832096252287977
-0.5061471328340209
-1.104868347999933
0.43133571960128525
-0.876140005759294
