0.6714491940095437
-0.19177303727220968
-1.4614850942065
0.6284240790957096
0.08298993655913325
-0.49431834648509887
0.5311518525306638
-0.9030993935302336
-0.7699086104013648
-0.22816231202947526
-0.6030255915178357
-1.3179850047944006
-0.6161103149429118
0.08405104682042819
-0.6992694443007521
-0.046747840674366374
-0.47934339947486315
-0.045371071556400626
0.9798444773130287
-0.6561609428419595
0.09746445595139226
1.1233173495387145
-1.4045136040435393
0.7262089694454494
0.3818752977636354
-1.4495940846387285
0.06333768603068145
0.3441479066580877
-0.7902245672168018
0.8087973149780023
0.6222224812758946
0.16706196590022815
0.5313380653393999
-0.0482944544943048
0.8212241926594023
0.9470999293573051
0.16824964095528186
-0.01834669613425048
1.429099863638566
-0.48424730545398065
-0.7949217100771884
1.37969106558415
-0.5002597097860987
-1.2020091514354454
0.45276627671847364
-0.3830220728065274
-1.2527951993171333
-0.5549861727578728
-1.1361667941702012
-0.7472971274040306
-0.9704087832533816
-1.0431495789515417
-0.502384160478389
-0.00970076289667475
-1.6221917208291512
0.048973372919268086
-0.6302676368319078
-1.123930308927064
0.4846054909357306
0.09663657222323732
-0.5400992762254768
-0.048780105113195034
0.7262889391788524
-0.11298383676561428
0.49303605758128605
0.027632015350670988
-0.05469176498712877
1.4708681622881383
0.14561772700327927
0.7401533738868407
0.9585677987981858
-0.10144109930256033
-0.05322068678905282
0.9713889391419227
-0.7609542667060964
0.495352359870878
1.7841345957797314
-0.6404304639561552
0.5879375780479668
2.2420141055612874
0.23204353896506594
0.7191523868866849
1.4353531055510658
0.7925043376846115
