0.3818379269948498
1.6246046802937961
-0.8173278765355994
0.4657763150946276
0.6285354039503966
-1.1567032869817708
0.5863416412365162
-0.2908978166924111
-0.763421043547357
-0.17081799273418286
-0.6892138631455202
-1.2938570183447273
-0.7402780755958345
-0.7046476547401201
-0.48362460769937116
-0.6807937128810021
0.18818837204013777
0.06503845499136547
-0.5668821928577594
0.1880828994191369
-0.9025998868970423
-0.47159728684361446
1.1707470544061978
-1.1464361037228552
-0.16622033092197955
0.8118047244871369
-0.21187504288446055
0.7794844332159712
0.4663548172166943
-0.16883493976803207
0.16767021582429734
0.7066322783318149
0.6039353071836729
0.40531621958293423
1.4880473160559435
0.1787688843798549
-0.4571943460220564
1.6894357611536512
-0.28468688628524536
-0.375351498781843
2.1640123796140855
-1.162214383327025
-1.2515315475722446
1.7596720049921473
-0.9401966815731745
-1.077837524473538
0.8498083890319307
-0.4431714384184556
-1.4359613689653625
1.6654717113023778
0.0749308790238538
-0.6917408823828937
1.0140975256468452
0.46752275932859516
-0.6350057110390831
0.3017258729524511
1.0895486493486617
-0.5343384600435641
-0.7086875657415339
0.8260810746140018
0.010626957164505528
-1.1170941399525758
1.5103712637424536
0.206740569391722
-0.2630828080547593
1.2415044283590528
0.1911081273233862
-0.31344077035175044
0.11302897718929171
1.0826272515707145
-0.06192607613699814
0.6302732752792253
0.9753507130160076
-0.8631109999195293
1.224167800937327
0.7334858429112804
-1.8346849653713468
1.379497623330102
1.2276154131600852
-1.5952775988169168
0.542824644333115
1.0060231741200572
-0.7676495001437208
-0.016316167707896796
0.2653691981931252
-1.1911782256758128
0.5263448723972202
-0.5856744829528686
-1.4441776132021127
0.15697293457961756
0.1690358929169333
-1.1207486294245934
-0.4114935026888844
0.19136698592107823
-2.0413460960131378
0.017401480442212746
0.9954485364296667
-1.710056867511929
-0.44545444307774346
