2.174764943844272
-2.4442954753514847
-1.3022599303305749
1.3072087045849923
-2.085686842429836
-1.659157637319029
0.4686511580424817
-2.590167317579342
-1.512548902381231
-0.4905446534493435
-2.1405820573226606
-1.4096417762856488
-0.7698082534510559
-1.566917263331496
-0.6406649568027899
-0.9625824761761788
-1.0158449402369656
0.12454455192267444
-0.22255885856543234
-0.5397321884837402
0.6596021164793752
0.5599185111520661
0.16031894043213982
0.9666804928970586
1.0753766137129201
0.32333875567423565
0.1943541156156166
0.28581474854062383
0.74200180558485
0.3806546590598973
-0.09738645641531454
0.578268899589025
1.2846838683599977
-0.500457050502294
1.2819355648176762
1.899159209908713
-0.36937951948701775
1.0542153052196575
2.7977190093208018
-0.9345947423899756
0.5909997162224776
2.1138006392541566
-2.1471938100573715
0.6857478794656032
2.542190538676053
-2.6704265739273216
1.1967696553763043
1.9198547578390193
-3.245340982571255
0.9106922171011544
1.1681367709496098
-3.32498472915185
1.0363304554029633
0.07946055281323029
-3.4085856455307284
0.8321439281610775
-0.9058910422198341
-3.1740260478952513
0.560556661026691
-1.8865600748559757
-2.2402868378341436
0.3415484309834559
-1.9905008469431582
-2.4622085745868567
0.33092558614561407
-3.008391663799279
-1.543212124829693
-0.15964899935830498
-2.771013942104269
-1.086354337930345
0.36472376875920187
-1.9859413083992865
-1.5687923268211323
-0.6100250173110057
-1.7568014176582953
-1.5452166710983697
-1.593928082904296
-1.4840306736829847
-1.3952515198912492
-2.4273270330076833
-0.8360787361741685
-1.661187599979696
-1.720937639142131
0.08952350029219594
-1.4183082614958287
-2.699762360632222
0.17792145270216025
-1.8796644232803466
-2.2629381183110073
0.8448123104686311
-1.3001782054955746
-1.3379635478573952
0.837633809517921
-0.7060868798977181
-1.5870967674651129
1.7090645124485249
-0.007565878476113136
-1.6456362300110838
2.4456466251378135
0.3205882990802593
-2.5334873466349284
2.231971224551602
0.5801556195987357
-3.2411320680066837
1.5383525735313073
1.2884141961662203
-2.956745126513342
0.911602598396147
1.8975329055279668
-2.1149879288109745
1.1020878471641775
2.4801568710660225
-1.6199425005775576
0.4735047832944659
2.323259886127489
-0.8453118368400149
1.1085102306415429
1.7820334157978512
-0.7078546839413774
2.0040574139228635
0.9408885457038798
-1.0562020027860572
2.4191389548527487
0.4322520283796535
-0.4372863240087021
1.7947625722814153
0.5407134138658912
-0.9178738669021596
1.0615363212830797
1.2444587448957605
-1.4096318566664663
1.5963668147853416
0.969741224970606
-2.0802221595395856
0.8041906915593279
0.37408897519135115
-2.888866193983124
0.630932422870676
-0.17817355752754277
-2.703871138230748
1.4650633316847748
-1.2572329762411636
-2.3650352162688746
1.6255006311892397
-0.5965522824963574
-2.3471895163313823
2.3333392127244132
-0.8596551636121881
-3.3159519757091815
2.0066985884489053
-1.0709139186054053
-3.2427074329084347
0.9328367376602377
-0.5686373617722562
-2.402285185532845
0.5212480825017579
0.30120609278589067
-1.9615984252664045
0.10561013178374931
-0.457315655146307
-2.4797653087680347
-0.38857126366383166
-0.25365799957847013
-3.1744832755627206
-1.1023131826551016
-0.20685063247589913
-2.877267729942386
-2.089904611799065
-0.1459979247063874
-2.1972571245489654
-2.8193223123229534
-0.5221933463721598
-1.351054222587914
-2.4678588284949967
-0.6682681692656195
-0.5848739875914316
-2.964264089163533
-0.04143832447941489
-0.0530175311451523
-2.402179866552875
-0.6421490328649269
-0.48890377254281037
-1.9798736802573311
0.32211078777471924
-0.7722286088387043
-2.047235367058627
1.2359676237263575
-0.6182631000459029
-1.876624303874252
1.4467353034023696
-0.7862316535456395
-1.0085781073971456
0.9917309583572629
-1.3205848249952479
-0.22661696707573947
2.2028166088357373
-1.1942166535053718
-0.3409801292717368
2.477988297372083
-0.2362102690448364
-0.5662399247798209
2.1170978916777266
0.46807691283786756
-0.9150832101256229
1.4205586930937302
1.0979538913111113
-0.6864573218396163
0.93504143378783
1.4453136929543786
0.18482226586213282
1.6128920329321752
2.2583345477877574
0.4802647501191193
0.8349831025765012
2.715395823509972
0.4921672035281966
0.20421553111669072
2.046623828386137
0.18162408320465756
-0.5973266226696549
1.3847239953172403
0.16180820678553667
-0.7066722928208445
0.42933279772500865
0.3500785980440552
-1.0202920702281748
1.157476870469005
1.0801779191525107
-1.0938583436327611
0.13316554903912034
1.3201937929020404
-1.7921139068357541
-0.11239058800646394
1.7724559734807626
-1.7443250039011986
-0.313238465194008
2.7744324931514557
-1.5095414645870457
0.29665868107864873
3.60109516635558
-0.6798257791392196
0.6760523829792348
3.6708130302690876
-0.588788574812495
1.7240727010195664
3.6507888225825162
-0.7475364064831972
2.087096128166928
2.69047397445921
0.26199836775108354
1.8523725352106986
2.7708390458008783
1.1043826666996115
1.8767328518697188
2.1544638237494005
0.8215531526909272
2.6946989295218113
1.7648470791614193
0.809720421445265
1.9581287614096734
1.087999672245945
0.5938920932015715
1.0916608565574426
1.518932546533964
-0.09479333646272878
1.5334027803650174
0.9585034530104665
-0.9362215247902188
1.9931631778302359
0.7114072184557128
-1.5458270010138422
1.5050694233866795
0.3805853470599719
-2.38860152486093
0.95959817529055
0.4801191729723784
-3.2250532505853178
0.09126279226890677
0.41692605200733635
-2.7262659795724806
-0.7163113756490952
0.8092947734481157
-2.871113444201584
-1.116691611901488
-0.10404623386112362
-2.102580617838596
-1.215788833211657
-0.7425679219239243
-1.1631355882208456
-0.8838846044150467
-0.9734915382832013
-1.2369689424950587
-0.080134518356215
-0.2694646583018718
-1.7972709814644365
0.23823142057238947
0.48831960976768757
-1.8713288483550634
0.862887354321602
1.4238220343331387
-1.3706939053199214
1.5927591173864057
2.0644778520876415
-1.2608717283541975
1.1077866247930108
3.0850193714631238
-0.8228172889113541
0.1380691900230772
2.956205912515402
-0.9377979842599493
-0.8866024904237758
2.8814704708228236
-1.5377991607513968
-1.8406423055364316
2.364978940887268
-1.5594923372324632
-2.7677538349419333
2.506857328636752
-2.186661761841411
-2.432861385859565
1.8919831178794644
-2.1037483970589035
-1.5094697723248394
1.6051107961363023
-1.8309989138213332
-0.5817096134160612
1.1663565122145383
-2.3568383949057643
0.09450356825882968
1.208217444345083
-2.74991932888551
0.22245912415739233
2.025832398782295
-2.4136826591726495
-0.6583416399492934
1.7711264407060605
-1.463823174519059
-0.8461631399345279
1.885681726432201
-0.6090973217946205
-0.330457947059933
1.9742742841771947
-0.0677699745048562
0.4522349610013783
2.218026074385356
0.6888170449815614
0.884122880068971
2.699459385877719
0.9183297070568358
-0.03447727654273448
2.732190339208771
0.0530562424151714
-0.5568047438348162
2.7562529717051953
0.1103307982166998
0.2908643292262777
3.1217111016963988
0.36505620041162884
0.36411242161513935
4.105819029372332
-0.0900788171132629
1.3184528975269225
4.48462232969245
0.36169187670913083
1.2701014996738036
3.4580956739828212
1.1183338050688423
0.6039368703303797
3.43966440556234
1.641039606154245
0.6512135937561454
2.574900315591397
2.1046777680287554
0.7804637597315072
1.6560492584058242
1.3780338811647281
0.8095816636908059
1.098174059187211
1.8659560198358012
1.7050780564368662
1.417749611125005
2.113512704577263
1.3756833338665042
0.4119716313955564
2.0604163224852203
0.4787020069601479
-0.043344556405328055
1.6596696390750136
-0.38552158127211467
0.08307056215955837
1.4078362262427382
0.03601200414885028
-0.6864331273245801
0.4731069435021251
0.027049185494745186
-1.5064021172120798
0.9149087594944155
0.9292886784610391
-1.3798988464774393
0.4564856278616234
0.6243936961395917
-0.5753507726713717
0.49254997748844576
-0.674553699089706
-0.6992955132426883
0.07217949456989867
0.0033185305132337525
-0.21250929415775133
-0.5954402141384755
0.5041297030393678
-0.6236828176631314
-0.32444428515508544
-0.26919488896240706
-0.8887299248407692
-0.12360968146239082
-1.1463637775179651
-0.2824813279253581
-0.38897536047547027
-1.4766458317496396
0.76149457318959
0.2120710667873568
-1.9032346824478614
1.5985579335526858
1.1504115100323875
-2.4896777456997334
1.7599589862087228
2.0476133193852646
-2.9691989113292743
1.6209820028816757
2.2912206279509952
-2.892542314264485
0.6094995295268353
2.1224128744554447
-2.9400882745012566
-0.39632914975938927
1.3870807305922934
-2.8083035082422123
-0.9646361284044591
0.4581536691256336
-2.8107519119148265
-0.36176669892613206
0.11982080006069183
-1.8022628249031474
-0.7604193624295368
-0.16516470456719123
-1.2446975401075615
-1.1875717381863493
0.2241534781464007
-1.950380058013218
-1.9954078382110936
0.8302324890048506
-1.3858262540440571
-1.2165287354580778
1.6139677507443897
-1.9117470369271474
-0.9463850434536205
2.437564311921746
-1.5019738735408479
-1.2282863263044572
2.5840689981028917
-2.0441119191416792
-0.44383697617004725
1.7614297134501546
-2.164709631576408
0.1137099565421159
1.5258393453015522
-1.2597659636764817
0.6341245911896314
0.8118766950630218
-0.6312813013137033
0.211239430500268
1.3905567485681292
-0.5686810253998217
1.2320457801715177
1.2984348107429642
0.2698597002473217
1.6572494656120997
1.9097593327740483
0.04273567905945696
0.9837812790687627
2.7112575672687664
0.7141864095726586
0.8323687187180964
2.776024545924757
-0.18837282902018693
0.3484595652647379
2.944506720813187
0.5593260434675654
-0.3585264427621805
2.877970272928375
1.2813208628563741
-1.0406371306697668
2.4532453006754396
0.8398035642533124
-2.052662117299376
1.7799717618566198
0.5599035003634003
-2.7528296533663097
1.9774653124847892
-0.4142198540429539
-2.4517266085554907
1.8291353298825423
-1.3276552244928934
-2.1998059105669063
2.1663373968263526
-0.5127194604697124
-1.6081355174939207
1.6337576974702828
0.24948619993890672
-1.8447699083028524
0.8505253464077001
0.5603020735498095
-2.460624423784623
-0.11684892654691754
0.7276596592065203
-1.8950351566695365
-0.7827149090296701
0.3871796852392446
-2.983853796968215
0.1302701412960547
-0.026495637144776155
-3.4362370843533157
0.741305612266677
-0.3716232902325162
-2.7576789237167105
0.19838773247726774
-1.0371488592637195
-3.1138121249467923
0.7078680872302151
-1.9666034191220116
-3.270751900769577
0.6543372439992604
-2.6003785501175853
-2.4467052647789784
1.5889894623636025
-2.091303731306001
-2.748841010412435
1.0578689873190723
-1.3385831618227395
-2.589973617368242
1.7221901457988624
-1.230483042705075
-3.1616589106024966
1.6228257490456537
-0.16856378522086632
-3.5561870266587157
0.9268561840922762
0.5139658551254398
-3.3590472311498223
0.15431491702964545
0.9817301564350426
-2.975102926968349
0.06647949989369471
1.8830962269764941
-2.63774942202518
0.6020180226626765
2.7315475384366286
-2.7213683805610684
1.6094254389681335
2.5912704393318
-2.6888088739296245
1.96415923678713
1.6933741010678838
-2.3296137970810777
1.7776726784645729
1.5241940867480872
-1.387770237533313
1.994963396615626
1.8391037828377867
-0.4667860377712764
1.131841722517728
2.1792883274586647
-0.24335042936261628
1.5499196237745314
3.1080376295306933
-0.27445670404619626
1.0939531653129784
2.960421184473556
-1.1081465708206502
1.1259695401689744
3.201165192077276
-1.9997012198042317
1.6933502965638108
2.4138912971650304
-1.6904078913769571
0.9900876631551678
1.9418073083220844
-2.2425608830793493
1.0008292591920016
1.8031268317628573
-1.3579328761580933
0.38674063420399646
2.609707023837052
-1.7596426601555362
0.4080963423210005
3.5201453899034862
-1.3713304158968382
0.45479296401073455
3.3395840120821307
-0.39150186095899026
0.23787250790378003
3.524102308942936
0.6779660226913797
-0.7614277935979831
3.15473731925469
0.9857096938542192
-0.8377836038234143
2.3354073488590568
1.8243501354876535
-0.08452404264083209
2.760554448878846
2.3236791820023104
0.13508112726927313
2.0761712862839286
1.7239106294508217
0.14032579901279557
2.5019654400674693
0.9860383926645637
-0.2866201347937471
2.8334443053241047
0.017610848323117045
-0.38757105016095755
3.1538330788877413
-0.8422811674067482
-0.5685718585878241
2.3636947069165943
-1.4863363795314022
0.04416316305508219
1.6592902936475462
-1.6189976869447142
-0.8156718257779373
1.3672042749716329
-1.7990320294482411
-1.5262557750483892
2.1773837719099
-1.3104024387524973
-0.8686884999981564
2.4471538345978674
-0.5391972483713613
0.031227245091963528
2.356152683685821
-0.8161644979244872
0.3356855156393454
1.42616285850386
-0.7061362769157951
-0.4989123002821126
1.580651286581175
-0.9106993516963087
-1.4619724638266496
1.3895896225659194
-0.6095994383957639
-1.4640143740259262
0.5158630468349795
-1.0475265335539696
-1.9108475973893375
-0.3455495041180425
-0.9354290967724377
-1.9922471203788512
-0.7369478971809204
0.10537368887521553
-2.484735873528178
0.2152521119055223
-0.10217801152341895
-2.5839591692102815
0.5620954498426102
-1.2377500817937146
-2.8484363034348656
1.3859689647483382
-1.4637568675103716
-2.5567817380730693
1.158870822890213
-2.4073283033913353
-1.5914618797770863
0.8705226012554547
-2.7068926077122444
-0.8264343317165375
1.3978576432374332
-2.760436935143803
-1.7181912498981933
1.7572958862327543
-2.3526440160427833
-1.994192035273798
1.128357162467774
-1.4490970339212286
-2.484381598731858
1.2237932292528229
-0.5754008450762184
