-1.3059130074878709
-0.6576722645673434
1.8774314907590015
-1.643450485678672
-0.5907922148017384
2.7175979343596555
-1.188415381083225
-0.08346541186439996
3.4874156906022935
-0.2460895212515237
-0.4143412124090808
3.4986447143054478
0.6196188855878877
-0.06893459742682849
3.6316896386869173
0.8704868776017699
0.15128918107442252
2.658854080753167
0.2564536514967956
-0.13544736693273438
2.0728808397438727
0.02464455852615784
0.6149395923795166
1.2276226704163127
-0.6667699038093269
1.036299970585965
0.9187206970321098
-0.6401574523205795
0.24181251595782566
1.7060644652004406
-1.2729604688086529
0.14160002553477488
1.0201265309259615
-1.5069890427028887
-0.2976490999426435
0.2024784651238267
-1.466109779205129
-0.06464251645491259
-0.6734153487510366
-0.9962653035473518
0.5739887590477714
-0.14010782167663383
-0.32320957672675354
1.2842790122329608
-0.19815591719325443
0.05879148781231254
1.6173218113722694
0.6673277719822093
-0.2316091769840291
1.3461473530471486
1.3458911644953289
0.2296621226676185
0.8433913359404939
2.060319590193425
0.9203674128898144
0.3089989419380946
1.781454897170175
1.0423613745497953
1.0003187810694767
2.409935815099207
-0.026917982882891274
0.27352112222605346
2.888895800320387
-0.8627168147187001
0.8795596648773714
2.46775482134144
-1.5351410151739062
1.6105561830154242
2.5584028793791744
-0.8313280612314485
1.750549044953007
2.232786733247589
-1.1742115593047302
1.3553837652877327
1.530665725510173
-1.9622999634451663
0.6282165401227217
1.3916263018592747
-2.258633354065032
0.08090147908060873
0.7889565724766878
-2.4143846774679267
-0.15038962751459758
-0.27982276122900523
-3.18330832248326
-0.3609292202218036
0.2815354440747695
-2.8025122240578715
-0.6968576256895865
1.1774833143304835
-2.092806413341227
-0.31171594539735076
1.8862544339352059
-1.4068422441415687
0.19330419687066727
2.334924017634904
-0.7237540006384604
-0.2805734550394294
2.692109815959302
-0.3147494501687961
-1.0636835413544266
2.0832096746146096
-0.9876634864685359
-1.550265593963004
1.5138779122419737
-0.3756445173060104
-1.461268648736257
0.7493463611306693
-0.664665273774152
-2.369241040759751
1.0362753501400028
0.14337612407488015
-1.9913704130955887
1.49431538426835
0.040746620906065345
-1.7443294574130817
2.542874933193307
0.4873987685605469
-0.8405443491655206
2.912773785332184
1.4958266427001243
-0.8364832841293997
2.4132941121540012
1.8776637325644379
-0.17308703129200098
1.6579343394124912
1.6828219025991311
-0.5421041351180669
0.7770128622637298
1.4117775158961505
-1.2230272198942067
0.19790841640367784
0.6521043679642102
-1.7418399026326252
0.21044933865271762
0.6235812356042563
-0.9512115981787098
0.2796256217900967
0.9379668221373467
-0.05545640360062666
0.7932421389085811
0.09223609952827216
-0.5608804872961954
1.3639917171639242
0.6599076904267516
-1.1772321638079366
2.0367831796674243
1.5313052630399224
-1.591446023961922
1.9811894793284563
2.5329756140053874
-1.9562288192656703
1.7690977581041147
2.2518786713691386
-1.774221375605861
0.7679290890925741
1.8542062349690898
-2.0691947156743535
-0.23209838293947818
2.237282885727046
-2.7368874751608168
0.46374851884984725
1.8419176229406546
-2.464958191881926
1.2993225692042703
0.851321373788013
-2.621740087117293
1.4873566497467665
0.21631709848560132
-2.61793938884684
0.6778654115829547
0.6543426645539265
-3.0259300937360396
-0.14926919118037374
0.9633746676314505
-2.122765210477633
-0.6185119785892106
0.6449089333193495
-1.2871367565817335
-0.5043051920947998
0.5391218770977357
-0.2077020887719699
-0.11939007330362089
-0.30699427631953335
-0.5440162913701467
0.37738732413823145
-0.7341898767207161
-0.6730390088336062
0.9788104582867463
-1.6893904587360453
-0.7002842163359883
1.0777827657486387
-2.0278854428239663
-1.2807303245926247
1.8636322243987673
-2.874330416077007
-0.9284472655282264
2.132424912440041
-3.2185194640839545
-0.0020885382982596384
1.8039503015608427
-2.891956317503319
0.9683080170729321
1.4252858841027758
-2.89956629923136
1.8562061486861234
0.986030517107639
-2.247865161148523
2.117155936827378
0.19383086166981245
-1.6730624545445076
2.1085693186591485
-0.6701907534205693
-2.431221728876566
2.678551285180125
-0.5669888412204795
-3.0905675982597067
2.5891442544614227
0.20600838845343897
-3.1607432253533227
1.6030724611972313
0.017970522800949427
-2.929075504331666
0.6585146062227348
0.15772692076265724
-2.2621704287774023
1.1248647047754603
0.7488920786991066
-2.1967066251064478
1.6046976657181404
1.570377411018936
-2.31043769713905
0.8417694005982249
2.4446024449816126
-1.5142582943031888
0.8400463183657789
3.1302582840207007
-0.6141508307300673
0.7230669500972159
3.542086601434849
0.1591538196627779
1.3448876640716168
3.1565920698529806
-0.8572604395476098
1.6524674082735942
3.113962574313664
-1.2055196021113341
2.477995217618448
2.659898212127373
-1.2975307320792357
2.390134174375303
1.6331574380527694
-0.8202691901600289
1.9288105506910331
0.8074054912550943
-0.6745474829921542
2.1711282099253824
-0.20517887620559086
-0.8285938376911772
1.9280164670435131
-1.2627842755973344
-1.2637718760679286
2.0923023586780034
-2.216564724819476
-2.0712980222599406
2.6358470602754593
-2.4779911307778986
-3.004694275975196
2.240055886074498
-2.1547711099266014
-2.719627215937029
1.364356379822502
-1.5716187963475887
-1.7620054207022036
1.5588179865601712
-1.5807449170574845
-2.1991710506468785
2.2223020853010786
-1.400995947589244
-2.399791107042142
1.5570310409398989
-0.736527502766835
-1.9835709531843626
0.8025970610965004
-0.15427299086305754
-1.3530632770376747
1.4647696066627123
0.09214384918645208
-1.0825976719306942
1.0730079370850663
-0.747960544374085
-2.221042142424622
0.7859918173912954
-1.1696497553708778
-2.9900577398807497
0.3716249719484715
-0.8262574352961197
-3.1175238089804056
-0.5880021810037322
-0.7202858799680047
-2.8763554865462773
-0.8872063560220688
-1.6946109978127157
-1.994356669817073
-1.4009272208553616
-1.6171184783547827
-1.5050346467108906
-1.560556861493082
-2.49496508724545
-0.7082035081054426
-1.6716027532542663
-1.8771020291878668
-0.6185280965896172
-1.8315350208271648
-2.883495316548261
-0.7462721140731812
-1.4233375728174245
-3.7426683970492114
-1.7272236865776556
-1.032820883158811
-3.3315866119755047
-2.102912829819605
-0.7908259090667554
-2.4145376691910005
-1.3615231084260906
-0.5550612446614366
-1.629915717807328
-0.573894429542329
-0.7468960910291598
-2.0341187884448844
0.3534666481476227
-1.2267436454905796
-1.6361738954812957
1.1721099210900123
-0.8943890601148443
-1.7550270958639456
0.37211549836976465
-0.5394735421079047
-1.1754730177630077
0.5625558326959613
-0.34431146464468787
-2.1592688290870155
-0.1715836550010296
0.49683979858134686
-1.8777491582893222
-1.1600832800810317
0.06359841028899696
-2.4045202198791076
-2.070669357268952
0.2027335598230535
-2.1357858638571106
-2.413073611612394
-0.21737146405609814
-1.1905472281211598
-3.059328481683125
0.11561099788525549
-1.799518276055803
-2.736482446739415
0.8007220534872378
-2.463693992595269
-2.114005379235917
1.6414374447585272
-2.4036739342082094
-1.6424364889119927
2.0135921247984245
-3.1360128469097557
-0.7820865039512582
1.5782385779799073
-3.0015757896571302
-0.4353911832089125
1.0992811754866614
-3.8000124841694576
-0.8129022074132782
0.2923832363892073
-4.345725121885684
-0.9204098423166793
-0.27909653988497046
-3.6785904598762524
-0.43783407750173686
-0.6223984441239132
-4.459271229545403
0.6457551236490949
-0.4150249170229818
-4.13786420014834
0.08386841115559432
0.18801456494733795
-4.719385260365873
-0.1351906764580186
0.2519934403742632
-3.6486425679844223
-0.9666990567136033
0.4301054883064844
-3.233335250492166
-1.5394443750893194
0.9008069355697936
-2.3874879372811515
-1.0472261372824851
0.4259423006457322
-1.671909353789145
-0.6534993542410691
-0.22422117589629753
-1.1079227193519492
-0.3388103898024401
-1.0438217254252964
-1.2294842033741735
-0.03128540100597353
-1.3026915562399062
-0.15967651730006635
-0.017793653880323106
-1.9468906724908652
-0.8839061800810729
-0.40263769529962334
-2.15491850690857
-0.028059717020948484
-1.0890259071687793
-1.6389263069100917
-0.49825998085108836
-0.7718027868363537
-0.44274374868708694
-0.27913742156797666
-1.8487259088880572
-0.8649994203987722
-0.4921173584764932
-1.9697509884187907
-1.7865689119264014
-0.04576491518853059
-1.2740967088695523
-1.1878373557032305
0.5115882454124321
-1.8038009360575025
-1.7242114463042
0.8765323168364005
-1.582305976558395
-2.3356781382974283
1.7456488195407867
-1.3674986569713719
-2.50841983489605
2.6913400942350836
-0.9643432070064076
-1.5966572731640694
2.5504046992322835
-0.6050641684479346
-2.333085799686834
1.9955297980496622
-0.02156761936763584
-2.950080262967174
1.4910313393141033
0.7185646998439599
-3.395678207539508
0.93745918164425
1.2578157337074942
-2.633861465095931
0.5311374621888829
1.157202829443619
-1.651631692917478
1.0631376227276763
1.3279429500148061
-0.7890146665078135
1.5535897795900802
2.149267509146798
-0.9641449491102848
1.3834015526377719
2.6830561447614554
-0.5964837264681626
0.7351560097354191
2.334937380925003
0.46628506512677
0.6717860762014456
1.9067067972919485
-0.15612979149596157
-0.1333892052027817
1.4482142878895394
0.45020479227212373
-1.0636563494644902
0.7169423915438393
0.9138256089956713
-0.5254138389116171
0.2933919452349642
0.5521862337096015
0.36505272272803346
-0.21277874813661635
0.2748390858581296
-0.58383791622439
0.5706605621287791
0.3397872680453403
-1.4102213259681162
1.2370194161306685
-0.3078382778778546
-0.7621026796424045
1.5509077775874696
-1.5355426489001958
-0.8857686539938442
1.0215972259669466
-2.1019344608860937
-1.566458171274344
0.5559645102182444
-2.3414564032797878
-2.513855934839668
0.514187182014599
-1.6201700815712397
-3.286788599036452
-0.0588905594460369
-0.8277424637451598
-3.371142172823298
0.6358464616460945
-0.20136277846788436
-3.128814591810943
-0.2861269662207471
-0.21532971123834974
-2.934501749923345
-0.7892385122391883
-0.8902810836220728
-2.8075893062349775
-0.020766848899427183
-1.1047059589142
-2.619421945121407
1.0727793570329311
-1.4144477098858723
-2.4850516310611135
1.8988302119584228
-1.7038091881570987
-1.8665541424663497
2.4674789272115594
-1.6625344484535391
-0.9761109289448158
2.9101434614301365
-2.093619596725272
-0.08603306537322845
3.400773622637134
-1.4745134612853732
-0.5744024980909729
3.160068487184988
-1.0694320367867265
-1.5315565130592521
3.7642444501567165
-0.23225320013513748
-1.4583191309817207
3.174383042613959
0.4782728512026286
-0.8810461432163718
2.8165065652374284
1.3464348971241618
-0.7193409945378172
2.9756737169597374
0.928851251809497
0.2336144584443133
3.092309376681244
0.7105970028137419
1.2236978173224897
2.719351983292133
0.946917345085368
2.1703196311562403
2.035212693855834
0.25750216056576525
2.649148536178349
2.2182853519274555
0.5423837719717742
3.536264708736263
1.6659459373120036
-0.258095966608783
3.470276910744365
1.2557040632029193
0.7113054435941245
3.432568086965541
1.8661080561512196
1.190443777678551
2.830178950867362
1.7531505267681713
0.8786208458236082
1.9217944653219785
1.507280896436936
0.7657164091366975
0.8913355276907733
2.352241457448252
1.2457277906904751
1.2465061568253852
2.64799003667819
1.9440827626801807
1.821574617170544
3.1896038930448465
1.6995089794324596
1.0511997148296959
2.8270694771347
2.0176336225664304
0.05272043783696066
2.4325287638176425
2.274772555793475
0.8604849925080092
1.8373332043437327
2.5537243463227854
1.633065640417935
0.8732259337171246
2.654600063002898
2.105002181347572
0.391018277468438
1.7162560281233867
2.297384941542287
-0.21417676334062774
2.4924140323845627
2.6674368147017056
-0.2962538269465446
2.5290282066753917
1.6373267619869174
0.6466137479458453
2.1518346316533368
1.2065143398480522
0.6609611701803343
1.2049545199411793
1.4747226445192543
1.2759599922123805
1.7231134132439694
1.9113247019845372
1.4374126480617075
1.900313225601539
0.9112435875684161
2.0291536677796005
1.3269921882144735
0.261236987953368
1.0607783065236465
1.3819632456293227
0.21968002622841284
0.5620286008331106
1.8433892456052643
-0.6637331239770727
-0.07496510635539508
1.184957986571274
-1.30947816309127
0.9349338438221132
1.2774217582289524
-1.4352784210752474
1.481654273228102
1.504536783873538
-0.6046031515677922
1.118264052497306
0.6540742425064563
0.06976648847757774
2.3911418696321083
0.6054648449407548
-0.33424411753568073
3.014374477147786
0.0896675963926297
0.0005635807189419231
3.1298137172100553
-0.5402322839841861
-0.6620304770977059
2.549836803013835
-1.1090567377206304
-0.17348720188793598
2.234633971416476
-0.6731891067003725
-0.8593091275298982
1.741375137629817
0.06855162782892367
-1.6825484294530895
2.126747048362385
-0.2321980951868646
-2.6588311899159773
1.9690758411560192
-1.2449310719509759
-2.7513847554528037
2.7831112070056676
-1.5557569925506196
-2.2786779766485363
2.3784661571546426
-0.9113322390917189
-2.0052209737436395
3.050042000362813
-0.5928343630119378
-2.3789028641131016
2.8049085238750764
-0.12958646748949781
-1.5393150871367178
2.3508912706073968
0.7216872881524147
-1.3607846406117179
1.6641527239977658
0.9097816115172158
-2.058565492940099
0.6919026713725563
0.6207157305316859
-2.27601739858455
-0.08691022257237001
0.787068045252005
-2.7872585511763424
-0.5976586992831426
1.252455819849961
-2.0006429861713246
