-0.74550258070365
0.8389932359451016
0.8391106090309896
-0.43286689918313953
0.7417996542342847
-0.08224480757312351
0.3449827625843635
1.2529572576129835
-0.516692657033121
0.8085533219336333
0.5419941755403705
-1.0944519778327308
0.46301099151825864
0.3720797081183922
-0.23294587643622378
0.3692816463555082
0.9625688088169164
0.45949556648925827
0.8220103889788307
0.09516191721985956
0.7281558999168367
-0.1542163516662858
0.1553053384400982
0.5462539947825014
0.35308614020286044
-0.6680961437290114
0.07175354319591275
0.26941320368848476
-0.7832034184454454
1.0323755388747253
-0.6051913997767386
-0.789905910151979
0.4573304239192168
-1.0887786624659352
0.09192264281769434
0.3036582192671305
-0.46267737411430643
-0.20732096791929303
-0.3610233407325519
-0.16334023494753064
0.4513408298917008
-1.0141715020314517
0.3685167863175342
-0.3836406465392051
-0.9409092024688388
-0.19048443685109376
-1.1571765093571902
-0.5603957463267206
0.04420269812919443
-1.5147799724952773
0.36470131495816754
