1.5684857750678285
0.6109284733619276
-0.8682451485923129
1.0013587188248851
1.236144662741712
-0.3353399485861146
0.8288536504577511
2.150517941946011
-0.15268223806849887
0.8447821421818632
2.2446529098319608
0.9780680540960383
1.1595731294904341
1.4804571142919092
1.5500018991634783
0.7917421160177761
0.6252869058470492
2.0117133346939995
1.2695672844700328
-0.14685807131251305
1.6621939857773647
1.7106618354881993
-0.187587664715741
0.7708375858702194
0.8745784355798529
-0.41946304225823267
0.7080658239175884
0.4064586183926566
-1.0495881237307025
0.004674224697173609
0.1603744215810425
-0.08735438523078669
0.207497047742434
-0.1773436580928197
0.7784998315246466
0.3213787903805145
-0.4806233749311774
1.550740069178918
1.1273859883107356
0.17489147728388793
1.5500298161343107
0.3814269529726206
1.1797174858077808
1.4961974897985597
0.49433556996782557
1.5875811076806314
0.5914545438000979
0.11312464931322405
0.998774222357957
-0.2615095077389715
-0.2375675744881981
1.3477651120225742
-1.0323847837340583
0.2837300040056585
1.4738298571552422
-1.0490446717727773
1.2060565713259008
2.131044222215077
-0.6909757169264484
1.9201947924292013
2.435863052359478
-0.8600808011241633
0.9827897770870389
2.2834435571258354
-0.5917339893969684
0.030482825120544364
1.6348063974226383
-0.8803091208719183
-0.7300901238671536
1.3799004454471306
-0.20962402669199456
-1.3128293815232301
0.8895845603148621
-1.019282062594702
-1.966766457224337
-0.16363913237437355
-1.229742847939897
-1.631822791245251
-0.7752132070884795
-0.9846781222271483
-1.0357113881028779
-0.9508478861189184
-1.2610983433084482
-1.9919610042313725
-0.6977478639305406
-1.9523574744453858
-1.3973897658078511
-1.0381615939380435
-1.8669054164597523
-0.46310411123207273
-0.06509234634767823
-1.5829289532265904
-0.7105704854480926
0.6838442961338054
-0.8852842303641518
-0.8583025211620311
0.3251154506501531
-0.12239175901126316
-1.6283407930033358
0.6150295618532703
0.2565852173953872
-0.9359159866406381
-0.020985542079084065
-0.2562463991672988
-0.7897584109668385
-0.4419160175459388
-0.3813152586704638
-1.5227780314877097
-0.17849868157282853
-0.7064108492392094
-2.43967059080647
0.6497706971629943
-0.17763300442835822
-2.603223197177665
0.7661316253105214
0.6141519204986089
-1.9391774242588844
0.3867921316004645
1.2966188229522693
-1.396501049079453
-0.07137120795588667
1.1312093906164362
-0.41794013420282333
-0.5828917436337824
0.3472782531833933
-0.3575155812097715
-0.7596298022300916
-0.7127125188504414
-0.14967023536588633
-1.327170488268145
-0.7630081494731851
0.546465994817945
-1.684520512562138
-0.9829215568263266
-0.3181440679450614
-1.6138227507965106
-1.4697770028490258
-1.282701810539694
-1.638256309794068
-0.5193100154735069
-1.6141618571954515
-1.018796197622017
-0.20530768946809785
-2.5594110696726364
-0.13012274929656556
0.2686739915532603
-2.2517525645181324
-0.9666703807237871
0.761955252795119
-2.71310541358559
-1.2079286238530538
0.5266685553772598
-1.7617695120093027
-0.47884387058459255
1.216635306362577
-1.9345967653857037
-0.451056667467891
0.4945851670429377
-1.253388196881794
-1.1264282343699896
1.263052467801485
-1.1726719974784867
-0.8454020988391768
1.5128393575610442
-0.2722332434242988
-0.2610719808945002
2.321183435251108
-0.09350456364405012
-0.22481076987265095
2.4407198103307475
0.9509495473818528
-1.045834374801531
2.119054734158123
0.5308359339514718
-1.282312623744201
1.1920202447551471
0.5714801977365003
-1.493525592820419
0.7960633871905085
-0.3817804908359725
-1.3476379856925078
-0.16702647737472998
-0.7697543713298357
-1.7328219564456717
-0.08529955905560313
0.1475036710346321
-0.7317439667083901
-0.12126843026024017
0.5627960215792999
-1.5570101519680288
0.11344695139248001
1.1364377647126664
-0.7797660869029759
0.5896881426928794
1.5586891756239885
-0.14163822016527391
1.093950817015337
2.1613766075277727
0.22057753211326664
1.9107688148071413
1.6893609100230986
0.2821621661258425
1.0618526878579633
1.1262793247685838
1.0642508714407724
0.5631651544592277
1.115893396266738
0.4193309131943223
0.6589268376201525
0.289874129093124
-0.03756926852722493
0.23534891727430438
1.1251242784338071
-0.779923911211468
-0.39849723605954157
1.4210927922054661
-1.2024915457713712
-1.3590672229764993
1.4489796284644298
-1.627350235326206
-0.580717183058937
1.879501852793254
-0.7819164166247728
-1.021163086553302
2.2539256529206084
0.1688604555473617
-1.1830706911608613
2.44875583399503
0.40587753857013487
-0.6728884760202057
1.778505857559208
-0.13343600045492277
-1.399122587672215
1.5675744913035659
-0.6983904452804006
-2.245068232518889
1.2785483763622025
-0.6259732091652124
-1.5349132569392194
0.5010131655114994
-0.17568615626464906
-0.819484170307449
0.7775097844977606
0.6467385655194602
-1.422524936304655
0.8435621438289325
0.7857724106919779
-1.545416290611388
1.7858558889588085
