0.8827035511811748
-0.6597607691844778
1.77528487363576
0.7020330056219236
0.3246262175249513
1.7507906730763756
1.1846342305304394
1.0042868254095847
1.1572864898549344
1.6563483416560538
0.5139621029829218
0.4572840527379098
1.192688655747222
-0.344250064043667
0.9098707251242512
0.08905566089820043
-0.37098340666178625
1.4492289483136582
-0.4217477651746888
-1.0231063384213996
0.8860478971989834
0.04705753505661504
-1.2311081058683615
1.7545016549070298
0.6210767704691653
-1.1331563072164315
1.0442801471881678
0.8371968438616778
-0.8235486529798708
0.06468429266486432
0.03099134689496641
-1.6195909967132867
0.12811373772561546
-0.8739646877904856
-1.7192470160014777
0.3766718325888296
-1.2131817006652763
-1.430547230258403
1.2908881045773575
-0.907891309453041
-0.5160374574496055
1.5528017557924259
-0.6584107987351148
0.1958259014895717
0.9290818907545388
-1.5402420811395823
0.2527289695797954
1.2996881559418092
-1.8710190794663935
-0.6818552660185755
1.309429503499124
-2.089433642360479
-1.4577124613904178
0.7767496126058313
-2.0809848000094546
-0.948999107597548
-0.09553218032230809
-1.3509959498353021
-0.9845536580488459
0.5868239118028442
-2.0026987490251575
-0.10441913025834532
0.4802866131303022
-1.5199578254985482
0.7765727186569299
0.4507799878843752
-0.6263430805235086
1.246129949391756
0.6808961940958296
-0.13581255388511498
0.813781049671897
1.503484035128188
0.3305684452361549
1.3948950847870332
0.8694750354797562
0.5056498616921183
0.46664929827802565
0.8259992097540865
0.7837973981987539
0.27962103176924313
-0.054142738001806454
1.4137973323576154
-0.3113483929951977
-0.4772064504448394
0.8933328816752953
0.47043912347146394
-1.342184728570427
1.4572529721610337
0.6555214475122311
-0.47694082528905307
0.8593068110324875
1.0219647366423394
0.256735876476743
0.06106051978985907
1.522862659950729
0.013965374352901915
0.5716481025658184
0.6428453249970162
-0.7055259042473565
1.0483548184921654
1.347623129026023
-1.1977361538634221
2.10078640311781
1.3465392264066511
-1.195482976132069
1.9782176084803418
0.3800482203360733
-1.2531704486302233
1.5917468472075076
0.3228516260245383
-2.1903290559106394
1.4432524268453493
-0.5991474791307814
-1.5260581526438721
0.3890093991453809
-0.40008206664159696
-1.676574517158204
-0.357961326829491
-0.9850885644388118
-1.2204457532596826
-0.5537470237490143
-0.9768975232689067
-0.19249095860620669
-0.9926383541409982
0.06254482015439893
0.11992966946420762
-0.19458346262142612
0.6100624531619341
0.07581137399694117
-0.727573082902778
0.8701355422734534
-0.6609003990316413
-0.5354806142886114
0.09234596688630005
-0.5591264106267056
-0.05444151464616617
-0.3748407705643469
0.14844758103055844
0.5622023406979811
-0.31617900794304543
-0.5305440286580527
0.4850569285598516
-1.3445702587828035
-0.6786522608369742
-0.4137425110984002
-1.7726973174520857
-0.6838869982093932
-1.3749130420104307
-1.5517550577624406
-0.48755515031697766
-1.4160781486958365
-0.49621312860447786
-0.7659682453631048
-1.747476514315295
0.35209815020805557
-0.44275624534154573
-1.12028787220196
0.2891675400936582
-1.2753545420737864
-0.1266306904112806
0.42509732548431545
-1.412856676344494
0.49160072133876287
1.0564969662894728
-1.890340850124529
0.21748851766674576
1.7193515190584951
-1.2341293134848157
0.7699470399544353
2.0643630037659557
-0.4363205722970965
1.710374863340992
1.6562576044122677
-0.2631066749949946
