2.5810869424131715
1.1528548314128386
-0.5643123138274042
1.905656405598334
0.9611029913808111
-1.3391217933264359
2.1033813717530996
0.2507735996022045
-0.5226255212273083
1.6064842184721573
1.2122622441543673
-0.49470569667270226
0.9710472740957727
0.47295691444296906
-0.5132575269062786
0.6737626361992585
1.2844378662394693
-0.40520814224531027
1.2795748261964197
2.0919953751565457
-0.4879604722431606
1.0640410381021421
1.8236463207789224
0.28987850614255656
0.7467407816415854
2.7593250080670546
0.16422238459733285
0.4445645126501489
3.24336833591643
-0.742020774466665
-0.4982516659520151
3.5310702588404697
-0.4415098477876027
-1.3098121753852803
2.968735247124
-0.1183180358974058
-2.2327256128572954
2.836723962234009
-0.16661607779574447
-2.0470879163341418
1.9127785211289772
0.014109067734192283
-2.4015822586636206
1.0755303884860914
0.3912851888385369
-2.8767496214327886
1.1521427831193125
-0.34874819337834473
-2.4997500258993526
0.3133131436735036
-0.7242699083235201
-2.442006062212595
1.220869345810788
-1.2446350001328925
-2.2746089311069024
2.099810774769714
-1.6225800947099498
-2.639604264391395
2.9432379770161665
-1.2019006517441317
-2.6289826574767976
3.6431429345883095
-0.4921502562114658
-2.183757729660552
3.6356712414655807
0.3865997563034638
-1.7706601112002327
3.4561366483056766
1.3126044386065916
-1.1118501928433249
4.093629970756763
0.8116117387860721
-1.3875564305178911
3.928476081438325
-0.15967052192945555
-1.798696625974511
3.2995969955313944
-0.8793643234747225
-1.3932432109283146
2.6511405119847495
-1.6443894063727156
-0.8056406611633784
3.3568347539497734
-1.3523909737384832
-0.638398592947897
2.4650556451344623
-1.027561105584515
-1.795614451064594
2.3910040729560396
-0.8118308192062391
-2.7658354155940446
2.0382324191929433
-0.7760981091772696
-3.0886877041723966
2.1576029564193115
0.2652017160698643
-2.4095743820400206
1.8386825393275754
0.9115930592860721
-1.4637942568427633
2.0149610163035354
1.394128150265146
-1.6132744068098386
1.1886298133649031
2.0408347704689875
-1.0443553274149906
0.6378571995135152
2.1161406284867903
-0.13216728765306007
0.09121606068512136
1.953468064336692
0.19368816018095403
-0.3343718560568443
1.2519113399600554
1.126074077814877
-0.049658260347629025
0.816723468054544
1.8084798239103472
-0.14725538295556523
1.5588282260354531
2.1261512834087077
0.7698848376420712
1.6834300554587909
1.6972260656286529
1.3699936821269147
1.1646516243805851
1.7720947771983966
2.4816482106908078
0.9371321683185888
1.0759816253688443
3.1637163849168544
0.7201591162791089
0.08370117869351094
2.804344160609377
0.7120417565377807
-0.036293751372272476
2.6599240942244817
1.8639868192340896
-0.012887820783474613
1.8306824479691528
1.4397636945286938
-0.45696413294876576
1.0756267789927472
0.5483404068910213
-1.3814872747932714
0.48821383596382395
0.2592795338204101
-0.9157828413255772
0.8064661910273803
-0.2332955803782795
-1.0715474122387922
1.8550276251658788
-0.10428971504600591
-1.2032501018747053
1.5390285726101753
-1.0292428351539653
-0.710733249310712
1.8677192803665061
-1.7353850756718765
-0.30089188369687925
1.0889151544271736
-1.1516562533353092
-0.18548300403675064
1.6932346317884241
-0.4277777742053016
0.21949376270990356
1.8971309274987544
0.3177783827277545
-0.8150080925219786
2.153540473101462
0.5886916276041252
-0.26892882580448485
2.5492745150281584
0.052325609951567154
0.3091138705500169
3.4704464827560666
0.170425199656845
1.2395670286511236
3.453347755309828
-0.1926137923753629
1.964243017325166
2.731585489675761
-0.044828029089168525
2.17744688412756
1.7194233845146831
0.10682163696865216
2.265820298290904
2.089252942772345
-0.7429108618942282
2.0641464950846373
1.78321785196458
-1.726041497010008
1.3896004238999036
1.1909578199109845
-2.111870873297719
1.2294194782425036
1.6821268331434525
-1.325260017154091
0.29776192877845586
2.284476152004672
-0.90971713261312
0.2624541170100384
1.7088564628432823
-1.7743764985744257
0.6810459047392112
0.7223422489974721
-1.4038217261651755
1.136376892352865
0.02461584070363463
-1.3721472565892414
0.3332627445509127
-0.026325013943376368
-0.9720567113798062
-0.41182809865143893
0.26938983865813687
-1.5811170198056361
-1.3245082905827967
0.5896976244193387
-1.1962169273960037
-1.8360890038799533
1.0740304394280793
-0.2912608087435224
-1.6457343116569212
1.4848509849846747
0.5244028985150335
-1.4280546904252107
2.4396055194045045
0.5720646771783271
-0.8550620360463578
3.0649639529703583
0.7668908542567746
-0.4369532873757204
3.6430703131169233
1.5024664799347192
0.5353846044934611
3.327995193140641
1.522985231356904
0.7993944819537298
2.330316388332128
1.1383187073629577
0.6952460161235703
1.305679288702625
1.0027112483090441
0.03277223018506792
0.5791334029273881
1.213539797644681
-0.8344913738156272
0.29082258410075956
1.213471861299097
-1.7759948926855489
-0.2549781358806794
1.0498571085486972
-1.218010214866212
-0.4586421891771231
0.3946670357765611
-0.46024578569913893
-0.750409596422669
-0.32538217461169117
-0.5494012380797305
0.0614557934988874
0.441533006867442
0.3045853482907963
0.7673793747953738
0.32043009524478255
1.235978061682363
0.8612335910923958
0.4331071649934281
1.93392864216912
0.5030090712081292
0.8362470861263004
2.5897660192981045
-0.23148743924520462
0.7850617297895753
3.196228747871643
-0.9230130630287303
1.208504432942096
2.703413509716419
-0.4754809984756452
1.9386540150040528
2.0652878206974536
0.09788384358356256
2.4526437178156093
3.030965982910542
0.40116697516149824
2.201813205596333
3.3450437437627896
0.054704811768393584
1.295223405844117
3.3685785083782083
-0.4810029978983916
0.37340057808758975
3.04483875678467
0.2675049934867509
-0.26956804241386273
3.1255078231158944
-0.08480695457856398
-1.2240232079817248
2.957021219812668
-0.4759411467387534
-2.121623216783283
2.4973401520877654
-1.3404779495881987
-2.2411946225645494
2.189235555289302
-2.395091181463022
-2.046274585909545
1.2847264499902817
-2.8366446627040687
-2.1861904098420775
1.3257288530779365
-1.8225900624162101
-2.4127206781888773
1.7651618827425057
-1.5129286528043941
-1.340498188683642
2.2475162267963102
-1.6011389241628369
-0.6399024756381575
2.859874429743182
-1.4383706381221966
0.49098635962395654
2.3309237488966215
-1.301845280009202
1.3696595988087548
1.39865072181224
-1.6517869967448808
1.0332222621258667
0.7623428980244185
-0.9508071143669902
0.504032915573489
1.3395135473013906
-0.520815997689415
-0.09144627329175503
1.8099570894038044
-0.7343653469723903
-0.8824313106067211
2.258692630394681
-0.10215527320462513
-1.6326692031812924
2.643139077955975
-0.9344370050345852
-1.3393007967482502
2.835126175869762
-1.9127069267188326
-1.3751791028745988
2.633882896594176
-2.434338301085394
-0.6144301098017119
2.5991356796509244
-3.03350041506435
-1.455143997252821
1.7440637115521025
-3.547634263125861
-1.5812651945527687
0.8150561283839972
-3.759844423979952
-1.8020435539042778
0.3581944509237742
-3.151088692884902
-2.320522436860231
-0.5272674067042941
-2.7183246739980302
-2.062723521017499
-1.0478623999427858
-3.3003599048368897
-1.4895361275435477
-1.481675005837191
-2.762390562212725
-2.2422014674612094
-1.153929461969093
-2.4204040949887444
-1.3504585735167036
-0.8314154926261771
-1.44646616898422
-1.1779781158191378
-1.2560443355212305
-1.7207847617010823
-2.1697776756027323
-0.8948671910522595
-2.2382825692710098
-2.901429651982467
0.12405041097436462
-2.31319542733287
-2.873053983171786
0.6521002598293496
-2.2699425310877013
-1.973388727715316
0.6192046479769576
-1.245395503797459
-2.1956550809345776
0.8873150660795286
-0.5742302293848087
-2.905157024852755
1.0687994392006277
0.23175770480847804
-2.335290340965632
1.4316510128900986
-0.6776484071780974
-2.092832897513596
1.065185784294232
-0.958026477471116
-1.3181902593862491
-0.10337669821714675
-1.039747975119795
-1.5054827144932241
0.23944989539877115
-0.3029815904377806
-2.1354731495562547
-0.010344868944109322
-0.8995954783904433
-2.91599039018212
0.6891593003573174
-1.55344265792329
-3.11958983265073
-0.2972364805997826
-1.668304920399329
-3.4606352585172413
-1.1050116621673267
-1.2627580054270464
-2.9724134660388395
-1.660060371320503
-0.8640932585610233
-2.170118558855402
-1.932446957560419
-1.2674321035572294
-1.2501024390979965
-2.1792374061799724
-1.7571936798382828
-0.392714555378644
-1.6726079339662567
-1.961999261915922
0.4415928261721671
-2.162666065156885
-1.0805672469081307
0.5872959795949844
-2.645636769230629
-1.9732076887662269
0.483897358307571
-2.0967605452622333
-2.822204526129031
0.6084108307316334
-1.2699704715229048
-3.22144021321957
0.22871344141300354
-1.1690280297224036
-2.649000466233783
0.969084783325853
-0.31550307868762095
-2.276175865540052
1.0852725876567684
-0.40737334378077067
-3.221916956416229
0.6527972390275639
-0.774983627953415
-3.9315386093678244
0.051970189720103005
-1.3796950745059324
-3.717098975743523
-0.6207705449761332
-1.869241960246272
-2.9529972454096813
-1.005586798877913
-1.4147420393329855
-2.1963903813753647
-0.4842018429032093
-0.48423096268055627
-2.309599332063963
0.27486113808685425
0.2504087784784768
-2.6082911219574214
-0.3551110831080563
0.27105180986970484
-2.630667353524698
0.2928881302560447
0.2853703546858159
-3.4222008834635513
-0.16412246338481343
-0.39760200547586916
-3.7836809981558437
-0.9102012165167279
-0.42518133474127995
-2.940636844345592
-0.7178983148423367
-0.44886005628520476
-1.7583500309740359
-0.43042991428415334
0.38460633431615326
-1.049951227375332
-0.48261406521748607
0.14447052800124557
-1.8041302542237865
0.311186283540336
1.2025627430776527
-2.115559996607572
0.30539673908339604
2.0537440950745687
-2.7299986421934044
0.14630459132982598
1.9458918696198484
-3.2216852014241857
-0.7852355935446289
1.1130770806727048
-3.7240996303190292
-0.8155922677165269
1.1071595118920348
-2.736440072223699
-1.1704337111730891
0.27252907567930557
-3.112771436470445
-1.021766497733946
0.906121182853247
-2.950755980593172
-0.25709630066322453
1.2717915982712364
-3.170214377914874
0.6826422605508764
0.2483775766116616
-3.15335836054169
1.3258676513249603
0.27783798036770646
-2.412907625334316
2.0999890987910295
0.04826984785106779
-1.546223647749041
2.638190445471923
-0.2695511634135551
-0.9449894063707778
1.9634073649807888
-1.2291746784620865
-1.360262089658671
2.018841473530155
-1.9821344947641397
-0.668501823538636
1.9153930376460244
-2.151291175995377
0.3816487974452297
2.02940469696981
-1.8469074148770137
0.7940741879040907
1.2765720680261001
-2.592081980241403
1.1341919924519634
1.6555798797323673
-2.6661474393028635
0.2641590400082827
1.1835682606216296
-2.2753080000059325
-0.022216104563077026
0.1857864602438155
-2.029049616836143
-0.7642872402744083
-0.3735180988582827
-1.177197050450873
-1.4179009305692432
-0.19992246625816232
-0.7391874359358988
-1.6060933989462278
0.7202768505004763
0.1771235296609152
-1.5244778862940918
1.2622039214405625
0.9847798851723553
-0.8389585978260211
1.4274861807003438
0.9040916251897685
-1.6624941679852132
1.9351521581970912
0.8416312526447696
-2.2055151207039514
1.2792567946761355
1.7586734791367764
-2.365037126484236
0.8840238750523056
2.702384138909862
-2.3035349925100603
0.5715013788038852
1.9436459044769994
-1.725369710908805
0.1602631958605167
2.2450977533020975
-0.5366495916532975
-0.03232637133709562
1.735700820779607
-0.8326320728634254
0.6137385398903128
1.3788026581023494
-1.1265958757196477
-0.2301858483452895
1.6553209279510832
-2.1115625780345115
-0.597738059687777
0.6771911046468155
-1.8940907457342588
-1.0077522679640254
-0.24283868902330707
-2.187463085241335
-1.251710140435744
-0.29292044728061295
-1.6241592781745406
-2.1886178492481045
-0.6391404111905765
-0.7339832288338439
-2.163799538544717
-0.8621037356675673
-0.4926424402042842
-1.3850510213983365
-1.9249125381265508
-0.2580185807600118
-1.2863571530613187
-1.3663690859454571
-0.03640266165824705
-0.498174074412972
-0.4536730759957389
0.25663207742566574
-0.6577309786412876
0.34270690564856926
-0.2261417164375354
-0.13666808270082526
-0.38806634983052357
-0.8046022680545951
0.4608234611880303
-0.9639203862686447
-0.7133882730348682
1.2606351728330722
-1.1206221280214343
-0.4491701869443962
2.2230691255305453
-0.2603798666340382
-0.5850452602291529
2.8874461016727624
-0.32102928485346777
0.46624695761867935
2.8877595880504203
-0.15450186252443257
1.0739546442785701
1.899530414996699
-0.9029054418195029
1.3092850015945015
1.438825267553189
-0.726782094109135
1.9577788586745206
1.9827101730603738
-1.146064016213673
2.8415159189461185
1.753216344621855
-2.0812338961234245
2.7454023336476348
1.8345242792413339
-2.506883195205545
2.839783431865322
0.9566926248441936
-3.025752765730441
2.2369235319593526
1.6644262698788592
-2.434637079463886
1.8824288964000049
2.3882884125024955
-1.4301589577462683
2.262395377908024
2.510676823768886
-1.6777763146094167
2.9028417063170857
3.1706876792762597
-1.6322347601986977
3.4592487229102935
2.3097787144726896
-0.8264956419541496
2.9894133109083794
2.691760019067635
-0.935417037076207
2.2340124938196055
3.3275604877476237
-0.8559807423678699
1.4393139800056778
2.772796299855741
0.3299713872199973
1.2815432042622583
2.901872534924159
1.143273702066836
0.6360503783072924
2.5723808352525688
1.2668303590474987
0.5447529009874411
1.503144356711068
0.7964835968055517
1.416111765221799
2.0524616027697173
