-0.07695314560210603
-1.6953551998457241
-2.2252109490065983
0.6868282905506594
-1.0129102625188795
-2.48456245690773
1.5804875500383677
-1.2527562711297375
-2.221635416707731
1.8129658734582297
-1.3912190541975937
-1.3109918975287311
2.724466671447048
-1.204357923810255
-0.7693078506772861
2.6562695412862616
-0.9334354908624266
0.22144763994093414
1.7811651668411914
-1.2927364005626931
-0.12394046934498874
1.4375745311466939
-0.6536085947468353
0.6879403109205473
0.8411583375953989
0.11886477810426642
0.984193115838951
1.4297806134517312
0.5542954954939301
1.7555383910325029
1.8710762584671605
0.40620265228973995
0.9071031146908896
2.1686873990172977
-0.056289112666102266
0.12212797634805223
1.9832087572986004
-0.49043849449947746
-0.7952056937223027
1.8960281379533488
-0.35142893101238964
-1.8573829607821872
0.9102130980765358
-0.07263287520112931
-2.1737663126609785
1.1700968212533027
0.9211813528155341
-2.4735985305518446
0.4969149306640722
1.6266281339458284
-1.9703741922346565
-0.27332437854600866
1.949076652342924
-1.656433417057166
-0.17378590645957903
2.0773428813502792
-2.5561744273128975
0.3827947079799723
1.3139364114523562
-2.9457540236787656
-0.609037165164681
1.4182670383947518
-3.207880365198435
-1.2826769369318385
0.6764895156118017
-2.8111242223288513
-0.33346761118531665
0.6364889825796358
-2.454946625656907
0.034287046220888635
0.16998276019516803
-1.7917798865162098
0.6028665153320951
-0.6525925092332308
-1.5223126147640376
1.0460903719661185
-1.0080943557675193
-0.786388258654322
0.9273454728367961
-1.65148102887326
-1.5608627450505488
1.6465009434995974
-2.293954157340405
-1.4493808764603524
2.6075797126957707
-1.9568078154948996
-1.5317182006974226
2.1866191056399913
-2.068639792869089
-0.6498420783085269
2.2274678791748985
-2.132205515179367
0.2835565375080604
1.3373827668354852
-2.0158892522659206
0.3771706763450358
0.5696404290616678
-1.3531253300646506
-0.028411664475549762
1.3520614334210321
-1.823509395148691
-0.7626187928516376
1.6333944846650188
-2.744331505503214
-0.3050466320622838
1.0635876991396944
-2.9892610844536813
0.46605777799300774
0.5491038839417383
-2.519397013541971
-0.3456602910801555
0.14562080337680908
-2.330363128285916
-1.1590662879975544
0.17155871742307427
-1.4493996479911102
-0.8860170035244164
-0.026434864649031733
-0.1359994538191746
-0.919487640914287
-0.7694218618495667
-0.8462852941921938
-0.8887961330236318
-1.5767721125185927
-1.3388144627662102
-1.1400834152888266
-0.5185757870184257
-1.6834409729119146
-1.4138819161539449
-0.5224513791280668
-0.9352221942887691
-1.8561964133693531
-0.8268576079770853
-0.0628287545575889
-2.364498204897431
-1.3281356998191711
0.6734583632645091
-1.8750018766149141
-1.7005794702627566
1.4944624300390335
-1.5951756810928714
-1.0570878473708436
1.2527148764438965
-0.8748547828844593
-0.34250695213688187
1.8257592784026382
-0.49339453310379394
-1.0167013502204607
1.573281082774832
-0.026267704996297526
-1.5487537453423643
0.7875548598468693
0.6168763913444949
-1.6050024228743436
-0.2382857341646057
0.15656205665937814
-1.541997212339683
-0.37941713152889595
-0.8208831568517879
-1.5227720458773777
-0.6484093846033594
-1.652140591010176
-1.078473809737791
-1.4788085335299228
-2.2157978155095197
-1.6077522902181356
-0.7762760385576098
-2.799248710427984
-1.9226732293666973
0.11981368885570427
-2.295503157116356
-2.3754432439801527
-0.1976642127388173
-1.4345644281183154
-2.5375314273064373
-0.1966408007286046
-0.27144419621517607
-2.289924311635989
0.15350672548964045
0.6650775690814051
-1.8368390043495455
0.5966708123225672
1.488415626238382
-1.0480943698884635
0.010573332505558374
1.1906027686034764
-0.7046646339240052
-0.7892468705196491
0.735804863153645
-0.056460262559803784
-1.5114688342277025
0.8170280252404163
-0.07558091049460153
-0.5719195632636164
1.506541015318416
-0.14923527413396162
0.28116909398661016
1.1602148296045407
-0.3564803872668239
0.5571391265549991
0.4631432994392003
-1.2967177488121948
0.3794533884093058
-0.5226411003975417
-0.8391224565712747
0.05087986784254328
-1.0179247608899182
-0.6561480598387426
-0.09566877286501599
-0.21224432892217077
0.264389206432749
0.21397579665414357
-0.08449560899825242
-0.22384328144671237
0.6483790621706315
-0.49753014690918357
-0.13066737358934868
1.0100669870448191
-1.642526616058073
-0.8910357310391417
1.507618078884972
-2.203766508481673
-1.377565949278625
2.330325636824028
-2.0466179189569544
-0.7071522392413477
3.0172405125350865
-1.648055720744249
-0.731451735236809
2.847303266819856
-0.5295075947952248
-1.305084118981519
2.1427601154527203
-1.0362110318515376
-1.495051118462402
2.3108819399043234
-0.12568694868480593
-1.8528493131444095
1.5963720120125877
-0.7280686691246316
-1.8440533742555243
0.6247377271694504
-1.079688018220406
-2.8306404715674303
0.5412942968791564
-0.8715769139753936
-2.1733356812033553
0.6488922456123628
-0.1412086248664613
-1.9373366965189593
1.583446336762875
0.39762362314376387
-1.2024797826018794
1.9778395031311102
0.8166903543890824
-0.9328168823821232
1.2503551119123455
1.5043754866975778
-0.4647314632637811
2.2126224709631823
1.3877422602864387
0.10370337820194539
3.0206450944733794
0.9567842058410055
0.9329885007800225
2.602801976323935
0.4811382419127291
0.12410935550692967
2.9308114589288223
-0.05614266398156315
0.21260909565680133
2.732421762359433
-1.0035957258860762
0.994419569403177
2.176013225653418
-1.3449567018859168
1.5956683800755078
1.623698156671927
-1.888836954856302
1.78809544556705
0.6429982122279919
-1.719173411392119
1.8345866319726931
0.4355986227317149
-0.6828411584309546
0.7823008862447238
0.4412071884670511
-0.6346765818285378
1.3850552150518056
1.343108222757266
-0.9685587892363885
1.6273803331991374
2.1371566731480094
-0.5519854080456115
0.6103846487923333
2.1509212600358176
-0.3357763635709601
1.2192785314505834
1.7315781662899108
0.2478374186328318
1.1730811418163913
0.7729475589510257
0.041716176240365895
1.206444804958924
-0.14975491778567143
-0.26736808393419265
1.1903742046217691
-0.12632097025804956
-1.2194946798446622
0.688747069164962
0.7099639759426053
-1.739767347854751
0.36553144193535103
1.3594370816879746
-0.9021123817184524
0.2802532181053579
1.2017307793663337
0.11354530803286489
0.028073125854791298
2.0003848964888133
0.35676787797168963
0.05228533835767776
1.1982953592496646
0.9954224391900016
-0.1325710935914548
1.5526249069489744
2.1493057594104825
-0.19661701673293897
1.061649396157025
2.8810105498875287
0.18156173090399524
1.5573313859897795
3.7142075954273586
0.6941455449907192
1.6920846233709084
2.831103766094281
-0.26744489257088727
2.050622099871724
2.907043389536319
-0.9726945419605594
1.3736145883689115
2.501571149271799
-0.4466189122508352
0.5867505829983267
2.1373993113926337
0.4928072886210118
-0.058812921825359375
1.9463344695748672
1.3827292022094608
-0.412560812379844
1.604480050647988
2.2877688293067515
-0.41202122501190114
1.0884456638913051
2.469576127868695
0.41825388077534376
1.6282651190140165
1.9756976301099065
1.2701184355769175
1.4258369399863475
1.0389778824199027
1.2228380011035145
1.0798746504979668
1.200114083126907
1.6822789200638024
1.9272487399255087
0.4392914845223809
2.351833133549417
2.182421023338059
0.5965088289428969
1.9289135716933037
1.3337525871663374
0.42218160180486897
1.1041774139771277
1.7554800396840708
0.7496024227293934
0.6802387145901299
2.680799817479402
0.48012682811253127
-0.1704496046660047
2.878509882685529
0.3342675325008195
0.49701455987358384
3.588372256888366
-0.02464285727845198
-0.3357352800886109
3.8466102961405455
-0.2547927912685018
-0.9705623632342395
3.107354909155362
-0.5004497915883295
0.19323349473576829
3.132251502231653
-1.2589763989784832
-0.04409042804741688
2.1996725916465523
-1.9485352545028347
-0.38180088555017405
1.5073669182014529
-1.6687428197221346
-0.9092236769504294
0.7587742128277969
-0.9645990306024416
-0.9434627618524666
1.626711948087602
-0.356335810171462
-0.4276751232974961
2.146146165552149
0.45924106314993657
-0.8758977949761991
2.2023776981557517
0.7804197660358047
-1.3198722188834868
1.426434220056657
0.4856024591313273
-0.6725291370934074
0.432673632219004
-0.24400676681889386
-1.2148570582358937
-0.17737471215510178
-1.3602682212093684
-1.181500801086102
-0.19204425372953243
-0.8450479805099695
-1.7144718135267714
0.5151226287733177
-0.8982032099014874
-1.9301550891955432
-0.29560104184526864
-1.0587525083670968
-2.5876578404059454
0.2989807355397606
-1.403376706390917
-3.059176534428541
-0.510417695793976
-1.4546297167095952
-2.4852677529375082
-1.2634956970510622
-1.8187156276154441
-2.1451584879652152
-0.22029694711365
-1.777185784162237
-2.140098634596391
0.7573875235272962
-1.0471719578894625
-1.9150453456861922
1.5058419514889614
-0.20365232972706998
-1.4557553736049222
1.6968764145274857
0.012621678211696723
-1.8030708612087483
2.721401399955181
0.669574940891452
-2.168319555162571
1.9505260035729652
-0.40476127650297594
-2.5194230096368244
2.0074831604786976
-0.3878894415297993
-2.522356919331514
1.008234469365265
-0.28288149383247735
-2.0743179052663057
0.1747754488809976
-0.3893288755926961
-2.7723382383194815
-0.4426219966204509
0.055388704616170834
-3.084919798306455
0.4101526888389625
0.5546361384325371
-2.257323770316624
0.9798399513864102
