0.42378244376203417
-0.25125358817878946
-3.8665001004187776
0.347590836393016
0.7750505198638262
-3.8209377970224936
0.6830061976269721
1.2646735535121518
-2.998987835461413
0.7124121486739773
2.3137020351302025
-2.7612232548216125
0.9047237730988921
2.2080995709424993
-1.7940598470755356
1.8406072538211293
2.506157179725806
-1.4969317180372852
2.0974545858411195
2.2276635535552027
-0.543506346260272
2.9753461809590678
2.208967826776034
-0.11668187050459977
2.8775612714491388
1.2044573237132747
-0.11590887555545042
2.2313809640956848
0.42034635948375015
-0.125686967249851
1.852279420614163
1.270944160161118
0.5237974832849286
1.4780642680065896
0.9647879894442354
1.4618626805344086
2.617323162068474
1.362437098610204
1.5481320161224
2.0722194376470036
1.0476586174199338
2.5039685660438673
2.073287970555366
2.0147115753078846
2.1719329703262353
3.0366795651861307
2.180245835760307
1.9043059566450429
3.7853598233922785
1.8192555084792983
2.4785518574132483
3.9737757593712186
0.8438216154037931
2.6867005088164926
3.5575261857104703
1.104367258450852
1.81593756428919
3.1392098930788213
0.6449977183107757
2.4415954516263874
2.8210688087257614
1.6358337654009998
2.6977035975975476
2.60495296091364
2.6324520078848233
2.671267696958783
1.8225531590268245
2.971832710557635
2.0904349397981576
1.408821375000558
2.967828780946879
1.139534407119594
2.387201178176155
2.637307672579917
1.3175042158473886
1.6860501654273998
1.8743573677627878
1.1927706389034416
2.5490760172974514
1.880398680141862
0.7374619890256475
2.289705218600063
2.7443682822235624
0.29349372744125235
1.2846780565831413
3.265341296948298
0.16980034118937537
0.7104023412928613
3.635445163424499
-0.5915091142587748
-0.051766182064225744
3.4868249443219295
-1.2120536772154737
-0.015490351742156246
2.7908285013176695
-1.9497456078489368
0.17235230752777228
2.6226957034730995
-1.1362809898579251
0.11628755600805772
1.679204958270816
-1.6395297775192261
0.3927323229676308
0.795595788958758
-1.2807280999228507
0.2970387842772769
0.8027898312777706
-0.4436432715545095
0.40482851691478067
0.48947520893431934
0.6875785551707695
-0.1458062057520465
1.1924894093380523
0.3055023515427281
-0.2941770998537529
1.9984764423907557
-0.3122167528496772
-0.6295378898873578
2.881814780856276
-0.6257457414035833
-0.8784599629401728
3.0779256649035687
-1.585263092696069
-1.6724087153429879
2.614506749678293
-1.8798493574553028
-2.2144960555174578
1.9989741102301901
-1.2870215655467974
-3.1887888347779962
1.9745331538606972
-1.6075924848888574
-3.491012584743572
1.0947859941730027
-2.0192175532781715
-2.975275696951654
0.21620042818148272
-2.20176420549102
-2.6354956479561156
1.2487361782315602
-1.6168059293168595
-2.931831789682284
1.4866146884209193
-0.7943059372036141
-2.7029430925765947
1.1260548204068939
0.11853028719006803
-3.665980087204964
0.9354862361724332
-0.2609574726876283
-3.394821665725558
0.560546293976977
0.6266024594086536
-2.540916970287657
0.9376461048690701
1.1086693520970825
-1.9468598853968186
0.5688111600638015
1.7751334363769904
-1.7153755361517338
1.0004451299471773
2.6729791416218163
-0.7502571159931606
1.1607638525089985
2.8891172659447006
0.25171280326655915
1.1307660403044146
2.769278096389866
0.19747420798820908
0.5667045042640845
2.0346085454980756
0.08733080245262932
-0.23456454747812044
1.17143976320401
-0.3131573809252729
0.49913039572649054
1.3137491148527891
-0.4253765532411769
-0.32074479359883434
1.9524973862169483
-1.400770200786945
-0.3913279515348218
1.7544498412401102
-1.60283296116732
-1.336507977528003
1.7869738295168798
-1.0249841709081005
-2.093912513667806
1.4175795498715058
-0.655673977175638
-2.455438968320885
0.6294012010187068
-0.3601706242154726
-2.565783625415041
-0.2981211756661872
0.11981100913930912
-1.8546774479788357
-0.9288371244272852
0.4699401222727855
-1.2667017883066691
-1.5488264389916602
0.5592978564683454
-0.257324228396345
-1.3384349012819559
-0.43445506227954095
-0.8044549731559697
-1.5228248080847737
-0.417767933376211
-1.756281012726794
-1.8152889978363
-0.9821447340227092
-2.138117537778902
-1.1214384477996084
-1.6679162703333499
-2.3424955390287763
-0.534711974010578
-2.186102336469259
-2.615798661891483
0.3301959031313601
-2.176667045968937
-1.5923045604718666
1.157695656414199
-2.139175115129572
-0.7736472730948005
1.3946010793771313
-2.723219901826844
0.013274746480933656
0.9828064597677102
-3.498420012644562
-0.3613783216479158
0.37192093783795294
-3.6836621601624246
-0.5189621569488403
-0.6488239544117546
-3.6308419618966052
-0.1998798449849072
-1.6679860106282975
-3.8033856287958865
0.342592927994354
-2.564548149469219
-3.058605802177596
0.9222744129043993
-3.047880210808677
-2.2307493859860923
1.5518558162823233
-3.2176176590969328
-1.9047532134485174
1.633967894685017
-2.168291618122892
-1.668770725499031
1.1699118788935037
-1.3018071361003176
-1.24213446904562
0.5391932242275322
-0.3702287401442653
-2.074591580804924
1.524892814069174
-0.353378949759972
-1.4959208647789155
2.420472136775464
-0.5879353695405226
-0.8228234830926895
2.1687627338116715
-1.2591140145729685
-0.9367883522663488
1.4082293673438544
-1.9559314042379905
-1.050490582163428
0.6092549580192761
-2.596492552467239
-1.5328679782367742
-0.1788872295413896
-3.050164129400777
-1.6738351419647868
0.7293747927957233
-3.3818979446573665
-2.4671347690710297
0.16242604095853921
-3.1938686481907417
-2.202850937228976
-0.8493540000101092
-3.3923589804122845
-1.2300402445257868
-1.0700917223326751
-3.3595401445563846
-1.7229680535215337
-1.396409064366851
-2.526085459877465
-0.810407130236491
-1.125258120266351
-2.436436037507777
-1.4049897980539232
-0.2535931113773352
-2.0896091892569992
-1.2481752207875136
0.17435461927213336
-1.2443640851376452
-0.3479498470233016
0.00515946411712414
-0.869453665068369
-1.0972535443622555
-0.7105389596156373
-0.9015421280874903
-1.8228011023427741
-0.11989551291827708
-0.49939719943635746
-1.9935060041944965
0.5777603977954615
-0.01714364756378673
-1.852207866602026
1.3907129931123283
0.5355071345362419
-1.0093174252935726
1.5435053755961297
-0.22730798969100854
-0.5584679330560772
1.157788264627141
-0.9433202984226973
-0.504055622342848
0.5607873297311252
-1.7570629352658549
-0.29548453952722875
-0.16176783442219364
-2.319991584565556
-0.20164744635422516
0.3320168729631777
-3.082712293214734
0.8271201636276945
0.412175306838423
-3.0880435901434433
0.6219557358982756
-0.33441255387693514
-2.184195159910694
1.2000977622730116
-1.2248729530914593
-2.2548894128634194
1.6156583228932047
-0.32530806915547045
-2.106201054220244
1.1803689640785917
-0.6597580145229951
-3.078351550536638
0.059961443564127984
-0.7333833018681492
-3.04648382024134
-0.5634790312479356
-0.39562634887176956
-3.7490538338707404
-0.6611712601950996
0.6357007827879466
-3.9730337100330964
-0.4513627198046336
1.5898742842447586
-3.6095924341820322
-0.29451440207539115
2.2185055099993614
-2.8175838031991987
-1.1437985119367524
1.7108661680940047
-2.8998580718774547
-0.2931116094181613
1.2355576464783495
-2.7079191098655264
0.34481052787229266
0.5342713399016525
-2.4081328305155747
1.027241214318183
0.38803050918195464
-1.7894610104859991
1.1390123434007497
0.7770468293368504
-0.7634013514445345
0.7014058430613638
1.672520647700249
-0.679352091496784
0.3355423495272004
2.630426602802582
-0.121939335027611
-0.4625665577730441
2.6816036424299705
0.33567091434872354
-0.8304532866082128
1.7756676937256604
0.7578460549273403
-0.9725590694816931
0.9224492812310909
0.5456614917153195
-0.3749736611627313
0.22145431732855328
0.1174650383361462
-0.484638030913974
-0.720142664925756
-0.2713546227277398
0.5357145727528567
-0.04660291679027352
-0.32801181728684875
0.5579806158413784
-0.9393799298694179
-0.6926674276099312
1.0602458751562258
-1.6445892408675395
-0.8602119252222988
1.9525555007303586
-1.2662482269534565
-0.3350335111543702
2.554846576806645
-1.994308695820257
0.2864855442280513
2.762119447527311
-1.1027045686392742
0.03822244046785131
2.8677135808198275
-0.20870416550400295
0.6575894357552496
3.2427258857030985
0.3157259218660428
0.08323836415314181
2.8229235582664174
0.5496727717240408
-0.8235398702176047
2.21667758532061
1.1363299849234336
-0.7998224191356459
1.4070540636926754
1.680934064585998
-1.274397599331497
1.3036588844579844
1.485923471976953
-0.1252143915299661
0.4577662928217939
1.9280454136075311
0.23254322493774557
0.010473975780433764
1.5697117443156552
1.185098037460591
0.7378578577661862
2.20269640079179
1.1252552629263333
1.2780123588142118
2.2477069985758713
0.3105326396207285
1.2513004136679762
2.629634163858059
-0.713221321421948
0.8417231012579248
3.2435761841962676
-1.451563528682305
0.6793613606865515
3.289136093102427
-2.5065002212100906
-0.3085529597619215
3.2366464085518363
-2.7988100296681155
-1.1868686381077547
2.6959796855689793
-2.7413701138957176
-2.1812225678862815
2.457771947496874
-2.7084926558970457
-2.8216667073792276
1.6704707890465924
-2.4559090543941924
-2.1733733155387656
0.9234320567848094
-2.641048344490169
-2.022897760947445
0.3324101404653794
-1.62674080805728
-2.31269144498192
0.7089443873240573
-0.7604518838769092
-3.3296626637756193
0.6302911879024393
-1.1942799280815737
-3.0160490547822727
0.3062499629094986
-0.14279848082293112
-2.743721232772674
-0.12365600747682043
-1.3176592219599135
-2.0168293934205477
-0.6299051280602144
-1.437637613939905
-2.9092336637251113
-0.956760119195568
-1.751577021598519
-2.2671866085694163
-0.5252773626027326
-2.364553162004451
-2.7143207003792686
-1.3741170310377295
-2.6695732512805344
-2.3681119728882973
-1.8033213555714682
-1.9162148386966449
-1.2352751577382353
-1.3776311784208972
-1.6406888007301192
-2.130735359228773
-1.5470323244856994
-0.7996803014719349
-2.599659813348792
-0.8746021622779433
-0.43603891685984253
-2.1998583471749855
-0.6271721680982221
0.38456436514442366
-2.943842556294402
-1.1053959798149915
0.7894996912088043
-3.4600074972486223
-0.46481251988120525
1.432459060086171
-2.6629751993772888
-0.17705692195839445
2.018962360487801
-1.821275612731554
0.015095297447832057
2.670603299999995
-1.0222148931435822
0.5275968715192106
2.159112606149255
-0.28725411419069435
0.3323986816700727
2.8847533320197893
0.5761062946765414
0.3340416565351757
3.3293215092723942
1.5588557292213778
0.592011789068105
3.3331821096376464
2.4686957720138554
0.2293331945160472
3.090979302770691
3.483900896328759
-0.0027460684207419378
2.938333926673397
3.813182135694717
0.17694015880812605
2.0048694331676957
3.6952899019376884
0.4930379375814928
0.989595183799866
3.398225544027394
1.4240187281083265
0.905880552629168
2.8138634278313157
0.7331845781477814
0.9335141202114827
1.791582116055694
0.1691049200887679
0.9711407431920528
1.2627522326407936
0.5777766408243009
0.2291621222015945
1.107366599576097
1.219605055004603
0.8872416810255829
0.7129840342563362
1.3409531013099454
1.8798500270261826
-0.3418568344327354
1.352533357903998
2.03631092997326
-1.27394346277046
1.0703749495803059
1.3855355671268124
-1.652528907571421
0.07399874806786803
1.045834566377798
-0.6049851523592552
-0.24546915893405394
1.1643092099659809
0.20317772722964741
-0.6301306985747185
0.49739271247944467
1.244657408260059
-1.201504864325003
0.19204785953140432
1.398131496040024
-1.8850191060649815
0.035857570257683255
2.130777868243922
-2.0295539530307396
-0.9048096520722467
2.6538209914336135
-1.2106043906158876
-0.9822390090924153
1.861620284398132
-1.4761944546631738
-1.5176928275267707
1.412018387335507
-0.7288696817974534
-1.0365711627174141
2.201420778777248
-0.3899955323731715
-0.5318557155074654
1.5664508129250925
-0.3441516564138006
-0.4597034940762933
1.9227914980343201
0.057805463182499746
-1.1932699777020888
2.015192793469754
1.0856781607060384
-1.7415238615545292
0.8905849446556461
1.3666352543888618
-2.0645113661839507
1.569756183427179
0.8323139013196765
-2.7463002814460196
2.3770875027713187
0.25680869538129314
-2.2737240744862515
2.728657302565011
-0.2999312047394401
-1.5294130035430287
3.4228806538214678
-0.40659143398514186
-0.6720050734687354
3.628940365310981
-0.6207947087969578
0.2821286208699462
3.349070686471349
-0.842354216357482
1.2678840525288826
2.980382478962892
-0.32630418293689817
2.1386383644397196
2.32368422397411
-0.6924133420346694
2.7582251594994696
1.4620486199411662
-1.2341412405915009
2.3580775946452897
2.106376674345713
-1.7273898028315449
1.8879274118339437
2.4875895500658145
-1.4791280041070711
0.9779590990149082
1.8607668928313483
-0.7543629366131409
0.447164463036407
1.1008441786305396
-0.4236135742456182
0.7129132676515796
1.5930702189955246
-1.0739260409674543
1.189157769536595
2.269011761742294
-0.47916160868593816
1.4931224134393148
2.441573457174857
0.2563214779256401
1.6255990802776412
1.6742232182714025
-0.25064916703602014
2.0805089989574705
1.1115151628347164
0.22323846185098967
1.4948214349402102
0.9122318108269567
-0.8685126769986931
1.774029297118884
1.0215366127833312
-1.855717238612268
1.7673821999621406
-0.01666839279299742
-2.0402805773640904
1.49871557218923
-0.728028765908526
-1.16861861980523
1.6767098378084868
-1.390975518572847
-1.1535097342945129
0.9063180369591266
-1.2311749062187418
-0.2937011949709809
0.11471736781207167
-1.6138351331815544
-1.2025943034305302
-0.14844788510615126
-2.503387102366992
-1.4685113854371443
0.044154348754108536
-1.3136998613913202
-1.8716500778363478
0.39021197408547126
-0.7676902534453762
-1.5639823296804718
-0.146841276782854
-0.5639105478186283
-1.4433654886242453
0.5973451197962774
0.3727233829497396
-1.1803056172906368
1.1172856918833967
0.16198213749288315
-1.6712270141024312
0.15277299313672396
0.6594211022217052
-2.4567091038925626
-0.04958520185976998
0.8128665775006757
-3.4096042123110917
0.3230962283938051
0.2283164406462595
-3.662566357806503
1.1582597245914645
1.153282959713719
-3.1634925939182117
1.2540319831228555
1.6392551711673533
-2.6320535968458305
1.942791209917565
1.8171657033932187
-2.188261214250979
0.9772322734991765
0.8687472970478931
-1.8645184537447368
0.6928659730746841
0.32738379005938784
-2.6155153684777344
0.8653082423591385
-0.20755116907248725
-3.363997533501856
0.29055935043198317
-0.7106850284018185
-3.4472093797189647
-0.5476785552285622
-1.3345981147996484
-2.9972476002098243
-1.2183083667353327
-1.488833353882663
-2.3049645850077676
-1.9626638397561769
-2.22879858840063
-2.6316493350593695
-1.2937582948202044
-2.039140976990608
-3.2638432183910853
-0.554908169701295
-1.3272294773983218
-3.063139135283475
0.12590929952635155
-1.4674669522244101
-2.81151656123652
1.1302542072122228
-1.3772890116808074
-3.0686900844788014
2.0631460723574415
-0.4058642383256141
-3.367548689435907
2.3835745300031435
-0.5568479257761741
-2.9963399974438625
1.4677368836278084
-1.2536370068303697
-3.6959156155186292
1.3869035060262125
-2.1381039147786227
-3.280289149453403
1.5980544030083783
-1.9723410534373886
-2.3230930295021497
1.800352753857384
-1.4013034549736785
-2.0546826219854637
2.6745905925345985
-0.6746979140738996
-2.5838101498271904
3.1924483030126933
-0.47557063274206524
-2.2949960475712294
2.2143112031647822
-0.4533550761994888
-1.7228294101983859
2.8649442307296806
0.594206251448294
-1.2603401555196279
2.971073718771838
0.5104716314621737
-0.6258486318061633
3.654800097995299
-0.2638800142751594
-0.04370400278089819
3.774848728215728
-0.24973823939722223
-0.6987740485760519
3.025253347585973
0.12119839030340962
-1.1885737874805773
2.13943752693564
0.5452232535637873
-0.3440796791868281
2.5623324138247443
1.1829975715200687
0.5366858466529923
2.4283237018528703
1.3281178807613603
-0.3032279427656299
3.0885324474212816
1.6550853839285797
-1.3031796100526758
3.441054241343076
1.4288330108849485
-2.0861538556687247
2.789464230425236
0.990109958525744
-2.96407814881026
2.6252725854161887
0.3884448743822974
-2.9213001656765387
1.904440975988425
0.396385432865832
-2.180612569786936
2.3634953706835584
0.21708139364664453
-2.1928298505565786
3.438066764979259
-0.18304289195833778
-1.335542876686924
3.7977640431995012
