-0.25455114350641106
-1.1720525604138465
-1.1749789111037026
0.43500710486757216
-0.45061147417898745
-1.4639825591873037
1.2549003725487715
-0.4673128976757072
-0.9555290158772647
1.094924388582823
0.24437753720604427
-1.546005671939958
0.6526724401267655
0.18061798988329875
-0.7587214278121259
0.8669415552807331
-0.1394665527411415
0.11171766425541838
1.5560603886380384
0.6100228315077354
0.330869786804077
1.453957050121325
0.533589674976457
-0.6911527043767537
0.6635303262563933
1.0953981545886586
-0.3482800640427769
-0.3134267590926263
0.41995257126177643
-0.7516186067984292
-0.8461457529074974
0.8463912721194405
-1.2952699555298912
-0.03523568362167773
1.3819595410289172
-1.0699397179243353
0.8893815586531477
1.189277636887908
-1.3488869450774588
0.15702682809257312
0.5051183303994425
-1.5480604777357498
-0.5923342919052387
-0.09918374168713859
-1.3438809230315842
-1.185532105866283
-0.8967069471465089
-1.1405342830240413
-0.8701112536978943
-1.4194362357320915
-0.412426085871569
-1.5218448626377068
-0.7132447443913102
-0.24089704132129872
-1.199970596749361
0.20195922797764707
-0.6453156851955691
-1.0517704150950395
0.42181109820556834
0.3745121682702043
-1.1273957875925182
0.1412070974810784
1.3097000152977436
-0.7544870974874038
-0.44814965864777084
0.5620276726416159
-0.6110063600712674
-0.49963495975931094
-0.4338978920539399
-0.031226034701834993
-0.15002487617786658
0.22795963137888875
0.450613265851558
-0.7208005822573447
-0.48060578224031897
0.1650915868950491
-1.7683097663821157
-0.505653378354773
-0.4975578607197253
-2.126787206773812
0.3518689770290819
-0.5838723917176384
-1.4181948591602846
1.0847751516992685
-0.031861791171832035
-1.0631669548462788
0.34231281814914893
0.3964585009418371
-0.5420720657850143
0.8383394205000269
-0.2421658051753161
0.1881914581368455
0.9962187024635436
-0.9349301058179441
1.063176756455026
1.02834711811281
-0.841612181515892
1.799278759305238
0.3793482501190234
-1.0007949072353486
1.124861371601654
-0.3603819517562043
-0.29864558363553706
0.9865984308008772
0.13557712136762406
0.003896704699267334
1.3896650635931522
1.1865925776171802
-0.4427810845821899
0.6481196343676076
1.8361456463418049
-0.1472153206298003
-0.0944864737870981
2.388433129112672
-0.3646859420202238
-0.4885025602641493
1.5096165879166796
0.40276582040095954
0.1712289103400395
1.615470427283172
0.5287199266740509
0.48827129190061525
0.5078243379703749
1.2602639041302168
0.0428870417965744
1.0195845130063559
1.6125331848035551
-0.7774366327742683
0.5775922081202828
1.9364162115895458
-0.2183799312395578
-0.19881484520196654
