-1.094738723930977
-0.38396954636981595
-1.2675424179074635
-0.6072791893316772
-1.1014941308567978
-0.7559541217863996
-1.3382281053158036
-0.6064698308549583
-0.32273975321028747
-1.207507513395779
0.05439712423695877
0.3826374026623304
-0.690660298135633
0.9268892817691947
0.21610662327829214
-0.877474019853704
0.2635794309500024
-0.5244109705518215
-0.23618117264829475
0.7388551503259925
-1.1161456302646433
-0.13759786770261687
-0.24224850860429425
-0.960716179227766
0.35052827912857193
-1.1227713306029063
-0.9856334486911482
0.21903313426341786
-1.2552087404353698
0.00588193961144766
0.5915740808058002
-0.41959006052038395
-0.35088405457980765
-0.37955916508735
-0.45582335244136224
-0.015537407396794281
0.4286436355614664
-0.48758101010720295
0.6472581571426897
0.447966074420012
0.24927214949313659
1.3399895476284638
0.2660607559484741
0.9582112372649014
0.627525923976143
-0.2879322755251569
0.1675825513612883
0.7383972985439149
0.053989945594223425
0.41215184271027566
-0.20978668132969033
0.9341422030300519
0.3204662518730725
0.2680090487855105
1.0895254727211576
1.293229036876409
0.17329428955133186
1.1765154401728921
0.849632051366701
1.0597822680424083
1.2991793092809087
-0.15910959743482386
1.0504681657232582
