0.7088868003043161
-0.6019834978305171
-1.1408814281300077
1.2806393527317894
-0.040746831915166946
-0.5644290731758913
0.4442657776911714
0.31441708039505745
-0.9178231542088309
-0.07673931603652015
0.4958411794448174
-0.0557241803450582
-1.0057380081298035
0.4651852907210915
-0.2130368577514813
-0.567709595945374
1.2652953838873078
0.20458368376032549
-0.653001978233815
0.4338838399394093
0.7093209790299864
0.20292408301615758
0.9169096742237677
0.7491012284502205
0.8929035824891147
0.3796191161626883
0.24981503877078487
0.17796682503440578
-0.06284153346442517
0.784837908193589
-0.6547945713323641
-0.4751673956693496
1.128835812841236
-0.6232840795788568
-0.34997960984527937
0.1541430226086888
-0.46564130321422714
-0.13695844624751904
-0.8121261756854186
-0.23129023379241476
-1.085839702501531
-0.5150974570742806
0.10370955272458786
-1.1009936450419542
0.46995683841552593
0.46690311227183
-0.4166409022584051
-0.23147618569939174
