-1.2639731299297574
0.2169793773717736
-0.6908758128636364
-1.2804912103398083
-0.16952595451246347
0.2011000430819553
-0.6036798291973138
-0.7086368864085588
0.5759833484883174
-0.13194739817291395
-1.2367542825986282
-0.0795268721980261
-1.107075649283951
-1.097834693282705
-0.14617368799311947
-1.0993923774282626
-0.6931629093499033
-1.0431023300517324
-0.5133062150246579
-0.3884712314105882
-0.372955157458067
-0.5075585000216427
0.047104579337296705
-1.3101129448054574
0.4122724394912388
0.30800405776077244
-1.027163258062822
0.4196656646666511
-0.7109245448349713
-0.7787670837312589
0.8369639368217051
-0.9082990880503605
0.09445894874800287
0.8464206018269262
-0.24637058682991092
0.8316758948359488
0.25603505719207753
-1.095605958226798
0.8906092099597303
-0.09309401094232046
-0.2181726978528582
1.275382331398891
-0.410221523609886
0.2516841553013044
0.4559081826013465
-1.1434881548007183
0.8256667138993494
0.12111486558173774
-0.38788492018025833
0.68997093839627
-0.4869990241492044
-0.24498888374397357
1.2008178582212663
0.3338451966615544
0.33903072314021365
0.6286018843040737
0.963310990992151
0.6894061427533444
1.4980405308095557
0.5814082739896801
0.5244707954564839
0.9829093190817226
-0.28390644622646766
0.5571328821231488
0.03935604640179734
-0.016398534735028933
1.1469299489799154
0.5927437443299656
0.39859911297911904
1.48618834130272
-0.23010116703987535
0.0982150627874166
1.2725852689211081
0.4219807951824454
-0.5856303098310153
