-2.042751468604053
-0.16476682740607795
1.3511854279091424
-1.0386764712593384
-0.2938777015442935
1.7254695092106878
-0.07559306948257885
-0.4828916903075496
1.836355627525351
0.3863935857482394
-0.051461309538530675
0.9619011344921657
-0.4088693151293621
0.3902502107548857
1.4497526845294242
-0.8496995707293777
0.5318393924974292
2.2626103675999105
-1.7957459781800011
0.24449050805661898
2.230092007839532
-1.344509867928978
0.6247059678892414
1.402154512001439
-1.5595587390413874
0.8729580835896873
0.45944845836659937
-0.8145737925973088
1.3991481304759597
0.004439285238396288
-0.31737103721010984
0.5714664242889815
-0.47737150940961187
-0.23569189400258106
1.3118777664413959
-1.2721089092328286
0.5665779883242094
1.480568487687317
-0.7512760276956486
0.3436667109359748
2.0266098928907406
0.10049247998017562
-0.11903013444592048
1.4572070558556056
0.9193581543241742
0.5470058525075098
0.8127016912250536
1.4303952863602731
0.8648014501261337
1.5133322976262609
0.8141499210225979
0.32675925929686706
0.9613961717404799
0.02497791276846645
0.9812129511593727
0.548287646822816
0.6097317468501363
1.6137655739455707
0.8435475360808387
1.3901929395474233
1.1119380176205527
-0.025400895089819343
1.4511837054290515
0.6534194375196326
-0.9255685382918823
1.2556468050032685
1.6744085458310765
-0.8645147568474878
1.2362576383496937
1.8984741747247305
0.07751231009431413
0.7869665511522737
1.9260019282841196
0.8800830288181672
0.16032857633999797
1.29901273963765
1.6386734084620358
-0.09122892408118496
1.1190413246961837
0.7612838584665136
-0.3916631916664163
0.40529728943784804
0.062079865637075404
0.08955019327872651
1.0948851181491304
-0.1501067602834581
-0.8346133562552823
0.4791914090271708
0.667581458055599
-1.2624745595046383
-0.38918554113359205
0.14460963226583204
-1.584198978703479
-0.03173926387487664
-0.33123440155353645
-0.8964632721042011
0.5431791036234475
-0.37390456792342336
-1.742825192138647
-0.16765997409171862
-0.5137537468789607
-2.3422464102520575
0.4755099663819115
-1.2730191866412475
-2.032103132022599
1.1333023686518644
-1.026713302679364
-1.2890451258433582
1.5679711877104983
-0.879648513372682
-0.3816321026180858
1.0098941193474988
-0.5214281614077577
0.468398900971538
0.9896281306119205
-1.4694989464823849
0.26266232984860793
0.6147972597435144
-1.0096665494232822
-0.4660596409967916
0.19445050964192814
-1.8783658518097013
-0.07784965498179561
-0.8476680927433132
-1.3965430722724745
0.3230371237189235
-0.577082318486805
-0.16343025682630152
-0.1177562514622052
-0.526827376162081
-0.609893342809249
0.9620860180395295
0.29506874668293614
-0.9180571131547908
0.4341654862160915
-0.22396033421695627
-1.1805815242482134
-0.6478247991463614
-0.5925972734586624
-1.9256645984273004
-1.0725992888558495
0.34621309623643765
-1.7282952279822628
-1.0743561417219485
-0.3414283607884996
-1.0368265793892497
-1.432576939518442
-1.0845600682043728
-0.48245155132065726
-1.8771158762851765
-0.8650850127851267
-0.48029989891405644
-0.9187837583874202
-1.4174882680704541
-0.6947854482671502
-0.10479342499335438
-1.2234575279035889
-0.10530170282422373
0.5863698813274085
-0.691268911567342
0.5265078345833458
0.41606266626899713
-1.2795420390996495
0.25910758336850936
-0.18670094274872284
-1.4597555994866198
0.2728108735970071
-1.3519628663691745
-0.9669404398457626
0.9336349559441923
-1.8487890635438844
-1.1735501050735893
1.143679950701452
-0.8790039909707201
