1.0689136036186297
-0.4915449111804445
0.6107351904461925
0.23853108605406967
-0.5789228824824283
0.2145594141089035
-0.15717392610972447
-1.2781260359707831
-0.3598987049759019
-1.1813385508986907
-1.0837022402742724
-0.5298497390657115
-0.5563202496899605
-0.21445715319175981
-0.3576178287495179
-0.005148815896825589
0.35759942569249653
-0.9481209236442959
0.2255108383502649
-0.5708524679124016
-1.0173091435739505
0.9334722903266451
0.12888825053758077
-1.243270847525559
0.851626729951412
-0.25010189261946575
-0.34347675811692874
0.009847843675743572
0.27472343906675184
0.01902968402567908
-0.18577385669987354
1.1810504836262916
-0.42154840527071835
0.49078121506615296
1.3512074999226416
0.296100401327814
0.7795592312289872
0.8938176679271362
-0.6106239713131352
1.641691148060098
0.4051850718734703
-0.5286335303541578
1.078977107595307
0.4531323668772533
0.33973347988018676
0.32195609967412947
0.09982604765994224
0.9312395220316848
-0.6262117911455518
0.147089940849103
0.6261916698107617
-1.2350050919788649
-0.5793507293721287
1.1949026129366314
-0.15635272241202983
-0.7518448817998072
1.1769599683499699
-0.782403914531446
-0.909606196163774
0.3298591760084536
-1.410669549814899
-0.20808140682658557
0.12475430672593275
-0.9082970936958784
0.5828104743291459
-0.09271584129582358
-0.4361716307276665
1.041260129432014
0.5890002682335318
