0.5728694006948113
-0.6485632298474209
-1.3530493745385033
0.24757809523815655
-1.1738430101556594
-0.5737878453300821
0.645877282293496
-0.2902916533655932
-0.5025977359419617
-0.4020507180461628
-0.6060857940505067
-0.04266785244765029
-0.23015776265230511
-0.4733200328202098
-0.9719269865147022
0.3506700991357958
0.3027225720580869
-1.1645584008876255
0.6837854984259591
0.6726317452205028
-0.30009588059459147
0.8392737387115363
0.8403203651092594
0.6611648559324481
1.2590609973372286
0.03691856099331096
0.2698851854781415
0.5919307530064568
-0.7819299412590007
0.5772542634018786
0.7965534800040054
-0.019467958998037906
1.1314941143565576
-0.15007410131076895
-0.1859146590558302
1.2427091839058844
-0.3109620541589123
-1.0796493121451338
0.8280836274001134
-0.9812002239898894
-0.35566201572966893
0.7236022040376305
-0.9439015586706401
0.39676664301607073
1.4045603561864666
-0.053143538664942515
0.7983829259993224
1.124196780083532
0.014531112032199983
1.1367680590934575
0.22163330569034462
0.1328123542845561
0.3016068729142631
0.4413456668010209
-0.7393729355721487
0.5579790716340637
0.44308570145076565
-0.2956117104575248
0.4466742899993245
-0.4346465635169695
-1.143644540399947
-0.10528100225401216
-0.4816469906519662
-0.7603116431000405
0.4004904200362519
-1.3365250586342858
-0.12451202414090733
-0.171252916392818
-1.90751255566644
