-0.5966632156922241
-0.9175402887047701
-1.6627468262250522
-1.1345945563053146
-1.4322120122775195
-1.0178759111776823
-0.5723328465559184
-1.9478960093549607
-1.6826425410325223
-0.727019211239627
-2.500204157301471
-0.7392990001329631
-0.18423226682948143
-3.1996339947177654
-0.3171887832950921
-0.8897595299772749
-3.3783357349504333
-0.9462920290316567
-1.530463635486778
-2.789584996867657
-0.3234172655177095
-1.9076197214278954
-1.843804146022419
-0.5056605426399186
-1.5400867476026523
-1.0282569404660695
-0.012675841668163587
-1.9317296646064595
-0.9688331954996711
-0.8919732080806212
-2.3389891972763146
-0.39753915831822384
-0.16395053880500876
-2.4953500702843896
0.40025912817959436
0.5163701318817902
-2.078331617443479
0.6568952096741183
-0.3908329233028076
-2.178631107789143
0.02910969186092284
-1.1194098599045768
-1.33369529521237
0.49599667802396313
-0.9538457836894308
-0.983537190608922
-0.5784249526377382
-0.9020162679621057
-0.25823577672096526
-1.1480065204515915
-0.800034310263298
-0.6423452713406324
-1.7379593204760275
-0.17109880771696448
-0.15494385334677677
-1.9660839869231022
0.6107473815896433
0.9405266406767923
-2.262803108047603
1.005707265998421
0.5581516542520407
-1.2836598130373351
1.1680774056659673
0.22557968057882438
-1.327355457409656
0.06665259994915362
0.44892843683111827
-0.5276447334686053
-0.4420266016692693
0.21892269759031296
-0.11677650652266579
0.247370510167349
-0.47632587744494764
-0.5940708364814086
0.08928365176818219
-1.403215312422344
-0.033085232136291984
-0.009544801600840596
-0.4158284430999178
0.06246818492611141
-0.5389152381418053
-0.7344272049524041
0.3855850802135708
0.3180554535877277
-0.5491726019370654
1.0157596650724703
-0.3251704475968653
-0.8368075053754058
1.1214577599155025
-1.6579138146450185
-0.8184544910871713
0.07348785814954881
-1.8133693179526147
0.05926486791289986
0.38415597069782903
-2.14002803942447
0.7129761445667279
1.0864613424972327
-1.9620755264787066
0.9428357717034473
1.149921576785775
-0.9584617600907389
0.02817163201401754
1.6872815966294301
-1.4699583556110318
-0.7072620702164888
1.901655564160849
-0.8905134952794047
-1.1772318088115634
1.9397057941678029
-1.7575290513119013
-1.753708067747404
1.0819150313958155
-1.6200267871002385
-2.575166436784221
1.2528826298969247
-0.9579822901894046
-2.6533518793501103
1.3099707251237025
0.06218060905830488
-2.131583078724097
1.3312547833278006
0.9239007013027689
-1.357943655211963
0.9902689933218832
1.674447548038875
-0.7451660158991843
1.725686456932731
1.8553852471838115
0.09942327012243153
1.7252733770209516
1.5304057138469591
1.1899121109221116
1.889914559634712
1.8659589429166878
0.9924187617664876
1.9314311456323936
0.8483764726210546
1.6353275990560279
1.1917489139356297
0.8757668392435938
0.9253323055941202
0.9031136649250162
1.4191178244493523
0.08120776046991131
0.8030316707630728
1.9403664321274356
0.09904344841828955
-0.2027497940905779
1.9761970028643558
-0.8294892937142971
0.16557347324403865
1.5990389356128105
-1.5057540626823807
0.289144594285784
0.8895457452215011
-1.3003697938359515
1.1009006036634248
0.04366894982883997
-0.5788600932861117
1.5202853947778086
0.3027276860071345
0.12861760083867757
1.6649633895258091
-0.5414227970095236
0.8022023006596851
2.298919782140273
-1.021890865313879
1.528990147647466
1.7080342086834472
-1.673031112950513
1.6759943978576903
0.7440210117901916
-1.3957395239042152
1.8478981480503567
-0.2356459354968406
-1.048990456017721
1.428508877188223
-0.02206187652944496
-0.11839150380154077
0.9637150335806114
0.36122726625922946
0.7755102465203099
0.8812817183949881
-0.32265857430239386
1.3346344523818041
0.20777926115548118
0.47619326191157485
1.004869757908933
-0.5009747859610004
1.090589678537642
1.1754563475963906
-1.194968075055333
1.7466659348709912
0.9610648179788999
-1.34088507320515
2.0559663367784524
0.06426383771277074
-0.5024725974160672
2.4622349528726497
-0.10202335763869798
-0.8822652059112922
2.6413325014252815
0.7318781884439183
-1.2690974710919545
3.0425737418920433
-0.06492428767923472
-1.6064562144827086
2.5339106956269855
-0.8218570940305647
-1.6542561616076985
1.3891594822258249
-0.7414269098460922
-2.1780210702189886
1.994257103807047
-1.4497768469996761
-1.9757362837626176
2.1216942049282634
-2.429531095538229
-1.7305045018579437
2.8772425438842557
-1.7564839102650198
-0.7874730688895998
2.823196203064421
-1.329621878164851
0.08972762562324423
2.9113555516423224
-0.8006960897335373
0.6391452141183168
2.4811815797432097
0.026885185636110774
0.08694605765347341
2.3080728489873703
0.7750164263524915
0.40559097691946444
1.1798723797165214
0.5765535514756684
0.40743410612673125
0.9175797573129234
-0.31739200883993385
0.18468245202770414
0.7276661524389978
-1.2743679500111442
0.10711499000859918
-0.22638206341060962
-1.3714275108763072
0.8761713568089714
0.28913587455605133
-0.8527497299008725
1.3365409355608535
1.007477820971399
-0.1755804049663444
1.8767985669725638
1.4664687530166867
-0.7623401688803085
2.1465115999068027
0.5347331703329173
-0.5086455179133154
2.2855900275600263
-0.4281558067412739
-0.21535678553101303
1.4045247421356781
-0.9117480312613224
-0.34496203021585353
0.785529678561189
-0.5772593314469263
0.47649282538033416
-0.0936204148368051
-0.6707180385613503
0.9746999818539164
-0.8143702612783438
-1.4199579555012833
0.8834726333426921
-1.1325759726390854
-0.4374556659885569
0.8374017248463155
-1.8283864775387455
-1.1939132433197395
0.9089056072351885
-1.4581045962084673
-1.960741872133643
0.35450928639842233
-0.6961520374114802
-2.561090839205321
0.21207047573292293
-0.0002809935428103715
-2.2520702415095672
-0.2422070197491062
8103339880605274e-20
-2.8634266136499864
-1.1812153979471645
0.283807371223342
-1.89572566711101
-1.2305214056598266
0.9309194694187326
-1.7858776959585412
-0.48292629018611644
1.2554741219151986
-1.573445053662088
0.4098831920924977
1.2982807239400456
-2.4767762727467604
0.17927898455100888
0.7828039855870684
-2.9205836292392005
-0.5443455228497373
0.5697238894801488
-3.0017295444482586
0.4592331750825647
1.4349714893516314
-2.9509320557122938
0.9879433247810543
1.4996639359978365
-2.270612787249033
1.7464332328449592
1.5994608921989393
-1.325756099594572
1.3729783676469165
1.851845807126337
-0.6372266783989328
0.6189774182881869
2.0447441260066213
-1.3307399795785417
0.035771850786450676
2.213458878443654
-1.1997201084368405
-0.832375033608055
2.1366157039836
-2.154853731982144
-0.48697576293249556
2.227184859597263
-2.810662228669138
0.30067140999027875
1.819418592297364
-2.132061663381627
0.9691614789599274
2.89119448472126
-2.088568051962272
0.5163866347310444
2.499822568577922
-1.2132028157351704
1.1307089990154018
2.148499220412056
-0.6482772770678329
1.8075496675017928
1.8903552250238773
0.11786816216235717
2.440259951841286
1.6599701800066624
1.0606216298221376
2.2109996143000155
0.7409331445264983
1.2575324952979854
2.534580831597215
0.9542927903351744
0.36781255067069185
2.180493897766143
1.6864386398435358
0.4203401804282601
1.4593258069917643
