1.5367975944634558
2.335562079630468
-1.175632192968588
1.3318666447552256
3.3470136175043184
-1.279873995675793
0.30725788796793035
3.6962328552793586
-1.0105442828817308
0.10293744737287282
4.567801174811246
-1.256437416982293
-0.36426813501686955
5.165722873035115
-0.6128780530493838
-1.0449816273025136
4.786717088793827
0.02851244014099538
-1.4462824154112077
4.0305775875147685
0.5588865830310693
-1.303593848119564
3.954165189152688
-0.5067729266023329
-0.6179688037907293
3.342234197754964
-0.957636521390051
-0.2925959829605341
4.180046725821023
-0.5109018465412198
0.4159352583109209
3.8037874753713417
0.07442277955989368
0.24345186826587387
2.8697129589521837
-0.06062930495101096
0.3273678155173749
1.91616733086525
-0.6405494622231328
0.4792706459684071
1.8093016564195148
-1.7402123790647073
0.253901539573807
1.553637692162476
-2.6047887106294523
-0.5738691954817817
1.9443262985859022
-2.3101536310935256
-0.6194794937133685
1.6118740537908187
-1.3168829682950727
-0.9505849877381988
0.6533399089954025
-0.9054830656820505
0.1485943699618392
0.9938150862230738
-1.136643642925544
-0.35829922120818936
1.0400144910872593
-2.106126274132579
-1.3315554908886318
1.3187883365525004
-1.9380181971985626
-1.2292304813780728
0.4586810571073462
-2.043628553191681
-0.3007107615602039
-0.021251598766381403
-1.6435967452017877
0.35901354448371336
-0.6258753295559195
-1.53527718133211
0.9558287707927995
-0.8782931645287464
-0.8332263508264648
1.2628925684910868
-0.5769137402897354
-1.5467214017656823
0.5577194000551566
0.11874815603880395
-2.0365430041971284
0.9349332922758419
1.0971907745859606
-2.039758999555947
1.0297395380180203
1.4361621858821547
-1.2710204610679214
1.6555185283545044
0.8873942767200578
-0.685671345173
2.0347226110643737
0.3359801699645172
-0.133726552279696
2.4927303569711667
0.80512900231183
-0.7254780741755736
3.0591702259019944
0.6716741049642455
-0.16199282960779698
2.7882261691656374
-0.07345927636320196
-0.6779522377610457
2.5410171295951693
-0.9120486688654859
-0.1287842725497905
1.7489550900257524
-1.508185552554769
-0.672421542405627
1.7503445542280514
-0.37502251049443014
-0.783042812681436
1.187007644811004
0.09849972986428568
-0.3656677931799595
0.18484544809352796
0.23361768014079176
0.2001097697809654
-0.5331905168977499
0.029583601736231493
1.0153097902142953
-1.1585137865586157
-1.0214736224906218
0.5055001352958541
-1.3766446504048147
-0.8334934911943366
1.2785000423604358
-0.40062772794659335
-1.0466099257780066
1.0877129090247122
0.2567677370389977
-0.3844101318645592
1.0291858018844182
0.5540047208995243
0.666962545908593
1.001174247447841
0.5037048205264264
1.07015099359011
0.27040630664159643
-0.36261692733859846
1.2297313984163676
-0.27365439970091776
0.06540364518547288
1.9534839580402055
0.36535369115734656
-0.48745145400632545
2.4417871073053274
-0.4863054604463641
-0.5242487666974063
3.3035117358092543
0.0018706633907516837
-0.4200522351758627
4.146443724178388
0.5911011140807846
0.22943086206806027
4.796562981462776
0.10021268875318556
0.8410126156002072
4.395219698918631
-0.6156757318256223
0.9529512790112439
4.175642145935525
-1.5822564515412825
1.225076325808459
3.556898787058387
-2.280782760670684
1.3755997538604543
2.5649860002364395
-2.8517192153104696
1.400844067369467
1.8258027307631488
-1.982513276150147
1.791570361884423
1.0168980313083624
-1.6964433460592592
2.638970089069873
1.6456212515315747
-1.516761272968039
2.525143800380928
2.7171125827939
-1.2124644468705907
2.3946861514319293
2.947984929666297
-0.2849656115450897
2.1895852148808275
2.0543608046787196
-0.5947173812182138
3.252969525819302
1.5357330805999605
-0.5817706856800781
3.422088182762111
2.2166169573313854
-1.308263080869271
2.769189279101889
2.421356877696168
-2.090414294246048
1.8679451917192234
2.871827705110112
-1.9128666111320063
0.6389462888344375
2.673209600185615
-2.008619802961756
-0.2103804070531948
2.7097248977554185
-1.6037274479841248
0.6324233174541902
2.604423223735797
-1.1371538474839986
1.3398189473409092
2.758108480746122
-0.30516756248143195
1.949120411481191
2.2663942902699055
0.06873250168661404
2.2454596073017745
1.4077929815922268
-0.028512206882787234
1.3384485501211336
1.769064603814791
-0.14742814716340694
0.8480176142748257
2.333539188153572
0.4371839308101671
1.5638094284510948
2.6917516797295917
1.2115426412126313
2.6016195159087587
2.6119792130140103
0.8981502075042475
2.0028671641023292
1.6960051011157349
0.9440037110068659
1.3974799644605909
0.935994873278252
0.6146910288480755
1.2500661424416077
0.021235548020665254
0.4703294731997785
0.5615860433711832
-0.8140839421343853
0.2743708107700277
-0.2779437975030534
-0.6108676267530946
-0.13360139218299313
-0.7796118988854329
0.5908648425902511
0.058063442665713005
-0.3027362596691857
0.778469409554396
0.6842850873438678
-0.047620114166456604
1.2881137036340926
1.4861029189554438
-0.6321766554934978
1.8316256147431846
1.0696468200808558
-1.2709611810442485
1.4840701016595814
0.20057132523985244
-1.6639749555713792
0.7938140229517492
-0.2371283685634667
-2.784999770074953
1.111266805833839
0.11468634243505266
-2.895134259330281
0.5159790377329253
-0.6301501378313136
-1.7312727072162086
0.7433548127138626
-1.2479459262307089
-1.3906103077087493
1.4898052221904798
-0.743868027199914
-2.0786886253780628
1.7123439206913025
-0.13401905048882914
-2.7034294265859566
1.8872961582961585
0.7026322022275718
-2.2503945169491217
2.3724245180370134
1.5797697056543165
-2.5813589772478482
1.3889576714198861
1.5473310239762572
-1.7451612786224515
0.9139969812925994
1.813008085281569
-1.6127567892104318
1.5396515045250188
1.158352198224173
-1.6612066999107178
2.3356138572652534
0.5430790826572044
-0.845294903007194
2.4995685503835703
0.4729257042254046
-1.5667747595605768
3.0802090327313616
0.13346145685655553
-0.8906446783071965
3.330026690006313
0.9381847355742567
-1.8407090605822098
3.1903470353645695
1.0480042839219703
-1.1763339536099575
2.458794568023056
1.390511056465706
-0.305948415773571
2.225533088086125
1.7293589836310068
0.05392247188137609
2.7732503817838614
0.8487342637164987
0.7122860352092054
2.4523705654441583
1.4720002841982631
0.5307801534075788
1.6939985229153682
2.1790569967345523
-0.16515490312293715
1.0198973024414817
2.5708944825659117
-0.4801983813742386
0.043656044114409376
2.6352356676133826
-0.6558663917657631
-0.8672430369792363
3.0190151703723456
-0.627450883384614
-1.4506689352485596
2.204268136938671
-1.52660097763662
-0.999168234614149
2.3102967149859306
-2.0516152115268667
-1.8341008281098254
2.4026584146815377
-2.4453885201358543
-1.893631350265075
1.4749787879664362
-2.0565305759588464
-1.5229022228291782
0.7388523890107854
-2.050394089657958
-2.3354405227703423
0.5379274075808773
-1.8713470030088768
-2.7341619713460488
1.385643936425703
-1.2692613961808827
-2.5198870194288028
2.2895352445398043
-0.3482247357294836
-2.3068153129159454
2.3306735796477636
0.38568978024791856
-2.049287963034504
1.7015786544798275
0.07924978005721578
-2.7952612818427385
1.1108150342771743
0.9238059127108021
-2.3380520948019194
0.8597390370727468
1.6533174112650137
-1.688722896681302
1.2424142678488639
2.15196925298913
-0.9235904749888895
0.7778527890865699
1.458650764865492
-0.7955885391027664
0.19688855391582002
1.9592342161271137
-1.7972229759541427
0.37805576257009915
1.9102863920733746
-2.5933667850471314
0.9099743040393804
1.3559405459810676
-2.5988949817890217
0.06843243709406514
0.8580501058378928
-1.7095517805515044
0.1840087316704872
0.7143142818432229
-1.2042026364127574
1.0722320191113035
0.24226345982311034
-0.7536193946737089
1.917093667065658
-0.7602562466260269
-0.4030668276914412
1.8093311436924013
-1.592761049287308
0.10921894164846063
1.6170526000023244
-2.0890213849344916
0.7056539071399606
0.9617445893314619
-2.351058472873938
0.04870842675411414
0.2853865835323274
-2.3621766450313073
-0.37386406301982744
0.9782132650196179
-2.2372406691665785
-1.029617411778431
1.7676900958961694
-1.4788432298067293
-1.5713803678478053
1.5911371998466866
-1.189798015847714
-1.8558878291366947
0.620178040991462
-0.5506453928454639
-2.0244306904636256
1.4320214808844274
0.13354202208107332
-1.7940184341130867
0.7740071031965027
-0.5394469784270444
-1.503208128216029
-0.02332788756691005
-0.5255950256673969
-2.58383786063327
0.3240533556982825
-0.5331520526357733
-3.196802657424861
-0.4575371200557462
0.21311714232246445
-2.9904741359654783
-1.1767493312599586
0.4774298875093737
-3.786865831717392
-0.5197363110272376
0.6909556941048465
-3.787934850658255
0.4716511202003844
1.2227016531767265
-3.3061577123710673
1.2006282999162918
1.3707378434664257
-2.474361142268835
1.8529964877705198
1.8754641268415047
-1.6997696647293263
2.225472734281118
2.154435708721078
-0.8352183166951932
1.8131587550080646
2.047668485659372
-0.5459173964393322
2.7543275607023436
2.9305900336953976
-0.5844835209234707
3.2415821693432
2.7026641856698386
-1.288672141870717
2.548873982181045
2.947639706282729
-0.3848316226824933
2.214034288910436
2.0895838461330363
0.1920187956800805
1.9511667021338743
1.5213695766984374
0.7922016597312352
1.513095002300533
0.7795275783770389
1.48560117625373
1.034248728608248
1.4627463867970676
1.9234492528970004
1.7832552169865208
2.384277962776577
1.3878641323577259
1.7930368803798518
2.9839585072242523
1.7391910708112917
1.083086894075919
2.8873745420584815
2.1338391916593342
0.03905106922488073
3.3443281621551506
2.8371824560602876
-0.5455704470140121
3.9468272193992204
2.085017509884774
-0.3909482346949725
3.5219964259273606
1.3961831754487863
0.2984921743625217
2.68889283707156
0.9270563558223605
0.7359219078829096
1.8822318993823683
0.16397804349183392
1.041434563292161
2.9276059059558404
0.18078831281754476
1.4768876785196936
2.897361915871091
-0.259124691215471
0.506618264658776
3.0261707479017588
-0.7879690696089274
1.2954193157795117
2.88602710277938
-1.5137634997451062
0.5234981350904726
2.5950853198939665
-1.8680735092201781
-0.3734227435382064
1.875402450220198
-2.4374706105572423
-0.7954646977708338
0.8847975907595856
-2.3375890941039272
-1.0770582926676529
0.4748490139037324
-1.7190420010086618
-1.9888981773474448
0.7058302853373402
-2.7060614524748434
-1.945220095973257
0.556836910351697
-3.1255141651525213
-2.903263941813749
0.884691093428715
-2.0851479340946675
-2.831882149179589
1.39076901210792
-1.3735966830005297
-2.457883620791025
1.3193709138462553
-1.452676397423625
-1.4585101101501912
0.2549859848515495
-1.5349171309736191
-0.979034670906117
-0.005333881378016055
-2.3832434733163574
-0.7006108625035813
0.43611369136454936
-2.9544239199048667
0.023474991521053305
-0.31183245008154015
-3.5202953950941698
0.5669253446452507
-0.4587140763728393
-4.03570565855033
1.3785258930195523
-1.0926740102357013
-3.3075019572612665
1.6817062846022386
-0.13733511176490704
-3.2949859030933006
1.938200758473739
0.6286427343376763
-2.772089733196801
2.387393332231032
0.9390053917126401
-1.8417189202981932
2.514474555869364
1.2016918015244342
-0.9659305287142887
2.0855273340519576
1.239038460830606
-0.10218122290607407
1.6455944987152058
0.19165582251346122
0.2673970498409539
1.9570522449247834
-0.8167854914792131
0.44187785470600166
1.7626972783921167
-1.0572767349997332
1.4543346858201311
1.8418069851924344
-1.2999185882492885
0.6006520405654251
1.0726262265210218
-1.5972480495257448
-0.0027866442922350604
0.4951765469418572
-1.91135142044082
-0.6832323751125977
-0.005856745036719728
-2.8691274024254136
-0.4325270661910906
-0.22889531779540598
-2.6694746604051875
-1.4203500225157129
-0.42139663512719366
-3.023455891276658
-1.0630428283714817
0.5197593585505669
-3.1913767955469012
-0.11004888347593969
0.76099505774036
-2.6351736163928052
0.275206173191613
1.626842942554763
-3.260329876526542
0.8211941415944957
1.060066351271853
-3.5924126006601886
-0.002182941409891592
1.667496476822866
-3.5209426626828644
-1.0603420843269868
1.637128738778027
-3.403481010650098
-2.1024288489983975
1.651868744246784
-2.617659306891535
-2.673170976204673
2.0607943653586576
-2.7647565985725264
-2.7532498624686417
1.063946191323391
-2.9204295359270906
-3.543687994053001
1.6350214007074135
-2.018028478522763
-3.4645154619784426
1.996624808351749
-2.1434433259139074
-3.5334755630368733
1.0235965017477093
-1.1888508205642114
-3.095045616129246
0.7147790404051825
-1.2040701174498176
-2.5226130411844503
-0.2991511640463077
-2.034802084735851
-3.296425313913868
-0.03635295894058691
-1.4126939019355937
-3.4220758932806024
-0.694967687387187
-2.3905652491325737
-3.2449570972686286
-0.9039527024010847
-2.4261528868208653
-2.3874744754295714
-0.40599616739528377
-1.732256203873506
-1.6170727687701647
-0.2178556319867445
-1.7061260779014098
-2.1813827285599694
-1.059477263621669
-0.8309679742946164
-2.5954890800871184
-1.0631306656615773
-0.2731950260783584
-2.232002072598995
-1.5807862572369458
-0.8985755421969056
-2.8340895100528245
-2.2302476525926025
-1.7666730255316294
-3.076316821652513
-1.5884273758528542
-0.7848657075842311
-3.6802739287676576
-1.4787309518833058
0.06282095011380949
-4.118709449311863
-1.4657725674409494
-0.0818684506950287
-3.3196062420791237
-2.144129285928992
-0.15381506062491673
-2.38070848629101
-2.5798323385898874
-0.9326506517575502
-1.8988013251948666
-2.4452691295005953
-1.786824107665769
-1.3406683385083336
-2.5705716005416073
-2.0490301057160005
-0.6311194270474692
-1.8539880180634296
-1.31549329164686
-0.31713371462557444
-1.3076245786345952
-1.9078644595464933
-0.9367799121464531
-0.7732242157249098
-2.6939196571008943
-0.6366993350804298
-1.1555089526280375
-2.5590256035344483
0.10992861615611127
-1.671690550627861
-2.0303824924674125
-0.009628334156339208
-0.6311548418674676
-1.270935550531574
-0.30245276765747237
-0.55730559669437
-0.4895695003573781
-0.6236991430304004
-1.0063344867801634
0.10296769796626415
0.0814276649671298
-0.8931877425024789
1.1391071782762727
0.4376884741228271
-1.3492136695574652
1.8261243747801192
0.21057293451227216
-2.157441288803897
1.1242524936201237
-0.4621206937713504
-2.677182698837266
0.5007103381387864
-1.199220135807938
-2.8136607299850933
-0.5728840278108386
-1.177116662601145
-3.0082011914489892
-1.0911196759353243
-0.6633978381682119
-2.3698758972671716
-1.3642004297884087
-1.4261791163302837
-1.63765989211539
-0.8581055041789943
-1.7349824922313857
-0.9482562813502106
-0.5160154110355523
-1.2292854943989864
-1.8657178851797676
-0.15498178181244715
-0.36095955439472094
-2.453337112451658
0.16421913027160046
0.5519144517238491
-2.7964277247759384
-0.5603646216245619
1.2482909038654968
-3.01869714059374
-0.7442831554117877
0.31156524827039117
-2.869769839038145
