-0.46698918348177976
-1.9026688708930954
-0.818760914020385
0.2919547952606347
-1.959513949836345
-1.482423831101165
-0.3797685512074667
-1.3215211510790708
-1.8665221581553548
-0.6087087927032624
-0.6001334903122305
-1.3532953824361527
-0.18181451061250165
-0.4140206161723766
-2.248821391282889
-1.1168841775759608
-0.7085901894803514
-2.198103789209962
-1.83729647973373
-0.5992089258372556
-1.4850592494259134
-2.700934084808656
-0.47077671015103223
-1.012394060644072
-2.9922227340091796
-0.5496567221748284
-0.05914899130753458
-2.395179270718633
-0.16839065939357128
0.6461082639707953
-2.2174990913349015
0.8169643893381785
0.44789635460719013
-2.295441613422043
1.643860756911026
-0.1271505483432024
-2.012096240137293
2.5744031933131133
0.1175136117504461
-1.0340745035035472
2.7409562580385516
0.5154187037979279
-0.32194758035222276
2.1061852502487155
0.04395510811707339
-0.6571815516231273
1.7699058339127187
1.0140265229638201
-0.1309659075489278
1.2760003402996731
1.3660391657552995
-0.7347389622339691
1.85539276462065
1.9512517591398886
0.08381279570774537
1.429705353548098
2.425394420165581
-0.8112924046987778
0.9167284317799538
2.2659459475419284
-0.6656115309011438
0.510713790567746
1.4270999774432915
-1.1202393534706379
1.0437144598766053
0.5395603979490775
-0.7496662263199175
1.0311022569928372
-0.27740641003068267
-0.9838946480949956
1.0062986595507728
-1.1857532150080103
-1.8806090794603056
1.5692979030259073
-1.0559096802459966
-1.6368983252750637
1.0449734007669502
-0.39722762835122627
-1.3201496506718562
1.7389569822857733
-0.0334233261929127
-1.8171642746156227
1.9338541972236136
0.8981125424815767
-1.3908796270033086
1.2749799530938746
1.5386784999114622
-1.6916028457831649
0.26963554346216
1.157900833269784
-1.2205745286855727
0.10476040875374637
0.1689606590007278
-0.8756091708078043
-0.4391270260146728
0.7713558445686771
0.08032629164890984
-0.7715540800645603
0.5839513969508855
-0.050027842346425676
-0.3914829687718784
1.4816861609869436
0.19139993481863912
0.43186708716696154
1.0485199200962847
0.19536522805778528
0.369849722872426
1.918524286060849
1.0537424960508694
0.7748833474583721
1.6893016772373164
1.7416309109185097
-0.001010550598035835
1.7974107554743237
1.234801123819832
-0.9924800091911752
1.6980927218202297
2.0193245401601088
-1.3148689983877972
1.2620886154269304
1.1882221220299254
-1.9540253252164232
1.3732451382376185
0.8466099938362138
-2.0626975352858588
0.2418080862789132
1.5057970167606811
-1.784508139255409
-0.23072950633254594
0.8515044492533644
-2.324329289607538
-0.6423067945867944
1.5267409024649603
-2.6742226137933955
-0.05057628873444553
1.8402375491525862
-2.049083207361898
0.5742184823173515
1.2438423855920953
-1.0982897020229323
0.6581017831736683
0.19182973693947822
-1.5759850359255623
1.0363119516205557
-0.6599498060822216
-1.24475401614493
0.7759305176024729
-1.5964666823795204
-0.7104591497749193
0.36904508447260903
-1.7612476724871982
-1.7252579498205707
0.4857101470708699
-0.8073012114351396
-2.3123802293318136
0.205820167788386
-0.023581610428117666
-1.6425330854939224
0.07570108762058816
0.7277763271496087
-1.114816703200658
-0.10183420259991306
1.0615591036187881
-1.5696052423238105
-1.1119934942914473
1.8424351439435767
-1.9025327836745474
-1.3324335312562217
1.1269694273486122
-1.6486255357904809
-2.0016883350060226
0.8660433918520937
-0.6879069742210011
-1.9447639647822288
1.705845463467736
-1.041325899093931
-1.5625309862514822
2.3727573312659462
-1.232464997141206
-0.7789006146901498
2.326126899415278
-1.2365307339974037
0.30908058496965946
1.8950096051494683
-0.46291830460720534
0.7419381432602682
1.4731342835047738
0.52774476166657
0.8601231452721939
0.8116063063514035
-0.11960218004918154
1.2669036897721726
1.0478656116890712
-0.1639429678462532
0.35127108117662476
0.22050909605888588
-0.16307039206175777
-0.39191488839313693
-0.636565545758307
0.20406485558008094
-0.6881520795962778
-0.27837581863541494
0.5339650116870708
-1.5980812639002038
0.6396573492572606
0.28215887246121957
-2.1897760031980136
0.849775912783792
0.4070424740010454
-1.3868582903022533
1.3898924323670285
0.2306092566063389
-0.4834197935098193
2.274063567890993
0.04849082351222213
-0.030798328796411284
1.677664655706679
-0.5945874082604511
-0.1165614309821961
2.1422880713287027
-0.2327003506250432
-0.9394019606970166
1.529928288693674
0.036270462862534034
-1.8109039946421357
1.1024545142224256
-0.4133687414403687
-1.0740048043078374
0.004736497524399783
-1.0972378877961686
-1.0676293448238754
0.3314827983890555
-0.28810289717000703
-1.214261945026945
0.08745345438025298
0.5730372341332919
-0.5994609742527484
-0.011081845035801206
1.3345551901328343
-1.3266212306003116
0.38046113687724414
2.1026389393235667
-0.7521947135484784
1.3805391887885954
2.1245985593292023
-0.46553428804256225
1.017592849724722
1.3349555564620494
-0.5685645539438376
0.6944896859761924
1.8877984953184275
0.07139775834641952
0.8370496859224036
1.2945288351131294
0.9181108129238349
0.7265975359958695
0.647735553957168
0.01731109654440279
1.4525024587413289
1.3405761434706038
0.2133090664522376
1.6541106408021968
1.4110875145855806
1.2475622042834846
0.8513727737638148
1.7183204752649464
1.7534053090420945
0.14237063428927169
2.3609138122999496
2.044601198587047
0.20034184618419726
2.120340574560122
1.0999332860377777
-0.19882660162746804
1.2433353520269423
0.45718382491900067
-0.33021980674652135
0.2448375900013345
0.12844577918463987
-0.5782995591241721
-0.6173955597290444
-0.08880140409051779
-1.1232830707870844
-1.3049601259615897
-0.4056852518143238
-2.111848533128486
-1.0066306753460077
-0.3782979968411993
-2.275589177963641
-0.04568326356745524
-0.30226827143452056
-1.695143460756467
0.3442016291588171
-1.0466130176777417
-1.3631096615920544
-0.5498904444430944
-0.525973320118676
-1.1827534357878253
-1.3313679928843567
-1.240326128615854
