-0.5769416957214405
-3.236586052463446
-2.140440226834205
-0.8128080598980524
-4.223355619547658
-2.373895258146595
0.04574637872463334
-3.9504569046224858
-1.9443479543205853
0.7638487878674046
-3.6590842925062175
-1.1771757007211905
0.4636107682687451
-2.939849083477917
-0.5212540295668537
0.11187299923358308
-2.074252698380711
-0.24646770547328112
0.2985329265814305
-0.9927140177349439
-0.6491678875196538
0.10975918602743522
-0.779546382685588
-1.6832114405243543
-0.34989304618124406
-1.5761550899678844
-1.0860319037227182
-0.5442300226925157
-2.5765892675244797
-0.5789911338812955
-1.0099571323675407
-2.961733761246948
0.20417937753126975
-0.3710313195912272
-2.302343240411514
0.5306531692690255
-0.7120064212461394
-1.8132694899571358
-0.024134454333908296
-1.411563978464761
-2.226954949622322
-0.8014364185356176
-2.1861359079817015
-1.7907895343883922
-1.3318104942669373
-3.0486344646341514
-1.7739380913455602
-0.58766684940324
-3.436252564131442
-1.641879386486515
0.40219969248428356
-3.221201900223313
-2.7035166627898786
0.571045639539963
-2.272874695147077
-2.994887985736445
0.1978792238355356
-1.6452712364742463
-3.207967363758298
0.9666433665013938
-0.8893754472428744
-2.679337758497323
1.3653765548060923
-0.9846560187064057
-2.3777179202397782
2.34144832313433
-0.6465686346847618
-1.9240334048407313
3.2274012809020753
-0.11898546770042713
-1.716721129117365
4.051459693059718
0.7377221100988864
-1.1971671341867074
3.990854273233336
0.27368546978327335
-1.6015648978975388
3.1477543825954375
-0.4481046688747084
-1.2984252160509835
2.611802176097041
-1.0682951007736805
-0.5671120249773411
2.9013998357602206
-1.3900789846935466
-1.5235402527867152
2.655979829189232
-1.9773822690086167
-2.2661169159366525
2.1752537602121484
-2.2268350245271042
-2.3857753932644212
1.1567497780973064
-2.4482421393029465
-1.9850981922529267
0.23168552776833304
-2.339805598898094
-2.5309421217388803
-0.6598089403164427
-2.299066378261665
-3.3746935416958537
-1.2569088882780672
-1.531715394032633
-3.675709862798737
-1.949807679237058
-1.3144784474704143
-3.4878430785968466
-2.935513356034079
-0.6170651861737757
-2.8047668457706703
-3.3080235631357096
-0.07875852520572771
-1.875282769387166
-3.244436569447038
0.3570683828298215
-1.5046895898087944
-4.002906337791009
0.38067596238507545
-0.98041003512078
-3.2027576023790405
0.995621074676437
-1.049015091953169
-2.3969330243333125
1.0814992991774999
-1.4926661871696332
-3.1837813482875332
1.8958896272416565
-1.4315463153177783
-3.752873374807206
2.3795924304195903
-2.3098282877166225
-3.4555042406190553
1.502187044554726
-2.7826999230936407
-3.7671893729665564
0.6743272154329688
-2.554152885507469
-3.1523896116229535
-0.11527645714750552
-2.599688576377747
-2.509374615572894
-1.1121236917957813
-2.3608942243335207
-2.4226230908099824
-1.5225545939020741
-2.6225527620082523
-1.5721615756484397
-1.614894705687857
-3.1219536579474556
-0.5801644533680588
-0.8958105313600424
-3.3830504459975907
-1.2550993092676082
0.014856545662470452
-3.2220371651876953
-1.4013866033082547
0.547585462326779
-2.3473861483567826
-1.4951112977897771
-0.622680067804143
-2.4537685803709164
-1.7034351847956877
-1.2164628857319886
-1.8178892850798254
-1.6923154755679266
-1.8880991636136648
-0.8859697686042741
-1.6507616390064583
-2.6188406069782912
-0.46253703065285495
-1.2685919693866399
-2.9024086302354375
0.5539537310815376
-1.5204917515535923
-2.1221456112618364
1.324285915620828
-1.1909724652740563
-1.552849988200008
1.4753884511536424
-0.41407134973755555
-0.5461057278957231
1.7418594791325128
0.03903053547541377
0.41307287441747975
1.4680921929096749
0.33139011213131864
1.155090999760322
0.8684449391157372
0.408783230178085
1.7854378668228175
1.3076921533303363
-0.45049201062523536
1.3726325166127082
1.9702721377549326
-0.974574096651177
1.3371878451567467
3.019567367997121
-1.4202642156475398
0.26809599287555336
3.4037251203645713
-1.0703949061243323
-0.7086134901050711
3.3477398046738007
-0.786019909461189
-1.5980449266775238
2.82419013130643
-0.6873498590719187
-0.8051296772653065
2.637147648942492
-0.09363711067515164
-0.5352906210454657
2.363969170694313
0.9587665452872213
-0.10870015912363695
2.4342141156565082
1.9602781471194928
0.47665951198342965
1.7739459816046894
2.7025966724164356
0.46942638323706826
1.1968078614115316
2.2587384977262412
0.9193501453748419
2.0041506370602242
1.936768990062891
0.9363627851559463
2.5793269133340657
2.615109157345194
1.8066334846536207
2.6973708164614516
3.1525629104342143
2.3558845092413003
1.8936973244738216
2.928458700636937
1.8448577830697692
2.3883040474874244
2.267005246206276
1.9433103372739275
2.1697021131158776
1.0832436865576607
1.3647328450066503
2.7949755516664125
0.5125363132072246
0.9438108944246133
2.8975069179485415
-0.3119740972600891
0.5306163125856742
2.347290057211685
-1.352751907983752
0.41341815569506435
1.9738245460536608
-2.2575125643481506
0.4848671138719757
0.8131655662034414
-2.5837759372869034
0.48807564971961853
-0.08805023002604367
-2.4477522976013604
0.9451674050690014
-0.09913128319094874
-3.3483029862472766
1.015607335441042
-0.8533396470469224
-3.91876844058307
0.01707246678885122
-0.6073489983057846
-4.034544122167131
-0.8363597047741533
-0.5387827836241749
-3.4068406114338474
-1.3572274397391566
-0.6271829844249639
-2.5450223325738786
-0.7332854535832454
-0.9244022368434087
-1.6262900950118457
-0.32131383489312165
-1.5193330450444016
-2.07323292485901
-0.44594837534684395
-0.6435231810669992
-2.413997511497804
-0.8870281815832716
-1.397280714663989
-2.9063938936532114
-0.6324514955507893
-1.3896326241208752
-3.8832574175517798
-0.28117582561131405
-2.3636970889912434
-4.092274661300747
0.18429481842380727
-3.17551401161169
-3.6699013903243984
0.47167428779655735
-3.374093526321319
-2.7043668200190663
1.1159099333258826
-3.9590576497252803
-2.163964621429922
1.0504266440044896
-3.038287361444238
-1.9645391823650051
1.4061705896325043
-3.3393080226576335
-2.8102972470703
0.9647678475204308
-4.130504159655489
-3.092968876291746
0.5732289991726617
-4.805183908295976
-2.43886014669138
0.5737301051727763
-4.636172886101042
-1.4135623032187776
-0.13331647542842526
-4.044500978301373
-0.999737250132071
-0.2725569415375121
-3.4860549456824517
-0.14103637666759383
0.37570581767732825
-3.039107250049777
0.4901821252237821
0.3543165918382719
-2.4524063220402725
1.408160237586593
0.16128565511007986
-1.3780618763601302
0.9944416373553719
-0.4587735211077894
-1.857267119730978
1.6924151283140978
-1.4940819836717658
-1.8517894006663664
1.4582921166805107
-2.0712508807060357
-1.5568128510028258
1.0229871449036376
-2.781784874947018
-1.0767131130314482
-0.035168584576183735
-2.916509514040965
-0.058582147741182256
-0.39395413432128845
-2.769626311934867
1.048926884299221
-0.4061511738661363
-3.0882112873076792
1.8151911343436633
0.0905763054767114
-2.8780159297083396
1.6496310244388954
1.0706912481414825
-3.1203598715697907
0.7963173454608893
1.6096853599805583
-2.856128806139582
-0.07068038321161188
2.1350192673594846
-1.7820204368050752
-0.2256316721927175
2.098993280904853
-0.797265081127009
-0.46016425276622314
2.050722239048565
0.24514366546648325
-0.8536766271498334
1.7830386931648454
0.42014053992793915
-0.5323446460705636
0.8839625940097143
0.2647195400181791
0.594979766615252
0.8479865900480497
1.0363999017006316
1.0821060599107244
1.5165794140624684
1.8790514320738532
0.5150792681232829
1.5821626290440012
2.666578215505853
1.078014702035257
1.6084858840784266
2.3808790265855717
0.31694304181478866
2.3065160770989226
1.5733431614493065
-0.2267578005133868
2.0301923809099915
0.6663644569038503
0.09917590665538875
1.9534510484220018
1.250071595185735
0.03630821328840549
1.078678048776088
1.2846197136815405
-0.8091018518902707
1.2391473393946038
0.8847449397520465
-1.6519995893783461
1.5406145345450228
0.7966747673197266
-2.033596659365651
0.5168708435266423
1.6877181335401052
-2.012259707341122
0.9420937888943062
1.8761130044554941
-1.4818900938820774
1.7796419219736745
2.1735960981755964
-1.1509788635695861
0.8692717021696585
2.4090570503451314
-1.89132196924025
0.2395257060859444
2.5361367776600376
-2.3200581711790726
-0.675714051459241
1.452449573964753
-2.2749636970431175
-1.1388478264409239
1.063758026284489
-1.6750125810668324
-0.6170158534555003
0.6878310432944147
-1.2014938576364642
0.17102387175159595
1.5227336356994825
-1.491273101431491
0.250162286492454
1.9889887983950294
-1.554309205817612
-0.7190790875871071
1.6424616416319622
-2.3317208236224505
-0.19040698326976768
1.9544432937376481
-3.1692447035717746
-0.8819332080415677
2.362187807101413
-2.536779719651398
-1.7238581839864195
2.3894067082484844
-2.916057748655031
-2.6221997154385894
1.7280135545913622
-2.2515175337265068
-2.8107633762388855
1.915482562953961
-1.2465566612499712
-2.7381943558710695
1.6796628061109837
-0.21799267314931559
-2.5908031385215775
1.338837857631465
0.6809312591654586
-2.733162237365169
1.8342395795289939
1.5080086896179008
-2.3546563119932404
1.9100794335469484
2.3468071649496616
-1.8249687801780874
2.1227848345806564
2.782894089822798
-0.8741890901068833
2.1283635055900807
3.217532642431127
-0.002765866451999165
1.942529391229812
3.5469291787905113
0.9354497246339886
1.2673295966582572
3.788177822177736
0.27844273093656247
1.0517144966680312
3.8811858308345366
1.262296533315827
1.278580721338342
2.9924372042064533
1.5248419442431644
2.4064617550522134
3.0724305613079355
1.6907725830217522
2.648386168803892
2.814337217590205
0.7659060591777008
3.1120545520281677
2.3470036042360722
0.04374619994400983
2.7313228356721293
1.4461806893398415
-0.15118951730381605
2.4097261288746266
1.686004253457503
-1.0201315179126156
2.6019755055149414
1.1591906072100209
-1.7321482450664905
2.462455514770153
0.8004969260866228
-0.8678789157610315
1.7670077619797733
0.11174805921277695
-1.4216137418914319
1.7627216945574349
-0.8106168251652089
-1.7339872948513888
0.8903823829728056
-1.4547499301515094
-1.5176458724133823
0.7334129084506796
-1.8600201664988922
-2.2883050735656045
1.635078733759448
-1.8628193814324958
-2.030315690541999
2.51779448499332
-1.973058977370944
-2.503591233933093
2.5045933752806686
-1.4942381760723706
-1.5810354376119575
2.4167047670778476
-0.6495024675508483
-1.0688284503963952
2.4523980744528737
-0.2043892072490905
-1.9926392261108217
2.4198310942730017
0.657473018499638
-2.5734403718363237
1.9890450529240382
1.3116995389900512
-3.3021271456493255
1.070952959223234
1.5456252982299041
-3.018099380774036
0.012767320988188502
1.5260642394003459
-3.2757627400529175
-0.7851141786987917
1.728837966626078
-2.606317244074699
-1.3632313509302965
1.0569306559175191
-2.3062677737020914
-2.3708790713778325
1.2093387258016477
-2.1606606328506497
-1.9394408188592036
0.2912765183977708
-1.8855848839153477
-2.0218403616775054
0.1921002869732549
-0.8568268810138235
-1.2760420045087144
0.823600301442727
-1.284180549136931
-1.5069590307189749
1.757370010504139
-1.67307879113414
-2.3196504491022205
2.0615297327738884
-1.6661586112056963
-1.7598232122752144
1.8843367775447042
-2.54835603036701
-1.3071570910196002
1.2306975365507902
-3.2327985688451935
-0.8040339873970598
0.45823459016226936
-3.6692108929515763
0.0009676084113061419
0.14520701704604894
-3.2029299758433094
-0.6202237656807345
0.6863714000938886
-2.759853545077414
-0.11274122228754072
0.24788266926757108
-1.9673915711233703
0.9578814996377799
0.4759534630930958
-1.8622063554355932
1.7004146366992396
1.1330426780297649
-1.3361236700437065
0.7198869018245767
1.5584566546537535
-1.5363755421729435
-0.18369990832323516
1.2708625954180286
-1.8074424087447478
-0.37036293478623616
2.1805382244393483
-1.5599040628308987
-0.21406844026527994
2.5191438415029372
-0.7455122056739149
-1.0608529447950175
2.0492202638842745
-0.5646852842185108
-0.46575961627258977
1.2130832601105934
-0.7096219363474209
0.10043842933013782
0.7575052123099983
-1.2432564061612033
0.7892143117186081
-0.23262907024340967
-1.1385679198142935
1.3908030665315427
-0.7172785478568648
-0.6847747167097983
1.8561048482047806
0.003397891669300297
-0.37706339099768915
1.1675381651325536
0.6697218865042585
-0.6222073304816426
0.23729548454497723
0.7455428416957692
-0.2703381007057383
0.39649188912729927
1.6609294777023549
-0.5899816569265739
0.1993770898994701
2.4210831234562082
0.0008018201693564195
1.1232219909498338
2.016663165411849
-0.05816185911546001
2.126033020632621
2.2129923485906997
0.1988910249169124
2.7870249866329315
1.844844321277614
0.8512564233070571
2.0598403267710563
1.3505437714812225
0.6319156240144272
2.04991479453573
0.34164410482617774
0.49518836509989367
1.703394886860318
-0.37103306558534654
0.4612207226795572
0.7304933725465127
-0.24400423648012495
-0.08616352462330878
-0.17997755847102517
-0.1352968601680803
-0.7424151674262872
-1.0861314752685158
-0.03480447579889656
-1.0771441624793492
-1.2528662195436957
0.37902901769093317
-0.3804833331447372
-1.5220202432927277
0.8090082167856266
0.5112482786520076
-1.2490330643368914
1.8150645243393402
0.7350371245604849
-1.266310172612645
2.826213000201364
0.7966029511021928
-0.5267675558024836
3.573540191492994
0.5790080413823626
0.46079958313659564
3.2451043031044193
0.46931642853542505
0.6470013291937574
2.5832771965371424
1.1233747397355178
0.33034083615571286
3.20647349588999
1.579172463973844
-0.6097160825839696
3.1364484638276036
1.4350579484616046
-1.6504098130141982
2.935433595419753
1.6678946192811661
-1.2620256335439801
3.8482823474838774
1.97518070418798
-0.2600929940127341
3.998387060894232
1.991661933366512
-0.7432560697585425
3.7637559645105187
2.8231677504104034
0.0506314025256252
3.2249832480560743
2.575307549041163
0.7507987395074667
3.912865513237082
2.242503180270763
1.6012726593895132
3.3490452398389543
2.4128710256213766
0.8612277377653641
3.516477858049742
3.1516996507611568
0.2936822360776054
2.7157534283374454
3.409914519150835
0.6461378499035285
2.40564096359817
4.2979848264848615
0.9793773745409727
1.493803065225768
4.242602462107236
1.0429102299306017
2.0737488819335677
3.471537126213611
1.850869015490335
1.586689286015816
3.7629982881187702
1.7655102876396058
0.7219558757689435
4.220556307139512
1.1706445656595335
0.8953194740418451
3.438995493322208
1.3609772502408617
1.5830822187228024
2.677279186244716
1.7221481447941698
1.3313810890766318
1.7509427739915875
1.2182475729879274
1.5483802267861968
1.0002423692897469
0.12348397064601416
1.4524020643494104
1.4659107082489014
-0.4210857623345301
1.4127684336606665
2.08960184209298
-0.9896718251553408
2.0933226484442864
1.7219994345816871
-0.8577602783575338
2.8590665664590005
2.4442645637973324
-1.4198193827820915
2.0377842280597416
2.6436451089146566
-1.3200563379826842
1.2739950577560502
2.0656839601441352
-0.6455751327874805
1.1366305476504672
1.2999215019881574
-0.31667886490565256
0.8678073383875997
0.32197396748566726
-0.18980416794291033
-0.025083704254337837
0.33640595740847923
-0.14288377774324815
-1.0880959973770998
0.20435961777688477
-0.4802042184191245
-0.5907768959982908
0.9993012225549812
-0.2842969228508401
0.28012626452853173
1.5650969502601975
-1.332903155657998
0.4391437201768131
1.4641261408801116
-1.9428139559268633
1.2423208378394046
1.24539634970558
-2.0207688368460968
2.22974283452148
1.0866465020068097
-1.6628830909220842
2.29961800384332
0.04766194857969823
-2.5919378919101175
2.7582751002744708
0.037906324001061836
-2.658250604325325
2.78552254976867
-1.0124713409720243
-2.3062643466507553
1.8825263386900606
-0.6255682379299626
-2.1981166851691625
1.4325217276334565
0.2803991758067204
-2.896092787173411
0.8137348791492317
0.5993975499381852
-2.1632849800073295
0.3177587343686582
0.05958168490552556
-2.0405793948232023
-0.5205649812281514
-0.4175502529826062
-2.1565742880174534
-1.5803390679773173
-0.4500998092006442
-1.6107166873449785
-2.0818015179689793
0.48099469920551924
-0.828071148172837
-1.4758559886766494
0.8006040788341321
-1.495260703014148
-0.8708517246165569
1.2433996212459977
-1.2661260468435964
-0.2016581842992361
0.6205040797130414
-1.0821432228575505
-0.4480547168943502
-0.1885898767557569
-1.1769567864981414
-1.1033067390350804
-0.8202196693215338
-1.5599085176614191
-1.0770969683171405
0.3478927471388875
-2.1310747036690993
-0.4371480430823558
0.5735653608613783
-3.1176835201204547
-0.9083844420842208
1.0594696381920712
-3.3025776229322115
-0.09947908996374298
0.5290067890787336
-2.5719893958896662
0.14606378898854216
1.2602642804576825
-2.263600116435679
0.62831326748229
2.03847645987814
-1.883194341441831
0.29619809091575816
2.943477926757469
-0.9392197487049346
0.2713899697402364
3.4336913492107635
-0.16594692090253793
0.5997454073230709
2.7069234849461328
-1.0751083493344173
0.34384148257171415
2.368923817243061
-0.9430829894467154
1.3009505791348008
2.9900336595496224
-0.5422724292930713
2.2539542101120906
2.9988163340443523
0.16461614184209022
1.7580354527933062
3.7897996668877094
0.19865010812521455
0.7208917928710366
3.6079086193695096
0.7674813540525331
0.41316252966608025
4.31025397911948
1.337835801401116
-0.08171538722566694
3.644188798811154
0.9540690746782556
-0.7592255169037222
3.0879361980262066
0.3980391213043409
-0.20624090865894396
3.685241794380106
-0.11829785174218434
-0.7804061077676705
4.483880061312808
-1.0330887188589857
-0.49580028865174947
4.00143403564766
-0.40903073166164966
-1.001189792771445
3.4381940373784183
-0.10332933330968103
-0.3765861514804192
2.793292511222581
0.671425722168032
0.13454276890088862
2.9648753116772832
1.5486460867022769
0.6809417044533209
2.4053815046138785
2.121983698068922
0.8654969214657224
3.097995331844272
