0.8539492895554556
-0.5172516804512268
1.7118240896276447
1.0395510418394012
-1.2222246744371137
1.0562768555739614
0.8263289431464249
-1.5098737283379264
0.12890582296489672
0.5769124608448875
-0.736636629971806
0.49216511250251954
0.6928672385896677
0.2809782682089065
0.02929635088273818
1.2963940759931853
0.7406070435106297
0.5531364569608272
1.1821735052461382
-0.2512111401041797
0.837773452705528
0.231614743637285
-0.06883416028610716
1.2259330082654563
-0.7608482657856023
0.09773774308898428
1.3419390835038056
-0.8560653987343462
-0.8727359419705905
1.5452501703586692
-0.6558032540421084
-0.7382628172126582
0.7014084575176297
-1.4064670257669534
-1.1147351160511338
0.7864900453844288
-1.2868193864827777
-1.7634820759490082
1.5641256254722375
-0.30849675600016463
-1.7803815659222353
1.872149040300881
0.13792481411223229
-1.0283320095222777
1.3054409928935125
0.6572632941869294
-1.5421565668213035
1.9579623343168309
0.36454225084745523
-1.969607983692153
1.1092259904923083
-0.5919533475426763
-1.6489924929503335
0.8748566684683055
-0.20921695425469006
-1.450082579753744
0.003485695570048351
0.4837962844712253
-1.0412823036469097
-0.685705616663184
-0.17911453685359852
-0.4073933878403362
-0.447860857382615
-0.39838905410381825
-0.08693575946263983
-1.1820502215894553
-0.8112712281847677
0.7089680258060584
-1.1854938170284095
-0.07317786766624143
1.4216008693613236
-1.0511547285699456
-0.6741345864360413
1.3598713395403266
-1.8568078241094697
-1.3670911615618715
1.5637615837803478
-1.2018761831941254
-0.5671536052397667
2.184590644946403
-1.3540069640888832
0.2000870389490787
1.7384561512310668
-1.874970283721177
0.05273253535349491
0.7816983053348285
-1.732416318627173
0.6535404789060593
-0.1087250661788916
-1.7551863617705235
0.6038093417137358
-0.07717318622628495
-0.6684822394364528
-0.14502311203600932
0.47768544999013146
-0.3690592829437294
-1.0203808075375211
-0.03364542561627748
-0.49005408468052114
-1.0979814104111838
-0.916472722301266
-0.12912391179243365
-1.3301671641869397
-0.13998891965665297
0.5432827707042838
-1.1534353430076
0.832331524087718
0.8261592589148786
-0.40423362884484315
1.2849882203332814
0.32225386142802337
-0.8002362976088679
1.829309209500974
-0.43899392148905714
-1.0948392769111177
0.9145457255458549
-0.13203294126492038
-0.5730878863540075
0.3234369898272477
0.30695796813628673
0.3928801934602446
1.0240779335958765
0.768975757609496
0.6849603190067483
1.1150004071116006
-0.10438354806188505
1.340032535473001
0.44135180750284114
-0.347461976207366
1.1538658938367865
-0.5143341207883654
-0.12657240583707718
1.2640130389032114
-0.6596471822061574
-1.1534830306973742
1.4820012820801771
0.2652040311231586
-1.4066613198047602
0.8041935298799917
0.9122069340896573
-1.0824465012350097
0.7899532255206355
1.9019910298406926
-1.088990530359563
