0.9256496991007415
0.5147070736354513
-0.36823715385723804
0.9871828354775594
-0.3087647603599917
-0.9769435652232916
0.1666937257717795
-0.122954727581211
-0.7358038728072372
-0.8576036459488295
0.22122230652851302
-0.31858084953656446
-0.5432367897175113
0.2018597730837966
-1.2689401010437975
0.16766598091433507
-0.4732975714264656
-1.5401221172742532
-0.5830229465057083
-0.8041111541004463
-1.0074705423982369
-0.39548806439219897
-1.585609945538665
-0.3426502082195577
-0.47992987268670995
-1.323445151823403
0.6402131316796248
-0.5938743838558999
-0.7176000896310841
1.4374493683736462
-0.7216528075514281
-0.1093735613731668
0.6651735563949507
0.14551824488427362
-0.5241011030309719
0.7960095020688281
-0.29799858469005447
-0.7282073629871282
-0.06575744908293951
0.33627116746500696
-1.0059047533591057
-0.7264337191581395
0.39481886284027623
-1.3239374888141764
0.2250037037738883
0.7724873134790117
-0.4502546697987787
-0.00894132880402268
0.7975805060702807
0.22727952816437524
0.7292614425550947
-0.0004917024402844201
0.5574766375234864
0.2811327881180576
-0.0027574177226881796
0.9421329693777658
-0.7320294846869229
0.7149989129062143
1.4685323270693924
-0.23644075677899254
-0.20582979619642672
1.4595920563854756
0.10545466922836971
0.5240823171087282
1.1628108507364243
0.7069701061176689
-0.08037744823766993
0.4576614754211675
1.1220699490375405
-0.8376362386214267
0.8283324729308581
0.5139786170205382
-0.333049867451358
1.4359548689679034
1.10563431450296
