-2.2229375647278435
-0.1108852657640047
-1.8295513517185131
-2.426584887450228
-0.030597065558923803
-0.850302902402562
-2.6857717296889403
-0.8303769539406358
-0.26556364700852597
-1.66720483893317
-0.5003759623186734
-0.36678412893968404
-2.0550924377139284
-0.8747260035677841
-1.221029382617651
-1.419469303132663
-0.7902420896061212
-1.995479254840471
-0.6208081412698515
-0.3937889634113347
-1.6409186269820897
-0.5275387760332295
-1.074682907504381
-2.333338547700618
-1.1386255128078677
-1.6964381957130894
-1.8450886031897533
-1.281897208171836
-2.260609657216641
-0.99258579685976
-1.3159419025419816
-2.148967507091607
0.018173402091640672
-1.5982436087844816
-1.7144777466388221
0.9948106055892459
-1.3799885546477473
-0.7890160780479512
1.5578927549142398
-0.42841495523036655
-1.0124007227630407
1.8384397137181343
0.5212115054488311
-0.897608156185989
1.7445119864004657
0.9633063862181944
-0.008102115603127033
1.222347821857109
1.0651912312953704
0.7641009447615852
0.3969718600323191
0.15285830782905171
1.3799711642935073
0.017570363682420792
1.002765299600315
1.6281593519387658
-0.19499917944556053
0.25099058115900985
2.2321587918972825
0.3331187870836005
-0.6089153346113511
1.8392115270745173
0.5641562787608404
-0.7022890600408725
0.9306798657949202
1.2168902310056766
-0.32640224347420094
0.0336168814016694
1.31754200248
-0.5958584012818947
-0.07086076131855773
2.3910268930739753
0.40097663737258604
0.03162780445454948
2.0157545713268474
-0.09423798923384194
0.6040949267464975
2.8531315179916192
-0.24131702759384302
1.5831638017966527
2.6059892027812555
-0.9460524967140089
0.836063324533473
2.4413937419377008
-1.2142231419259226
0.22748804200508657
1.6397939637565626
-2.0152438285635927
-0.06433194996181262
1.238313107925585
-2.2596479197968726
0.0034167113355417036
0.38277932054384495
-1.6316708804723747
-0.6469638814398365
0.6257760100648346
-0.6072288131350329
-0.31891976647667625
0.5567982220031631
-1.3152939631181082
0.1642575540343366
0.6022609639403297
-2.202467146585058
0.8139104226274628
0.7526630843819335
-2.6384658661059506
0.7247121975150101
-0.1687984787545578
-2.6340385961015094
1.4404352008891412
-0.866262107050014
-2.0684039903667495
0.7682745093278831
-1.2825560709598847
-1.4766169122734896
-0.16904451336602855
-1.2347412180027966
-1.2988455634103873
0.23325270690773503
-2.083638251986145
-0.5933062743281782
-0.07572367726989422
-2.673198826840238
-0.4017066968407203
0.6895759664877672
-1.8463553839966
-0.09678389080777929
1.0612094000143037
-0.9249744317163818
0.19471692086691003
2.1003339367587963
-0.59818546897947
-0.6879987889544398
1.5680611865604595
-0.3188620892176191
-1.6604078126870199
1.454238402802285
-0.6227269212549452
-1.681167623983324
0.497807610028702
-0.2913567574864266
-0.9166363298123064
0.8070291481629895
-1.0155312704993404
-0.18544223494453924
0.21730333558317286
-1.0931150153972373
-0.7120285048196037
0.6318610926713678
-0.12328381977063368
-1.3630317102557068
1.2652005979743637
0.26448130427654293
-1.426215058888679
1.729024311704668
1.2932514764985
-1.001987112730116
2.652782176722831
1.1797462793383564
-0.42983751365065603
1.8519784513550157
1.7110711683799753
0.4836699517998138
1.8162942496378094
1.9037928999787215
1.4173066743924843
1.283568672505523
1.6393590721195783
0.6621020653412417
0.8171978096028815
1.212413236061425
-0.10040181967820538
0.5019986104794564
0.6665686490532273
0.01640432050864006
1.4131976974825822
1.0273708011644767
-0.22863607915554698
0.9612083746417259
1.8623107812056365
0.8132841430758674
0.9627151735533064
2.366526417076997
0.7614175535018771
0.13567121757646336
2.9323606693692716
0.22336335220105993
-0.662209296986886
2.616025375748679
1.1599804769002968
-0.4853596715095295
2.328307127247687
1.5988730240594777
0.43184986597797287
2.166170897695118
2.2843980698787894
0.7380011452502986
1.5598948647621773
2.111907655110039
1.2827253941789623
2.3535931703462487
2.278703399082729
1.7703478210046433
1.480650174918431
2.075113184868347
2.61595610817013
0.994321405201752
1.9213020313976752
3.0387152508164235
0.03747744883646414
1.11895044885082
2.5440138196233577
-0.4064829855122044
1.131780544557382
2.6994792663441296
0.5943597111407624
1.1209300964893871
1.709671434330525
0.8139955518709778
1.7975313208274308
1.955673948049444
0.1647609616395189
1.8631135228870241
1.1894225171658763
0.6736692188890157
2.312625777620875
1.2214172572491255
-0.1736331820228049
1.7178786053249482
1.847220371417763
-0.7919099263065442
0.8974199978889696
1.4349324616560635
-1.1747188274877296
0.627989855976397
0.5073836094843435
-0.6509857175912852
1.0761176533174608
-0.20977675278089464
0.24304818504382394
1.2989746340975545
-1.0540477923647458
0.7612430034276954
1.3648752023395578
-1.7116841306141146
0.10687151735928425
0.41476431959251236
-1.9280693840740506
-0.566255237276795
0.012871204513549783
-1.3580170726003145
-1.4009377565570134
-1.1401515164788478
-0.9235682023421331
-1.1272857567566348
-0.5464086240582327
-1.8118389384154254
-0.4213391854475035
-0.6249069116272014
-2.7216863251327137
-0.4232482801313306
-0.024233259084121325
-3.162822307049518
0.21655769698257674
-0.20075650947606918
-2.1749056863503866
0.24562942900369344
-0.2156756177630271
-1.0781943405181509
0.10074865538072675
0.1802946082811183
-0.6867035561596356
0.7359592918752611
-0.6027596192846011
-1.1848915584252409
0.9083379579364372
-1.1130628761553052
-1.1827222804664195
-0.1513046560207172
-0.7490468146157568
-0.4575527956041011
-0.4094436357624319
0.2042719189819316
-0.16410243794038337
-0.08734410340002154
1.0277259299814314
-0.25572999877295344
-0.6181817999449687
1.6950668222388465
0.28444819633147633
-1.3381334836557683
1.3744669813241062
0.9228150441204047
-0.7964024931628475
0.7142461314801501
0.524388728299033
-1.3967155806722367
0.3556911725283525
-0.07492066801444677
-2.221996567974854
0.1180959876986271
-0.65715668283685
-2.995352911117828
1.0769137988946216
-0.535961546294085
-2.7085845507472732
1.363660012830875
0.23310218164624857
-2.26005469097021
1.2796669491898105
-0.6554514609490308
-1.7609668169570756
0.8804505417603129
-1.2753863653722144
-1.1535233441395836
0.37831795756969366
-0.5185137459579462
-1.305193221929239
0.4613612237313904
-1.0865642569068283
-2.0261006993577704
-0.040333002896771705
-1.9357553927952158
-2.1664199167027456
0.6748881767246269
-2.207924858662543
-1.4339945058152137
0.31495868360853446
-3.1297641450519023
-1.6619593906579897
-0.2917549794914612
-2.434763464120688
-1.3274912066793936
0.3780200466433506
-2.8390316099966966
-0.6974273972697806
0.7352519411373402
-2.559848634348529
0.1803519912225187
0.5846998956176174
-1.6017107402436113
0.6825236986272369
0.8392423045273334
-0.9824785791678112
-0.09403935071230615
1.6984794205210214
-0.8175202263607966
-0.10006995609244297
2.0091344684144654
0.10448731081509044
-0.35082978289991407
2.060551708022394
-0.6549499515493614
-0.9936922898374198
1.89380425871817
-1.6009099281300683
-0.7576718327640547
1.2654888817896066
-2.4512701579419023
-0.7229379230733088
