-2.964130792438663
-2.3652970685979287
-0.33396483887161116
-2.2390892824688096
-2.7791595451049402
-0.880679246232288
-1.5017779217419305
-3.081074623658166
-1.444901389512653
-2.241439168052948
-2.4630813779338676
-1.925103403530263
-2.5167595400995686
-1.8378647144925475
-1.0645326999324218
-2.2086438773410046
-1.438563152043303
-1.9354525095035766
-1.4969416074460453
-1.08010276978985
-1.7372820336655599
-1.6882782228301152
-0.9688211294165774
-2.666306352403717
-2.1071654156404143
-0.06665107814634184
-2.971084870728274
-2.599106354146431
0.832526106880385
-2.719381638768033
-1.721558023781094
1.0661253439886569
-2.443967565789748
-1.3680507863462399
1.7023072035210833
-1.6301493354853016
-1.4475923115549432
2.010720399256487
-2.5423828924195306
-2.0675495792377596
1.5667678322496366
-3.2028448087333694
-1.6422107342790337
0.7373580137077208
-3.382712577755746
-1.093831800928903
-0.07344638231517671
-3.7672434989966725
-0.9008166169290472
-0.3220599446494644
-2.723576478112365
-0.7011923462412457
0.705749923876743
-3.0945540115436874
-0.29980321283247124
1.2403995134475476
-3.8799536593810418
0.6316943188075007
0.8565970044860428
-3.935180802397384
1.2195351211762202
1.0952591094956639
-3.0297576272811537
1.1769874617950522
1.1847309000108794
-2.049540279909249
0.6476819630109806
1.4419267846897148
-1.2273152874966655
0.25935108113486294
1.0754281249085123
-0.3686035858622755
0.44787376195435435
0.20212851037129978
-0.6907761039867816
1.1224482925542756
-0.3387014867837791
-1.5533150041756696
0.3549627605580285
-1.0293227105652962
-1.5117782937530895
0.6612255992332996
-1.6356418961107682
-2.4634162531569936
0.6813304738829672
-0.9436776660293253
-3.343928148812277
-0.0748454061746521
-1.6606763280992962
-3.1293023933332242
-0.3859747502102589
-0.7126938055156175
-3.5264357370998405
-0.10633362669754812
0.2531177342684944
-3.726026125828356
0.10724048477314527
1.0233440579775712
-3.036663903168122
0.5255630929420815
1.7778884029207942
-3.6577539813630944
1.4672742247953716
2.0101687044097543
-3.509920884430223
2.0108171452783408
1.237008587569789
-3.482490941228472
1.52807988964918
0.41477529745978264
-3.7863056064410014
0.9140591015412038
0.06785976734795707
-2.898948151416109
1.9357779078154516
0.4254551293811978
-3.0030276455430696
2.769109153192608
0.9704226010542598
-2.827801444002639
3.137344511418478
1.6320140195857697
-2.170370485392507
2.3204228637816255
2.153062772032887
-1.9280624216687439
1.658827181033632
2.4839812585149756
-2.453261082122851
0.46260435774289266
2.6061389026687993
-2.9454435343875573
-0.3006527168680524
2.2751981180953917
-3.649928990760317
-1.0306286190929201
1.5412516743790494
-3.3316131252481322
-0.7788176215243197
1.2808635021613706
-2.330823779266089
-0.14368124278029587
1.8715294320832285
-2.6387872675800437
0.7268001251679789
1.6847818456392016
-2.4739501798586354
1.2217872246281065
2.1383210274582702
-1.7781940789721367
2.018994012570293
2.415020852960347
-0.9596918286654326
2.1640879353533875
1.77802236551036
-0.17597973311207551
2.0463390785585718
0.9301749052722744
0.5123290646919666
1.6306291897665373
1.4975151858155715
1.1411175687613355
1.4784324883276776
2.2260170321167942
1.7508969473745735
2.037529742708395
2.3289519257877878
0.8768508933447753
1.7967289436976874
2.693124410949484
-0.056507947467106606
1.2327546675071508
2.9679478804393225
-0.8585423369257968
1.7777110063540817
2.9900892392432947
-1.7627198341224923
2.567946102568865
2.9279542732464354
-2.4045082631602126
2.4586988647996635
1.9368009339939927
-2.7797382347580992
2.142244360413972
2.8282609046305596
-3.2982833684099946
1.284132292832228
3.285412249467602
-2.917921695685691
0.8517180992774008
2.9273067309077967
-2.1049172494454123
0.26835692237494674
2.1122784460677226
-1.8976943164922997
0.2314884100513996
1.2114783902042698
-2.1249041200031544
0.040950081794098175
0.09727589939651389
-2.8582759131662017
-0.14092677393718003
-0.7603457000551985
-2.5421717794778935
-0.7799460281121291
-1.5239441058652246
-2.5016371361622305
-0.4794656777936265
-1.6503782764383863
-1.4064310498103514
-0.5107036765340802
-0.6989983711131926
-1.8021606092644034
-0.06383872707313748
-0.18657367913327516
-1.2769714799539202
-0.2337910047400795
0.6495233453665248
-1.1002875874847662
-0.43215990412323335
1.386914343013213
-0.4089600360984475
-0.4659738750068915
1.7177752572977998
-1.367806794904702
-0.6793671872119734
2.3454593296058657
-1.949309898122403
-0.16063018668288795
3.1251755593742305
-1.5426779829186261
0.35693575265082395
2.51088714729496
-0.8381386028768383
-0.6356022011345782
2.4627891241267035
-1.027650510809712
-1.6455117972757634
2.5253122609792498
-1.2143796428949656
-2.664227542884044
2.6250963122144433
-1.1531742458416974
-3.2432387431327325
1.7980028208748888
-1.0636492106130973
-3.6132459946043736
0.9548468031186009
-1.5531096053281228
-3.944938013593691
1.3284109113146938
-0.6243800247824844
-3.6951918963449
1.9466211333365049
0.12498145028771462
-2.9362107132581095
1.8219567399050818
0.662451275097695
-2.6066913497048376
1.2595200527232306
1.525015024277021
-1.9537115325745196
1.9582249178216526
2.0989879003697167
-1.4065491465028435
2.3620412687513777
1.6461330998509618
-1.1877530319053289
3.0510491222952676
0.6501885575047917
-0.168491316179946
3.1922096971519713
0.6093921218996152
0.6124791671536882
2.7310489193291194
0.0944701755529588
1.3232177627390593
1.9174859116266887
0.34318249910056303
1.1830716216404955
2.760384756820507
0.9346696396377516
0.2747790293922423
2.8773163280650635
1.4414902393286466
-0.541181720505018
3.215118250184354
1.5780282858730532
-1.7811394184795264
3.420202095426835
1.5842894116540354
-2.326378112813602
2.598178012719516
1.4670283461929308
-3.0151975655261114
2.0134021049006816
2.049463221768662
-2.499125238861568
1.4096085566245544
2.860494957826088
-2.000461907822462
0.8890973935354889
2.1597156252941905
-1.6454812896670055
0.7907208840617943
1.1747788973910622
-0.9699699851943926
1.5102210466378192
0.9169367430454259
0.032286194142542496
0.9170277090927439
0.5085317942481834
-0.08871350088956848
1.3232257941656649
1.3896019440834115
-0.4289257515780191
1.2607788901364312
2.451235306807576
-1.1867713384534586
0.42601457805673243
2.6432461703346557
-1.0062052174374132
-0.5468434491062764
2.69849569943511
-1.9056028554769793
-0.1801388376017485
2.785866248853501
-2.0379011205796163
-0.5684561505126585
3.738423190213441
-1.6239778260342075
-1.1512358440808061
3.025328529983519
-0.7365240560280797
-0.9579415833581435
3.516935642832984
-0.47023841373655845
-0.0980296528717759
3.65463773262995
-0.8150594980411546
0.480374160038829
4.270016816079059
-1.3970220907343103
0.22640455834790219
3.541594439294135
-1.1457318289914786
-0.4841321000130232
4.20990745476028
-1.492561073464825
-1.4143186600946265
3.9590504910679645
-1.2475657188426992
-1.9889608079251404
3.1484844007047794
-0.42829582362085455
-2.4656400733612562
2.550135380966479
-0.15760803290019484
-2.0226706828317846
3.63055018994047
0.48928628895620907
-1.3601604922166686
3.6331525156711306
0.1320980130566269
-0.8112412279768985
2.905632982258022
-0.22329949483974001
0.2859386706351627
2.571029145855674
-0.7071733534268759
0.504424353599262
1.636059464396783
-0.9377056123788807
0.36632077328626766
0.7491171251713228
-0.44509161518678225
0.48716147398823634
-0.3282734834589286
-1.1668319543713217
0.7132174961585147
-0.8836946518211156
-1.4544451395359188
1.8190899570876553
-0.6691662419163836
-1.2311588687206905
2.181746124663467
0.2867434266196093
-0.494287042265742
2.263484048875043
0.9274863008267696
-0.4738154678945854
2.106716461117636
1.9187572960359196
0.5511998601449426
2.216292823381784
2.221483398382002
0.6472359624934505
1.880507317939873
1.2476822299568175
0.7611696531942419
0.9837078604141823
0.9265617922943445
0.29777304893498696
1.6991589479138267
0.3711642256758244
-0.3236591057608867
2.4246820538177776
0.00105926582985277
-1.1716788076531524
3.038958206136926
-0.24411725160843983
-2.113601254997465
3.0213363584367157
-0.4397864275142634
-2.8967275793863787
2.342231188698397
-0.25645430196846164
-2.0732804949760513
2.6850761677267876
0.5199675096986401
-1.8516005391907995
1.8105915441910538
1.0311358951545622
-1.3328546805749735
1.5224170868820295
1.7484634282630371
-1.4365153888982025
1.441170615037738
2.794767716078441
-0.7257917036832928
0.9346266886758863
3.356416456720318
0.25522599648747524
0.6335227967045471
3.4321938997399415
0.7788933415465946
0.0473293882078477
2.7424274239063418
0.9717390587679642
0.9394400464377525
2.782421956399104
1.212669362009702
0.49248863151320005
2.0666525343080893
0.18940714296767466
0.4855395912869096
1.802253216868528
0.9617531482739458
1.3998126032592344
1.9717561051980435
1.9348956961967547
1.1284726477698064
2.1699618505212315
2.4243630505021803
1.8624820020106985
1.665652319208559
2.799504889440867
0.8986564178706942
1.649413378213232
2.4081993323840076
0.07327035329252052
2.010528830940928
1.700956177362676
0.4221881791319512
2.832685284993357
2.5262174446736148
0.6629050948888522
3.5875232178202743
3.466094409150548
0.3386475229248892
3.106904206205262
3.2623508555666367
-0.3455967032920325
2.3211094457972274
2.470710809683948
-0.9816832743832905
1.8407107655231574
2.236197667981852
-1.9807467469762159
1.8375110690299754
1.2823879355764916
-2.7126567477239294
1.5434082189099005
0.890607075119716
-2.9325378918022484
0.48419657695278545
0.07459480400682168
-3.653173710623188
0.6967796410944416
-0.30189447192921004
-3.434350021301942
1.7606111745736317
0.2702876461162937
-3.1052894406168674
2.6283437812116044
0.6603620160093178
-2.3887137153599967
3.3718779431534553
1.3480019946650634
-1.7056615490549765
3.3957785487311103
1.462572059002681
-2.3158290323682094
2.6873156065820316
1.190595487455689
-1.812303945227599
1.9273054082623446
0.7657168560747887
-1.1082312610683385
1.203973414640636
1.571064099593171
-1.686192108059897
1.0293234929481434
1.812758792102903
-2.743898137472552
0.4113633523240017
1.5184304405182514
-3.4431123869155846
0.9496700591860774
2.1993801728066265
-3.494829721397102
0.13495144180658006
1.961762765833651
-3.686975912779632
-0.8027667247133088
1.0756844988047285
-3.9372839177252343
-1.2815816493507548
0.0978832765757477
-3.783086894148464
-1.4930724147854748
-0.5658516406692553
-3.384117735608025
-0.965752399486474
0.33370796339874187
-3.525882830383169
-0.5913793597363274
1.3160720499837666
-3.3860236090413594
-0.07570132210698638
1.7736529692275256
-2.8079709910188098
-0.38530429253724274
2.446735895631373
-2.096888704003494
0.1204388610222915
2.4613413715767845
-1.4422501787847077
1.0161466518572266
1.7680342283542614
-0.834829553614559
1.325901430144659
1.5555253834533473
-0.370326843742612
2.236402009081097
2.070651569552166
-0.7954245343895785
3.3990668985907657
2.694601204466232
-0.2084550676990055
3.056299321674729
2.752415211617244
0.896001439431444
2.6461257609325255
1.925923126884163
1.299168479887765
3.097716112071972
1.1065939751626546
1.9511013549115284
3.0699061388801354
1.0890461898940285
1.1313487547691334
3.7927320044987107
1.2211291918832656
0.12170362053913367
3.6209798485819693
0.9539818275564408
-0.6978441597112542
3.1578453936923863
1.8502969708369494
-1.4294104254304345
2.5255852582070277
2.8224597789604364
-1.1568915398056898
2.84574828934635
3.459763603432619
-1.2781701103868774
1.9037271657096737
3.3436740892025854
-0.8618988834582493
0.9868536718529203
3.100270958062959
0.06882428342851862
0.3086375577755466
2.36228419569911
0.4390569714829222
-0.3457182675848849
2.095661085989107
0.46232823743602636
-1.1983788333231995
1.4059913455247406
0.2551257978206946
-2.0337756172412
1.6413249967706942
-0.5530529172477696
-2.758047424084671
0.9162693872338566
-0.47666663408785426
-2.348544856076693
0.593226304487808
0.17791756468360348
-1.9027819054814927
1.1713974359189896
0.6646426663602722
-1.345540225593554
1.5329480900953467
0.06267546296973643
-0.5908621965612666
1.4873699201245987
1.048957135492005
-0.3418444842944666
1.1810276590059932
1.9831278207333147
-0.6864088057708694
1.8324648198958855
1.3657100416436787
-1.203824029936587
2.294327257111347
1.1930977653721369
-2.0532152101528474
2.6745378995576665
0.2311660772135547
-2.2012140704271794
1.9326443064144974
-0.5787043552985224
-1.769963238391688
2.3096528880932135
-1.1694948745638845
-2.380818419835412
1.6616381533925164
-1.8264482440323417
-2.6674436448561827
1.4573138953899065
-2.5382189860754827
-1.9355375916192596
1.6107832322006914
-2.0743705123964675
-0.9461251985221388
1.7977206982902116
-1.4455212404926427
-0.24932602293234918
2.4598118116917114
-0.8325820211583094
0.1807131696721954
2.3853076661875114
-0.30287988428856755
1.1906028237753425
1.9714785485030408
0.4124963121107169
1.3097482339863908
0.9518949148974447
-0.13084589262363577
1.2294911901987393
0.2525511093516421
-0.43076446725263556
1.9689197256781095
-0.5773893168889523
-0.9670704719137334
1.9995477797970775
-0.44421448549292364
-1.9804591944278966
1.6402081835780846
-0.6864715266589864
-1.9674469371121264
0.7507441978262895
-0.990180758557372
-1.8673519516826507
-0.28430848921450946
-0.6931459625981216
-1.0160289878800162
-0.6909165616042775
0.0996340037545542
-0.4460148874841212
-0.2859932665578237
0.35817395702477284
-0.43848935258289456
0.6512973966996077
-0.5765180954312371
-0.3861824925048687
0.39375893224975367
-1.2384503599424792
-0.06545922426106787
-0.3592391533524024
-1.254453306349593
-0.12128075621603188
-1.2674822305650866
-0.7172179897918225
0.22589859146816715
-1.918432958549863
-1.6746203863924625
0.12817542760548944
-2.042841100569776
-2.765051781012757
0.3701855188182879
-1.8321034878648919
-2.2128775528059506
-0.5829005945283415
-1.3847397423778212
-1.7733092371955563
-1.2254629453369599
-0.8788033381342272
-1.541560477813809
-2.011608828683749
-1.333740547991402
-0.6691115890759823
-2.5381190505791262
-1.6101908431927003
0.1895951174857419
-2.8379043650189955
-1.3334267522551386
0.6544790210921154
-2.4793427098542584
-0.3842253562787872
1.2616238123001193
-2.892844345885225
-1.1209878337655732
0.7951733595921703
-2.003350098457762
-1.5021785839384263
1.5685797868451932
-1.3326782057436304
-1.7223887961799844
2.229425428973408
-1.9443231863739283
-1.9288240386213114
2.1742791246938524
-2.9863561641767276
-1.4572858327582807
2.725846924743927
-2.109917880967531
-0.9300299553838234
2.2455537393148073
-1.1673066701832189
-1.1668110944967114
1.0935941113930323
-1.317370867584292
-0.922219914939073
0.17564140036879278
-1.4797758805085286
-0.7916460467201646
-0.555543893355995
-1.288574858017261
0.14580966034316095
-1.3019957775339643
-0.932107949874723
0.1046881686731618
-2.045300081111245
-0.7661810714682298
0.7580259962055861
-2.4419374659780653
-0.7383763636307266
-0.050961622230432393
-2.7080961672157584
0.20630487790440075
0.1230620025026065
-2.3025249588378975
0.9525211659999234
0.4774929340818513
-2.0559122997822272
1.64754569014763
-0.07376201844703938
-2.9953879195240956
1.3836266618060835
-0.1818565865938839
-2.9272598448349028
0.892460419861486
-1.0711504457570902
-2.8062269943741147
1.2577228680909238
-1.8611946976125593
-2.859668046940201
1.8323005948998476
-2.6877832872479006
-2.181609718374369
2.2284903575626083
-1.9730251397265361
-2.2043326685696294
1.6785118533773287
-1.0001677489229848
-2.0176789776119537
0.8260743785727624
-1.4368355601470608
-2.0063797169058466
0.8112755582054503
-0.48672537512712344
-1.3959311399957923
0.9817696430339722
0.049358543264110086
-1.7416080109649528
0.2378984279706675
0.4393483170114821
-1.3365750102745673
-0.10556872857609112
1.3651917154329956
-0.4275677969297361
-0.15624706516211467
1.3241179404086498
-1.0797920117410635
-1.1282743857010504
0.8571390202833371
-1.7946997074985536
-1.5642895424014747
0.5772839759953486
-2.128657463881969
-2.121076699073637
-0.18090875853268124
-1.4011713710761988
-2.626174112977301
-0.5435836357452023
-2.0396362298425963
-3.039499402805368
-0.0169826571867879
-1.4163712112680966
-2.662583886116046
0.439280806126721
-1.4901876731752743
-2.124140693391014
1.3917450090578884
-1.2996276545396352
-1.5873956053465468
2.2320072516837635
-0.44311864989698835
-1.3900084072130883
2.575616414759069
0.47501495103223074
-1.6653945094216938
2.8198603091423693
0.15508041276051268
-1.3321468629643822
1.9277358798595234
-0.04562118863268558
-1.3767684767840953
1.0812130818249046
0.5668862557557685
-1.280070914220042
0.31649958989988786
0.9395506773413937
-0.575569999263521
-0.09475085105840163
0.723301414334539
0.19837901208808492
0.3180222919880698
1.6621971481442404
-0.023806503961149583
0.565408273039995
1.4567733172176651
-1.0845246916160463
0.4877048941815766
1.145047398126006
-1.9934402123353683
0.20380482346200393
0.6859431077669069
-1.9255500848508202
1.102608773841311
0.30180848354869405
-2.473015323704581
1.9135285243719373
0.704764316891379
-3.3201009602957123
1.4818484293867238
-0.1969692914427261
-2.7591910141415683
1.0559394762719658
0.03255349533297259
-2.2124993004814737
0.21382761291878866
-0.2513421441425027
-2.2884278530377187
-0.6841216740870504
-0.5595451808510006
-2.9940905551255974
0.13418113060859238
-0.9681064143927036
-3.313034619095942
0.9749998971699758
-1.9171606224690954
-3.005657848829574
1.1944595809932141
-2.5167897074540577
-2.3998603820634505
0.6037025573130077
-2.721004284005051
-1.4137008636913482
0.5964109044921401
-2.982254166930408
-0.49803359993923946
0.7388724502052498
-2.559921234929782
0.3175193504418282
1.1075780435004645
-3.2752934399193885
0.8446664710928491
0.6083113675631773
-3.5430464381533944
0.4787096087221617
-0.3016228300751559
