-1.9837219445832315
1.4443268921979533
0.5850109758947065
-2.477878477942678
0.5697826149167226
0.6571041486002103
-1.8275352950165447
0.77890273326949
-0.25397019357930783
-1.1008419261173605
1.132964646954598
-0.7100451960658936
-1.537999230587806
1.977687708694631
-0.11775086935872643
-1.0402570099468247
2.27310751493352
-1.0270097155978724
-0.4019015252282594
1.7122239156181815
-1.4714603355946796
0.22238500638740008
1.1482657200012307
-1.8474551867387052
-0.8215641140341425
0.9571693642026177
-2.033752936670117
-0.1874957890017216
0.28647093334794177
-2.123820398025557
-0.38443972005964283
0.7078016944152418
-1.1063307303058443
0.5673131709638923
0.06817260299598883
-1.4776938929227112
1.1575502207859503
-0.021955578095569896
-0.9289355835463114
1.0598402785569618
0.9561829728206488
-1.1521529722378816
1.452265518066269
1.4501359296866478
-0.38522911756955563
1.278864430520938
1.0076067226861076
0.5478477771168098
0.8635186275730253
1.7509365047533485
0.9636855764352361
0.2702876074266038
1.4923929063359611
1.7802664195476603
-0.09354438629282763
1.7374865628446488
0.7743633810873123
-0.0641546699031676
0.816737980174711
0.021675112235724034
0.4946297583895417
0.8428210603333666
1.0503925418871418
-0.18267006574792083
0.47156342861380796
1.7863212565177766
-0.816755173380372
1.2444120270087018
1.551951811623905
-0.9615065475195924
0.6878210523362733
2.284743825806268
-1.564141554236482
0.8166642168112755
1.4866876836175682
-1.4260533229923664
1.4853830187246952
2.15287426243848
-0.46551153100652964
1.4597306358294162
2.448146052863002
0.1563604446153549
0.6542622936467869
2.657535417399579
0.41760378512200896
-0.17125402555396618
2.1816417678940394
0.8006499577332051
0.6928363044293053
1.9266396579157234
1.746367034238774
0.9304439882380146
1.453105536514296
2.37567066887503
1.0050969043398268
0.6059029576828839
1.88735561247627
0.6515243884623112
-0.2648783828738247
0.9199315664247806
0.7250695800596487
-0.2731254639853533
0.5499337762091482
1.7141486451556665
-0.017491553166100036
-0.39117044487273417
1.9173872208823737
-0.1594632886794271
-1.042509799228255
1.1141301702751094
0.3103657652853004
-1.4109976009789642
0.2069056124646578
0.5775445060405189
-0.987588041463428
-0.08987065457784592
1.3948278272782784
-1.3628513146350996
-0.9175858993828714
1.2996633680389171
-2.03620079925855
-0.20025791363901813
1.3420460766997586
-2.099707634657594
-0.7732014146915731
0.604370561126497
-1.1944868032452398
-1.2649367430302885
0.3660002794722334
-1.178659676979809
-1.2497619214802242
-0.7104554889795724
-1.4545800093442447
-0.37712013624302965
-0.21938230399426484
-0.5497401471287479
-0.5313585559215506
-0.4464302835171471
-0.35948719122079076
-1.5142192458893844
0.04752586849825672
-0.4073073930097843
-1.2186265182502596
0.956565540538696
0.2754843384439492
-1.177211369676233
1.7277017432473152
0.906716721755002
-0.7217620084020384
0.9607271507619148
-0.09200491625003426
-0.2544576012912422
1.1945254138715602
-0.6991971618498658
-0.31356653644353416
0.6020877024809925
-0.5747087448018477
0.5289592077127576
0.6927946839027848
0.14075858328361612
0.34940324619809127
0.36790153016113347
-0.9529259227563537
0.28403498550941364
-0.226266140556023
-1.2662365187185733
0.29016329055864915
-0.8727508504626673
-1.2239005969219223
0.024405672476820777
-1.9281477394039053
-0.9361199081758965
-1.0468756049032797
-1.678214339480981
-0.22966141141301238
-1.7631395157061565
-1.9405466299695198
0.22384162437306748
-2.3350424760400257
-1.1583226981273995
1.2773379626949557
-2.005106943315366
-1.0154522337196035
0.9128820352913699
-2.820242739281946
-0.6157121014946613
0.222499154312952
-2.2925850779617996
-0.14351265511253047
0.46391946263459466
-1.5435799490286508
0.4779885730713579
0.36092791095657417
-0.5165502711558035
-0.05428193330990966
0.13731757090040744
0.07355547785574136
-0.5321181704223872
-0.3973094807757926
-0.1952436235084808
-1.223280999535869
0.18636682769879992
-0.7721948444279341
-1.9607741405984385
0.47589579805356963
-0.6925070603667739
-1.0428814453068957
-0.30318353745442933
-1.3754129517665368
-1.1126917132234133
0.6556763809603127
-1.400415723634328
-1.6311399457396103
1.0392020613444546
-0.5953749423370983
-1.7839095533104221
0.8596683546741484
-1.2173642484459084
-2.494654956690161
1.5793915969979964
-1.4735218017393865
-1.8039279535719879
1.335270548064634
-0.9947633384497832
-0.9027972178614023
0.7419659728509682
-1.4088575392553027
-0.4894658282157112
1.163263479170799
-2.0730596370922822
0.016449925617818672
1.949244661223859
-1.5697920503244853
-0.40354413473854406
1.2234957955692722
-1.0579624109024681
0.10525185855765962
1.9657543709888423
-0.5553089530893537
-0.2245966517541969
1.988119504643584
0.05181025491407778
0.6436086725662438
1.0532665543171602
-0.16633384413484695
0.25823652928360635
1.1297126031689415
0.1774930657497791
1.1037441864358357
