-1.5955177750236502
-1.4631117139222969
1.3894066896631576
-1.4405631027295305
-1.2677706846766081
0.3755540023393205
-2.285709988482196
-1.089537759727295
0.9052353320319428
-2.297938468991206
-0.9235154807275006
1.802421489275743
-1.6580821943720137
-0.6551970001011374
2.6553315862173927
-1.1400287200987593
-1.424123707406386
2.219712361131252
-0.2735324878302405
-1.833746427518131
1.9940783139500566
0.02440585074161322
-2.7367004830734354
1.269412794758814
0.6117290953269238
-3.3014662133030175
0.979189040862536
1.674440116144694
-2.9235752925448732
1.1065741881192737
1.5338251313448843
-2.3548356766082117
2.239215418280825
0.7952028328183152
-2.2601448662306534
1.4095913497302175
0.8841923160277589
-3.2523042296433737
1.9460930807136025
1.429407526204876
-3.8693064586959753
1.311658779467829
1.434392806100459
-3.4789913541569075
0.36776380363435107
1.8899599382882541
-3.069472915917168
-0.46720092402726743
1.4951891644840698
-3.149579686314465
-1.4086716270780495
0.8579831511567908
-2.3783935316365548
-1.680849443626251
0.8071656561905919
-1.5970188031145243
-0.8922587186998393
1.4887624786547218
-2.219065100903338
-0.7858181157421175
0.6122196905273223
-2.8951246405442657
-0.8997731345817709
0.26519323954541196
-3.084940730205456
-1.8416705251400245
-0.021768017078710136
-2.4135478471913703
-2.5542241457419554
-0.8258878836623896
-3.039938209503156
-3.0079778344722565
-1.830933030181912
-2.85360786480815
-3.181013842899289
-2.7809516168263135
-2.552898282349669
-2.900819407810892
-3.3674616620005966
-2.3044080476574327
-2.0159111680854123
-3.621982097560261
-2.1007439483645007
-1.0730626675348085
-3.830482667459537
-1.4084604249088137
-1.8849165861781618
-4.139610669610212
-1.2578588341239345
-0.9134611207812027
-3.2660050959544855
-1.0800300444365585
-0.6000372405839992
-2.610039323538956
-2.0911871162711977
-0.6624351068701212
-2.020145624818018
-2.89213680317446
-0.3746750377873602
-0.9937077963500723
-3.1884333865002232
-0.19146309442533171
-0.046401996134438864
-3.003468442627981
0.3391111395308234
0.9496191655609513
-2.6294757991263764
0.48178291375250326
1.6766287876866863
-2.000141030937586
0.8013768716993893
1.1017261129969351
-1.72459846431007
-0.09120357813578632
0.2518794116138566
-2.047851665066787
0.09749564759846197
-0.3189899178300636
-2.5891278131393762
-0.6261230394250656
-1.2412880329646367
-2.69550449172422
-1.0264295695041488
-2.041338473887051
-1.9562745108165647
-1.485338503406542
-2.1887996483698515
-1.0514937042789845
-1.838256867152492
-2.1797505631576426
-0.48009294118867696
-2.756373354837931
-2.6134063385675743
-0.0719453258613676
-2.274161182078803
-3.1105585177749115
-0.33229081561378665
-3.009141100723944
-3.060259915223251
-0.920102074663971
-2.2245202811328486
-2.851661839459987
-1.490943708474099
-1.5177598301712991
-2.550037813286542
-1.8919997371429922
-2.1461594380185898
-1.8108893236238754
-2.4101907991659917
-2.2365791915160997
-0.8854525410041639
-2.764209962527807
-1.8862742918728235
-0.16223330578679157
-2.299166237979489
-1.620077993104136
0.5901554650852252
-1.3170449123557573
-1.8878329668465594
-0.24899475332381052
-1.2628612538137292
-1.244965899141362
-0.17557678222133982
-0.6803735069329294
-0.6335098264092353
0.2255956083466859
-0.2118679016768512
0.45557784788930233
0.6713986646921436
0.059183508051330436
1.0165575384668755
0.007174398696500179
0.7018479778200948
1.7433475490694765
0.5532013788164634
-0.330921322772982
1.9451542473131993
0.3385597646986822
-0.7125736247027373
1.2428009987263697
0.12343714941870046
-1.1080469193842346
0.23490407211213005
-0.5034075056772863
-1.5198647677918073
-0.425746018505615
-0.9869429812889128
-1.0304595483252292
-1.0134816153539583
-1.02385420681769
-1.0308512986551945
-2.0167166115966055
-1.658140899185592
-1.535586369287096
-2.6284887040403
-2.6818835671891645
-1.4648220381903463
-3.2211159958598263
-3.616914410828134
-1.177736678375433
-2.98826272573548
-3.83044444944257
-0.4931551926094531
-2.2971594354334255
-3.268481025184867
-0.2156564176287455
-1.4718066758418138
-3.107619830006805
0.7700296021942544
-1.7960825763413062
-2.9679473027823193
0.6796456303669576
-2.8274333827739944
-2.542067633697499
0.71560007421003
-3.7363023946915073
-2.3241262023648788
-0.2738251521311595
-3.6533788783133847
-1.8166036264814645
-1.0995723312602717
-3.5266515328832027
-0.9396611409357292
-1.1937058283446083
-2.990281675204647
-1.025387051875047
-1.947964455459522
-2.729343443140497
-0.9217216209666204
-1.7947790889363064
-1.6986027500706729
-0.34423453297930584
-1.4525190685487306
-2.475284445214357
0.325339907600945
-1.128348031576239
-3.1018280710617354
-0.05115958821050653
-0.0755559345247874
-3.1877524175526384
0.4005169642536517
0.3656209567720335
-2.4327700387501388
0.9130011766429244
0.39893855352889207
-1.484122364779947
-0.0038072389848684603
0.5241237371376946
-1.1786249443437502
-0.788628499555288
0.9752584386599229
-0.776756953309361
-1.0522457172617445
-0.17254638654359794
-0.6622839670014762
-0.33568880634212367
-0.501977579840848
-1.529776903663992
0.5224589424185339
-0.5686058533563618
-1.2827130162597637
0.6075865651863739
0.10010145910993352
-0.6893536181570806
0.5810285591862022
1.1209698436718007
-0.8076808464819284
0.18778173021755634
2.156249688089745
-0.6443005971166547
-0.4444542333190174
2.864676764095217
-0.026062022788464617
-0.3317386790776683
2.903993861588118
1.0457537238491892
0.33665795378813124
2.527333870724835
1.7168676411271797
-0.2429701433389061
1.6543081732705998
1.9999307692926802
-1.3799159192321169
1.8399952363295926
2.2502315898119583
-1.8710767361453868
1.0410207705181533
1.7144955649265154
-2.3045962241490163
1.0262444561958948
0.7760320091670717
-1.4693779761575678
1.4601053267489144
0.9255696105617267
-1.5060739593398567
2.0599018941423637
0.20196367836213316
-1.4642053749331734
2.482387549119859
-0.8341016009819889
-1.259657229808274
2.3239347201063048
-1.8458077794122145
-0.8561764986964748
1.6178060272144126
-2.538087145611961
-0.03741162335564003
1.3106867684393464
-2.643813890157967
0.5622564560999936
0.6970437379488752
-3.33471783729583
0.9597225614515522
-0.16334391272560836
-2.9881515086356
0.1885315583481065
-0.5216843053522713
-2.288749131480816
1.1810603959991859
-0.6062388536672801
-2.1794243976172623
1.398825680528442
0.39589755897376383
-2.3957539687904896
1.0227071617867203
1.344243511972111
-2.6477471986011913
0.38371141546156534
2.117418328018496
-2.970291128105433
-0.5945601038101201
2.462667937895567
-2.9578210335483943
-1.6416793398874352
2.2649052182766587
-2.830408186135157
-2.2316262974546115
1.424705585415785
-3.006299591739496
-1.9840171415435903
0.3338543513790584
-2.9298173869781188
-1.4171994387112128
-0.1754202959289789
-3.3661670903945446
-0.5335291556045441
-0.4922413329532115
-3.943392570751572
0.4716388634548045
-0.5427549935367406
-3.988879439940427
1.2837399289030298
-1.0746961619065867
-3.5406585141952993
1.1347246363885353
-1.5180408499807152
-2.6530314297507163
1.6181862165638723
-1.5615273817647723
-1.740564292601392
2.112175981887835
-1.6379209715168057
-1.0533466338183988
3.065169877098192
-0.9888912849732263
-1.2677846616191137
3.2405957251783
0.056659760545571335
-1.0565537455120093
2.8939044401669634
0.9919488181594804
-1.1876741361373402
3.1437040188097756
1.7761734243872713
-0.5386745094872787
3.6021894933878786
0.8902441806595376
-0.5464903012652469
2.906463104582209
1.135802467736374
0.2486608930104364
2.9068757069704794
0.38238903885135733
-0.2100113957402352
2.1126193843797973
0.4955126992637862
0.11471877279833519
2.0612954754774457
1.3031099503588544
-0.6393159091279059
2.0090170948490846
2.106910170209643
0.028636652016122043
2.2984859090536225
2.918971468049856
0.40528143766379776
2.9423994176440846
2.762456458360668
-0.3399382713460619
2.953866381501447
2.0741110154877425
0.46412041503307794
3.619960742010632
1.4519419913444553
0.7751214711637698
3.575910671445137
1.4715363927606766
1.798033393925272
2.6085124410412237
1.8706865047382752
2.061991449585455
2.7308284768161406
0.7562022152445327
2.0383278924401265
3.398458425977855
0.5583131996578319
1.2346640659097818
2.564289856910697
-0.025316648686026358
1.45649275193939
2.107164109106796
-0.8305319657243013
1.1574772505398216
1.9763843228909375
-1.0211233777996411
0.18953376175254832
2.594894244792735
-1.6992844731362924
0.730297654762724
2.1406686006588336
-2.1706709561654116
-0.14348335657050254
2.7678965505768187
-1.4716223607598498
-0.15292585137249096
3.3049565247554606
-0.7016460827268806
-0.3312613453611077
3.5898122524611624
-0.23233177072970557
0.6362703882170477
3.4305702688498148
-1.2122914274259544
0.48542757860472624
3.709209223333328
-1.5270603674449268
-0.3998359883317999
3.1629267728523836
-2.03235409448898
-1.0724525464197185
2.325574455401442
-2.5593780040367786
-1.2503277006324467
2.5373820518525445
-1.7776945510448894
-1.8848285924685304
2.2411581337513864
-0.8459111810347647
-1.7007258165996242
2.296450367923147
-0.6223735165291946
-0.5984222184681675
2.50876563027858
-0.3691797457740892
0.531178457719404
1.7790185737420932
0.08047674212111183
0.8253408804911436
1.071400035541655
-0.4665995845162541
0.47691385128968433
1.0373890016453773
0.46943103786462426
0.3026470133478664
1.4145514436635824
0.6592766288715204
-0.7815658645608639
1.5626878257940668
-0.13153600667447607
-1.2490932371284076
1.530518376739438
-0.9858243882235826
-0.8951963261509976
0.7376237709984756
-0.8625516885599105
-0.19959488519592658
1.5996673609051146
-0.4040601181508905
-0.3524501968139652
2.293122089915572
0.24440413203741748
-0.83805026300078
1.8570977166734395
0.7293696959011013
-1.5140508405919302
2.3234831862558187
1.6937670273669723
-1.724062895094959
2.0509907920223003
2.167559410642728
-0.9261659114871722
1.3650468070751605
1.4740575045590485
-1.0825138149410256
0.4971799064772506
1.3212239493158635
-1.7445537343569903
-0.45729858792026995
1.3347104255301658
-1.764006767054721
-0.15668136483940787
2.128805237742231
-2.115038580056131
0.7665202538139665
2.80213855182851
-2.311625565334658
1.6163241818353653
3.2559422770730144
-2.1873076930086275
2.392087269045292
2.9624087640852053
-1.5688909645755746
2.0819540233035343
3.204486984182718
-0.46480435990431923
1.3898395863613888
2.864566587547613
0.014086725864985843
0.25333647867959996
2.281244781368259
0.2133211580109217
-0.5978887307790589
2.1994652592461112
0.5634345917775161
-0.9121202122757729
1.874501731278921
-0.4045057348226914
-0.5653694509205619
1.0598156111618031
0.16084901925924855
0.3023534452000505
1.4793845275276292
0.26980919756790195
1.2725504240832817
1.9422342608690015
0.6741027358281808
1.9257440852036793
1.3711070963208731
0.6451502933181213
1.9628188892168767
0.8036054317688379
1.36840743951157
2.705607370399195
1.4639689698670149
1.0451927783841901
2.2109152860245453
2.1267242974352745
1.1899830912621965
1.2682761264593825
2.172125307346102
1.6743919911366414
1.6814327439901993
3.1201055561774425
1.2962722065184733
0.9967565327264434
3.789257923680236
1.3651797507837289
0.13753954561157966
3.4695097372079418
1.8621616570200759
-0.8394158609902125
3.2247876397969875
1.6840804091857864
-1.5053426991858916
2.809300435430652
2.3455417595372134
-1.1086097691560146
2.2914109628735813
3.098401820843522
-0.2138042113968144
2.6501921768787278
3.470345907161367
0.7974884275470149
2.584991018907868
3.57034333002395
1.7967730218934914
2.7197507248581267
3.2821528899774983
2.689648886447456
2.3112316285549483
2.9547685502473895
3.190116448335073
1.4253958984463158
2.768655619284298
2.4578132119031117
0.8082615351955408
2.9021713543960126
1.9157644396330578
0.20620280041877098
2.08078067650477
1.3738997595580649
-0.3676637327842269
1.6766424207890438
1.0964350123547797
-1.3901505503578835
1.2168564844213494
0.21351771179134638
-1.805171852450623
1.0714094423379759
0.5374612466059824
-1.4887792093831875
1.94132059647163
1.2265514412555076
-0.8831062091785279
2.4340500711821864
0.8110014325747913
-0.3860942804222946
3.128462499693356
-0.19122817741585732
-0.07674736347831959
3.4701091784614246
0.6802135875856066
0.5667295950522432
3.6687915052542963
1.383656660117028
-0.14718854113515473
3.874433507952138
1.4867825876515548
-1.0007410757577213
3.4235246429117274
1.949825882954938
-1.6179871220935909
2.6731773137727832
2.0155836372467064
-1.7701826123408693
1.689036592122102
2.179821213468304
-0.7580108365481576
2.188109051789267
2.8831495304245935
-0.09200316592760445
2.445480525857056
2.0047141902029413
-0.22688790558769809
3.168688904759964
1.284509590466962
0.658369308914836
2.931770761458732
0.8217100273111073
1.2880578063824095
2.321610699741867
1.783428528368981
1.1612755305716396
2.2025473493296674
1.1191879006109786
0.5669824862987217
2.0463246507635264
0.3773903985532552
0.5559552035605781
2.691788107952139
-0.39300152775596375
0.040755537823191856
2.466990633907834
-0.5537954229292188
-0.09001013008190617
1.3680778091227197
-0.8322198230521061
-0.9965851266137704
1.1550934212971937
-1.5256494203479587
-0.48324418319471213
0.7289085790415752
-0.8840215830268982
-0.4245665315681829
0.049674503819960095
-0.3657622165671735
0.4436963846886368
-0.25842002896552063
0.03452558643131861
0.7513631508448407
0.7390553222187867
0.23006098107240625
1.7289625607344916
0.9760229504714123
0.9961434198940997
1.1959895013299282
0.7618219377712311
1.3673065612484625
1.3501144746254004
-0.06621143531076257
1.087178560612097
2.2461881476116083
-0.5983846554328384
1.30211473952103
2.9986536727386732
-1.239214371361812
1.5998097644294358
2.3191021027754557
-1.8988641080932378
0.7434308474605226
2.261052805267288
-1.4000410893576005
0.4941981368052609
2.964796403873071
-0.8438030305447174
0.4039382455247142
3.460797027854857
0.09288912077195907
0.7905099496172977
2.924365760961827
1.0571586143897385
1.0792675708921071
2.9991983714959773
1.968137376727633
1.9234166005035287
2.533510497839583
2.3114683930957947
1.8656905090659368
1.7887459067020979
3.003739071301981
0.9857350211022137
1.467888759745733
3.361144405917767
1.107465733889373
2.2765471430983255
2.6265847724887976
0.3472408273797425
2.896335287418485
2.684083047399082
0.04855376640889675
1.935104312102394
2.8498752867583597
-0.5746127735449424
2.563781832533896
2.3613062226838073
-0.8486798134486242
2.3083941570298423
1.419377793111114
-1.124330686144657
3.018019967627248
0.7865085369996169
-1.847165087863035
3.0898791188145087
-0.12315932878907915
-2.3045064809455984
2.2041504140118824
-0.3830902003000153
-1.681705650750553
1.5235947129672305
-0.8277094254108508
-1.5456387782633272
1.284482338931051
-1.813961050981496
-1.1186650323922387
0.6553700942777324
-2.4787220983043468
-0.7279691881015977
-0.23092671633032513
-2.5822071146792496
-1.640440934336512
-0.01071184479842325
-2.1170109222120663
-1.9842463955098149
0.5001572140204913
-1.5195783391218014
-2.6416879586049964
1.078369342223005
-0.9334286657286031
-3.0083133931085895
0.8404845134077514
-0.006424146359972565
-3.4314165134134664
-0.1929529710428662
-0.15574004680492706
-3.4740676908888717
-0.8340224158575748
0.5118243793189478
-2.6017889191676433
-0.5879388287701307
0.044944552695923325
-1.6690013707422913
-0.43488885350637774
-0.19703625417131101
-1.1393627685300383
0.34157338402605913
0.2097392228123454
-1.5335039052838122
0.5722440347741802
-0.7465754695923731
-1.114895854653666
0.5339032704127195
-1.526162630446549
-1.8058026789226473
-0.3001672874700725
-1.1642525724744033
-2.2367500212394362
-1.1814527913889687
-0.7595635671460966
-2.8728848227403465
-1.6307442028896573
0.1419877052003925
-3.8456603906407167
-1.6127231148637935
-0.021722450539596712
-4.252495562877832
-0.7079188346915386
-0.08048825283821091
-4.091736720383499
-0.24860551274583
-0.9456911389995396
-4.0043575300268435
0.3685904933934738
-1.724448570634662
-3.4961130754506646
0.6017196620031338
-0.9511943356170566
-2.504566480156739
0.1320045759025362
-0.7687157317532749
-2.274988015007205
0.2510154672243232
0.06596286579877121
-1.6427889698846918
1.0967818008364487
0.0473180873915966
-1.2400123407730281
0.5367667495915243
1.1306208133491973
-1.0772133175762877
0.28497868103395185
2.085742949278473
-1.053382535680248
0.008201199046581436
3.022107020467425
-0.6915203423758359
-0.7100492056614873
2.8813251646661153
-0.8521302658095132
-1.6240541646084086
3.433068889285553
-0.8076066074815119
-2.2393070369486545
2.6384900523354804
-1.0132198501531386
-2.741899378011252
1.8007997756176868
-0.9317055824365116
-3.0111660175885246
0.7731844895028998
-0.8112837993255962
-1.9431253120310528
0.9664120888664494
-1.0453816849175024
-2.284210941239657
0.13894271644454564
-1.4506205153267526
-1.6708973886408596
-0.527409125093431
-2.0310126155690775
-2.0751101980578914
0.1680976688999061
-1.688010862986982
-2.4775333613214023
1.1136425291374095
-1.7211744295144855
-2.1840029161832972
2.128813204830816
-1.7508179631836815
-1.6211592671531863
3.023287253000811
-1.4107474857136864
-0.8266030104958333
3.5381550254218834
-0.9834985020962543
0.015530766349216837
4.017006670099053
-0.9019941703246297
0.9543389674064413
3.5898255846211082
-0.49553101484409123
0.9362612806134374
2.6432032631721945
-0.9662778662462828
0.9647680330597136
1.7988005579803081
-1.5270901357502837
0.9925070274325005
2.6150113127854846
-2.1647735017756653
0.31537350159375693
2.3972140506655286
-2.064866717015324
0.06024924384899163
1.445584404768108
-1.2563314752814603
-0.625190202211615
1.5375467890192618
-0.4334260676102049
-0.9973847037628776
1.9481244884797255
0.023136497152905302
-1.566940324235927
2.7620343532081337
0.9557451357374331
-1.8347182884906381
2.8497745074249408
