-0.4743779456862811
-0.5625175147554637
-0.12402409064358531
-0.6278964215398729
0.41334561866862646
-0.28949811366462974
-0.5685826342218266
0.9752487204451694
0.54633651291284
-0.10052687090178566
0.0945584028823171
0.484964439051148
0.587074098552076
-0.0399079921123513
1.217006489882428
0.3719085488399155
0.8952892631578774
0.9130728740408074
0.8769642786480036
0.2633242948813182
0.30257737785194766
0.2088935595990073
0.9327242494697409
-0.07731010333546234
0.262208067146282
0.029447977302185353
-0.4589354787843781
0.4712373147198906
-0.6693301661882164
0.19098614596195362
0.21655254471771682
-0.9119697727380396
-0.7610814521722846
-0.48072917850717367
-0.23235263167679537
-1.057583086524866
-0.7427253613659527
-1.1878604493363605
-0.8865115145759062
