0.1316811614218111
0.582256047596803
-1.2220676613997552
-0.6368518978201427
0.37375433232264244
-0.6260417198995271
0.20536567826028188
0.7707708135991389
-0.24521621274227853
0.19555313586457304
-0.172914774559428
-0.5632866890784614
0.6964752243733018
0.06564472116263498
0.26837943526878527
0.19229549753578315
-0.232677016797263
1.0780647408239765
-0.6530187493878225
-0.6867473452628459
0.8012119995997509
-0.3045339149964975
0.08550203144242625
0.26878974314735576
0.1730338647487092
-0.7855888095041105
0.24016636428014293
