-0.6205007283785199
0.4804489738810983
-0.7080278475185969
-0.09099503799149859
-0.20378920720387014
-0.21607009529539245
0.40108178225224855
0.4472995044824999
-0.726018630888169
0.7980688520965252
-0.46419765764211657
-0.5156631086337838
0.4532295939941109
-0.7246600216019986
0.4036337530013946
0.7184039972882477
0.21644893212771624
0.19354320038049788
-0.10177689409642772
0.7716381154849798
0.08224798912001778
-0.9137284114459258
0.18384407363573796
0.2350194089831087
-0.5672788435235891
-0.7542037148673846
0.48001873870852946
-0.07650431019517114
0.04717100170333869
0.7713165921424046
