-0.09309252584743756
0.05774199248198491
-0.3854989937691391
-0.7669379519621966
0.4685635613513418
0.29713772921622045
-1.0178667998083843
0.42554089433213516
-0.7546602589487623
-0.30277453083252387
1.0857050025388597
-0.4295999215229233
0.6280716406585557
1.4360257653337918
-0.26530774422524195
1.397641502336171
1.1500922030620255
-0.866757323104164
0.6388322460620112
0.4848671898008149
-0.6889832014450913
0.28488659471072764
1.224462645370257
-1.2722913082287342
1.0157430335724515
0.5047913192007567
-1.6157712488326128
1.5157721201683476
0.021523526982644137
-0.8364250610654999
0.8281184044948094
-0.2751297291964001
-0.17622185609113017
1.7672638897512487
-0.3376214191615841
0.07713392490226213
1.5440317163500894
0.28180990084148133
0.9016691997728414
1.3865480000692638
0.5512788132810199
-0.04506803751797327
1.5862863888515468
1.553505373743522
0.026228763146956928
1.030872103705406
1.1044492877695313
0.7555476794129433
0.5643192704585681
0.2267477159696591
1.0884782250375304
0.22744643855746827
0.40647040110782595
2.015349102792883
1.074507481920881
0.8275960444829729
1.6564205001652008
0.30444169824894163
1.4200787236951493
1.3200072429272038
-0.3581249966677395
1.3950228034908183
0.5294596654153317
-1.1863481765400252
1.4270986570252162
0.03185260535282233
-1.2762767271992315
0.9514792627137693
0.9563541384872476
-0.3935677316290082
0.6365085385006234
1.0597743032561384
0.10035652848712054
0.5487171164219768
0.3043687580020473
-0.12939060115865342
-0.12363930634285737
0.6374034701765336
0.5340068443000934
-0.7737987399837594
0.8858337264620666
-0.2036195062935434
-0.36400586541674573
1.5095519486985496
-0.8199950667721405
0.27643767878999015
1.9748559842745586
-1.0803181393908892
-0.031906003858129146
1.0377540809422867
-1.8857597391464425
-0.32059766168043036
0.46872759970463734
-1.7243591760569799
-1.1670093144345395
-0.024212006304366186
-1.5115143043463193
-1.2145019261365453
-1.0128404686433092
-1.7064400714824213
-0.31494767685057057
-0.5223705440500721
-1.014871782311741
-0.4667520763633399
0.11691910752039361
-0.00047620821197038015
-0.8958044854503664
-0.1566906300562065
0.2212937026082172
-1.659591123207636
0.4964365532416964
-0.6251684211679543
-1.186835070734088
0.8066083602013497
-0.6850841567054504
-2.069356990845728
0.42390021849994264
-0.8057841011281281
-1.4283563025869173
-0.343215266781731
-0.8318332273405337
-0.6048759051726089
-0.8883152424703042
-0.5182598021621454
-1.3627305158706047
-1.2954193204908346
0.430725620589286
-1.3204867534307314
-0.8661827598781514
1.3567660237216255
-0.9473795181825735
-0.648582371957867
0.7108478443934976
-0.3676680448900143
-1.1705975821976984
0.288313112965061
-1.026912276722333
-1.8316722437563782
-0.5328640406291149
-0.48273389720691523
-1.805549724597574
0.03363557780975275
0.2761261854372398
-1.4755397716740655
