1.025399229354442
-0.7794126938020146
-0.5215849356981862
0.6664387317120384
-1.6310104002608523
0.10093552194580052
0.12282068856588033
-1.439549514491789
-0.8300599271150118
0.014838518184768168
-0.7017110048137265
0.09177090706384199
-0.6862196690203042
-0.898173264239015
-0.5612195192979658
-1.395719026371913
-1.3704771890437484
-0.10418571295858046
-0.41646536020574154
-1.6103421990162219
0.04925973762345633
-0.807814892449557
-0.8199466332875196
0.39393297692648016
-0.7542065725363798
-0.38499069270089215
1.2979599561729693
-1.6342325126741357
-0.2833113905835582
0.8281038673498077
-1.3970837735350112
-0.3304620787772982
-0.16474445522906841
-1.2516453631762121
0.3013272682517716
-0.8984699637662994
-1.7159940244966472
0.5856307789136334
-0.07799370858165881
-1.294402782531534
1.2047730016928404
0.5514596326170268
-0.9800619493297361
0.3605374835370831
0.40600811618522814
-0.30750768750673013
0.5999128282504886
1.3460687149289017
0.1261008280871279
1.412688084352127
1.5857079197344928
0.5052250744584693
0.8677068889793927
0.8606072715415287
0.5889613201567564
1.7101347633099941
0.44786755643625453
-0.2935892652248374
1.327944221853565
0.698432025588791
-0.1652100560442261
1.798167661845762
-0.15980450627603165
-0.9586510858666184
0.9947613358075343
-0.3225215738923298
-0.1344130726760978
0.9886656630217204
-1.0634220798584761
-0.42551988517014533
0.19204738285430853
-1.4897805195200942
-0.24998818359796413
-0.8018027041558532
-1.4895048400550377
0.29271326746479503
-0.2043342641514934
-0.9620883438148119
-0.42773629810888253
0.024516547790145952
-0.30459051069645693
0.06318666845642083
0.0004517523001596885
0.5077454181891479
0.10014607124326934
-0.905829840746083
1.0278416342032508
0.9387881301359445
-0.7130985979797526
0.5909660670405209
0.5931246744678131
-0.08087075735835723
1.3325003529859654
1.330362950451543
0.1946653113816795
0.7063941053621028
1.712134713951955
-0.4533775636781731
0.020856261687708266
1.8492920958952785
-0.8888549579360211
-0.8673639913997601
1.0694512954054998
-0.6408374735406105
-1.4366078383466538
1.490964178703721
0.0004234270211779202
-0.8374206648517057
0.7239121251949535
0.6887463315676614
-0.8021829232598892
0.7727276282597287
0.016452690262963948
-0.04007695335010527
1.0866900523441432
0.9359141640427231
0.06615930438892136
0.22318321802820928
0.7329256335261077
0.02304561999590498
