-0.7914662222582847
-2.2710114674023956
-2.7095090456719086
0.12877143079338632
-2.6964298061437346
-2.449447930628641
0.9049175392929992
-2.776587699932586
-3.113220031253649
1.2971130313385666
-1.8791403974169136
-3.473681637681728
1.8552408238764089
-1.282834795306665
-2.8336214537697426
2.1812976562302007
-0.2930405232693597
-2.765091895752816
1.156793233831806
-0.31716602743763755
-2.8833791683449324
0.15875962545727765
-0.3279855228161085
-2.7120003936980854
-0.11664506468954923
-0.7480819449572441
-1.832469350546906
-1.0252526830346986
-0.8657402071769434
-1.1632355678099866
-1.1259441916111668
-0.6900928073800074
-2.2195741445623955
-0.6933400916055008
0.1031091072376608
-2.830740770347015
-0.025750233644519133
0.6025890792665257
-2.5479631717059514
0.8078231599617548
0.9166941013498551
-3.0365041825336325
0.08036052518307991
0.3226138136737964
-3.4973501677742695
-0.5030283084148799
-0.5204741997343926
-3.549547932799006
-1.5601995408164788
-0.38933288664276033
-3.324233338940902
-1.7245652368810251
0.17056540553045596
-2.312816314756211
-0.9149937266798646
0.8199447116650682
-2.1054449664919526
-1.040379445567028
1.6642316928986085
-1.5913453434950713
-1.812808318932322
0.9690560803486276
-1.7831840326040649
-2.5398641329287175
0.23897522399489635
-1.9856743166457353
-2.3653911422513705
0.09310949817923016
-2.992210256723965
-1.563170586688224
0.6942669530101532
-3.2037967928441073
-1.9912201638024933
0.24264743024094962
-3.9458514391530324
-2.4177180945230536
-0.6061144692269631
-3.7141853931590076
-2.229490532607502
-0.876228712515829
-2.8192189946863153
-1.387259662975279
-1.4341129660800482
-2.827272674080498
-0.4407492316603207
-1.1149569291840282
-2.808644007862888
0.35420709798046196
-1.0929513670943494
-3.3916543671403905
0.47439482040937636
-1.9922611431983308
-2.9303996529999843
-0.0017626014512781996
-1.8202342662160833
-2.0520168994469743
-0.8091916690500714
-2.2695191077892547
-1.6475918061208725
-1.5031917353483135
-1.5305682112485328
-1.8620659613606636
-2.04986159240782
-0.6466692361554737
-1.823264535232524
-2.5162304769254638
-1.53179785340269
-2.0429340195264656
-2.165683974293006
-1.4522957207362603
-1.111558263286298
-1.4466586181316115
-1.3881573035643742
-0.31470020230438156
-1.8957869669477803
-0.5402589116616942
-0.8982773708045113
-1.3042018166371667
0.04788542803489874
-1.3638299081333445
-0.2291947297453707
0.16213247063366398
-1.6593387382121842
0.49937936292681495
0.42046517562162683
-1.1335402110431028
0.04398309067811702
1.1293968670733423
-1.4402888931807178
-0.7210554820991085
1.5067937352695142
-0.4389099582513175
-1.3688138324992845
2.144753316209369
-0.38961955195139136
-1.6069324662368054
2.163120247694858
0.584640777141902
-2.1535543241432613
1.3749038612976332
1.1052749790508198
-2.333109037504421
0.49563824669963485
1.6308234652058144
-2.473743534640814
-0.11735269644984624
0.798461945180147
-2.2207036737313346
-0.7886628179410461
0.12157239319096941
-1.1527849720520214
-0.4887322514776593
-0.04308500076840867
-1.6240947388803617
-0.6150887081042885
0.8297521699784076
-1.3524836586009266
-0.2695480601915977
1.8304601503049391
-0.9224798873270031
-0.992238564010082
1.3076143876195858
-1.6224266041131743
-1.6437269908369172
1.2717408787101327
-1.348605482945588
-2.373211053322465
1.8972449296671818
-1.4277037342120855
-2.5992310985880995
0.8760271184957874
-0.7972451968722312
-2.1789728063124274
0.01139677203353628
-0.6184677330689952
-2.559220410261067
-0.7176160303343941
0.11668589238039614
-2.6908068891490124
-1.3969139557811883
0.3343287461613076
-3.576578708097756
-1.9263465033114824
1.0125426447381873
-3.0268133947905156
-1.4311946596681293
0.6615332888661669
-2.1275336354143786
-1.876488257264429
1.5579390607756125
-1.4572019415171162
-1.5785509285979307
1.1242116353924496
-0.6410965031781256
-1.0917982128896169
1.7035064668841944
0.2659842422185469
-1.6555354528603365
1.6329869427923043
0.7528379243354029
-2.517291169172704
1.223733036403414
1.6507666027965038
-2.611562476399222
1.1896652333329485
2.633590319388419
-1.9880628945149428
1.1293234014656397
2.2359636283595306
-0.894008550600327
1.564475461836981
2.73541492127718
-0.3897727331409231
1.0934016784062144
3.1543475638765672
0.5201477141232029
1.6905241888541607
3.610532732941827
-0.1288689221899995
2.055874293565847
2.9502574747886166
0.5917406404167914
2.055180411667289
1.8078618098935317
0.17986435394186973
2.02952324286134
1.8371455012396096
-0.8142031396583159
1.4634157359605098
1.099614163587845
-1.4519003600385176
0.786209125329955
0.9794982878814587
-2.0931596577346343
0.29271734556679885
1.6021785004998401
-2.491929940808455
0.6999890019748604
1.7660753264230913
-1.6828210329888167
1.8737244674951012
1.8595926114868346
-1.7586308009833862
1.9092602712023208
2.693723733947743
-1.2569548020901007
1.1625796836887896
3.220822320600264
-0.9308635492111599
0.7036583227590824
2.812257017754866
-0.2850718510514862
1.0649864322501275
1.9295645370304868
0.06463101375596639
1.6304613006826594
0.9652606073088794
-0.24622001629796395
1.5271591663977846
0.2471305987012409
0.2434759222524088
2.3493035625055816
0.6349036043763752
0.08618570029305966
1.7208689282916385
1.1092681365937576
0.6525381468143717
0.7816220855083189
0.8619263622482592
0.1704563181731018
0.5615601490219274
1.3139593147093191
-0.6702720162875675
0.09504027135713401
0.6943579437182715
-0.42468667690748063
-0.7918522094412365
0.8235284122610528
-1.058498286403733
-1.6234901775454198
1.2837397151363792
-0.8131437248559334
-2.3955583753247383
0.67107569791182
-0.9880185667649356
-2.2386174581036697
0.9502731886673325
-0.09981126964982114
-1.5815392194434161
0.3685972355949216
-0.5913466937069052
-0.6946223467219251
-0.11211488285486063
-0.7543297633748307
-0.39481683633936066
-1.0183002597521245
-0.4575593285780285
0.18906986668380538
-0.4960682965971825
-1.0544240306853323
0.6529031121579879
-0.14352205223430625
-1.9320065220878326
1.6641598972256373
-0.7581662733717921
-2.1248648711406615
0.9832388657049272
-1.2028930486115297
-2.471763141896358
0.5007863180518851
-1.1875893908165167
-1.6483791806898525
0.8452011613857127
-2.2327100075011623
-0.9771128746027042
1.7249769303649651
-2.4483083060572874
-1.4538059039509426
1.4587952174177028
-2.180344435264076
-2.7095817399407176
2.2119097302687973
-2.1450739146632563
-3.140925387957206
2.318844967872579
-1.890284260692832
-2.1718799578110946
2.3575734040725305
-1.7486863909198664
-1.1803635547765587
1.664716654074455
-1.6432589484542914
-0.5607888216324987
0.557421984756666
-1.164053861421203
-0.60961944221807
-0.09073901159440835
-1.8512328916989376
-1.1826352742700472
0.0902513417966928
-2.0875485735556425
-0.218564499938644
-0.11327627814640887
-2.587613761602316
0.5402466972767178
-0.7431396409235158
-1.9556488139552932
1.2075965117585845
-0.7614321061569173
-1.0922812146415966
0.45536026106376604
0.06544987410500855
-0.6960487268570049
0.8191408585597547
0.569204485350529
-0.0257197932606148
0.7903996838385053
0.6995673132208786
-1.0075494826962692
0.2670882255949967
0.9722039269350731
-2.0577731823539014
0.5093747566735616
0.3230693321230416
-2.1487469050214663
1.3082166829477189
-0.4065335850156932
-2.944112567412249
1.4772452670346274
0.7260212764135449
-3.2788642036520974
1.5031452195756667
1.3036334836019015
-2.4329162258719284
1.3829729938410342
0.7910713690612114
-1.9767578817391656
2.169908404505431
0.2548328912137103
-1.9710581546665962
2.9341311601244384
0.23366006753802762
-2.7687497811595603
2.3149014642570527
0.948152855632241
-2.586077171832279
2.9178282694910203
1.0735619751384426
-1.6250080231583341
3.04505479597603
0.4783496042801108
-1.11229030930649
2.500424652314728
0.03222672536545712
-1.4617261031613726
1.6627893753992797
0.3102525460553653
-1.5975589973705016
0.6026012637809244
0.9093153866371217
-1.5280623439765646
1.2758488302240578
1.7363792127943722
-1.4991379654306498
0.47631459583603425
2.4349504227402385
-1.2770096240673539
-0.2802873683346115
2.082727641805054
-0.802422224581065
-1.135485058490031
1.7947753430191191
0.1356716555952656
-0.7110893531532568
2.730572035481123
0.45630928004454746
-0.981531464991243
2.54632289939063
-0.05739147384775165
-1.8533254117729356
3.1633485012768214
-0.44574993051750866
-1.121540570385588
2.5853025381519354
-0.3296412756084011
-0.2993979442747452
1.7409550232853668
-0.670758462619332
-0.3627688924688145
0.8133515153734903
-0.22787204872831193
-0.3943498982067989
-0.29816942321085455
-0.3460700397697442
0.06636617393520802
-0.8192729999156775
0.5199376793471455
0.0719903559403329
-1.3167935586965593
1.2630616453807912
0.5230766369608535
-1.618894103953836
0.2756106242611493
0.5141429432680207
-1.528333135773158
0.8186530567906497
1.1931230534557262
-0.7313706739077305
-0.13103828662301303
0.6716575378321624
-0.5514218118044909
0.9390258761257629
0.830003124370652
-0.5712119366751484
1.8256946510031835
0.396860800423728
0.1571500525036653
1.8536386886944118
-0.2745017479470742
-0.5375657436829844
2.30404058371926
-0.9198819310781311
-0.3924567480678903
2.758211715128386
0.026693634704412442
-0.13528827297361729
3.162629393144213
0.9819108657032407
-0.35651128309328606
2.9501325346353413
1.895198831874801
-0.9802590015630998
2.214927873016927
2.1716491150201143
-1.1010065403437252
1.4960650089570446
1.44920393861527
-0.3271536931833236
1.2398493890919595
2.253466166475994
0.05607330909626202
2.144338322815208
2.3650872357979775
0.8276204059474361
2.256758372551172
3.0937302330501386
0.580708237958614
1.3102904465724639
3.6633437273003744
-0.045304886779645434
0.7520896162352156
3.026100069484518
-0.8414153579104529
0.18503241133609424
2.4993771564057696
-1.4013301344161517
-0.5572156092773219
2.5796172588426214
-1.9207870565666159
-0.878562250099864
1.7909595628918311
-1.1725281646130579
-1.4265632841408922
2.1103789566117896
-0.3768369697451796
-2.224078503558949
1.9340892242420529
-0.7434732429995872
-3.0040352265380106
2.408967919024868
-1.0373143982586852
-2.0559183240773757
2.866868537373918
-1.1888329602811605
-1.2715099861730519
3.3984052599627135
-0.71105867671314
-0.29574337895422026
3.275481204919372
0.13143330680891943
-0.08487311376680888
3.722161788151327
0.8142858998245265
0.5242219191387195
3.208117195650449
0.3861225031006574
0.6503230850765807
2.160600134007007
1.0411983819872104
-0.2485270961705218
2.5510549872039374
-0.007482673177882043
-0.21693107346829818
2.7863150589853
-0.4339274558170574
-1.0352108927125736
2.8358644770745634
-0.31245896926222727
-0.9965627409872669
3.8262335745357197
-1.2207315848441382
-0.64081947608344
4.245694719318179
-1.7070327912457917
0.12889394741686588
3.535840786243933
-1.9453249138670523
0.40894759793352764
2.600857648009384
-1.1701980338110065
0.9226157596226553
3.260287425379145
-1.0830539582739218
1.9275649446902738
3.1386610480664445
-0.5072475245116592
2.7398654480771127
2.8874214216599023
0.21643753943267038
2.8992384693791844
3.492742758164031
-0.1334763161323322
1.943249104671059
3.331605612108446
0.6146359370278615
1.316883922362369
2.698829935734803
1.1005301508942236
1.7686841630421544
1.8626966928339241
0.48210179070320275
2.503852188026583
1.6405451020782946
0.8457832189047851
3.3943387514867385
1.5549790445514853
0.45240044597873424
2.9976552821643705
2.4835895215624286
1.3228796041838822
2.710200528209587
2.0945092509462953
1.3563133551914823
2.398886761035487
1.1378104129554043
0.48684243840984864
2.357443230791768
0.5906651472801202
0.7968680692082916
1.6601701476720703
0.9518928585893563
0.3950311232799718
0.769873231613273
1.2200341603191494
-0.02517377043558717
1.6775477080146202
1.3540135250764804
-0.8783706465338862
2.564679637740327
1.1855341302407394
-1.7359544889936436
2.237760651940521
1.5908981491882435
-2.7347534245167826
2.051061062479552
1.7405808043381654
-2.2062879118550223
1.3080072049687752
2.1448380782032603
-1.2635231939128304
1.134515461581417
2.149241412808338
-0.4251573072612842
0.6463050397929712
1.7495431658604392
-0.3463770457728713
-0.3384438312058511
1.8789741105683802
0.6207869334440955
-0.35087557043523854
1.567885110114353
1.2606112269438325
0.27510251541385405
1.2494563370556724
1.385990678557104
-0.5070569313428537
0.9962322691302634
