-0.029999898806074038
-0.7877909676458643
-0.9801680251584983
-0.8031976344490354
-0.373569892234734
-0.5905664333543102
-0.1990022974734154
0.5195719708051134
-0.936651655201837
0.32249746031918025
-0.2579446372846064
-0.2761115088815946
0.8737842281788966
-0.7924329623104508
-0.6356118779169287
0.3033239998047415
-1.6616273319948112
-0.803117385741895
-0.6541880359078273
-1.3280858121535923
-0.43565366810510225
-1.1921686881480293
-0.7606954294512978
0.2166454314108412
-0.3052550876889256
-0.4789262693843715
0.4987854556674092
0.217814844072363
-1.0881515746196302
0.024321212631010322
0.7017948230298076
-0.4093848478394036
0.5476094004130428
0.14247161625505278
0.36844434381740726
0.8081734228855645
-0.6227042460092524
0.4340149306520934
0.21966601170521008
-1.072546523076614
0.06744976769990345
0.8233254326339062
-0.5911516325569993
0.9618047340533524
0.943181407265866
0.3626089581591388
1.2883916141694198
0.8038507065262686
1.0686110201959107
0.5587297590556631
0.6837977498646318
1.1501716483634532
0.09376599358071476
-0.19569429768604427
0.49600039620154357
0.8294578886431498
-0.019820136756173914
-0.3282563913603582
1.3830899736618223
0.09326169247159363
0.15939144089642912
1.4338887487800984
-0.7892229346729481
