-0.473708777611612
-0.2629709212568942
-0.7965202087265392
0.05851860331373909
-1.008479479304414
-0.4015269378856466
0.7062506125918258
-0.2771966241018164
-0.5912244174287534
0.864447778643954
-0.508967835400999
0.3832224827072248
0.370023268627875
0.18853754752174304
0.9529644045194395
0.8261007214441315
0.4466620524241561
0.07821257927116866
0.11362677518653962
0.5385327007860292
-0.6286885222482266
-0.04420827721283364
0.8552571336737919
0.32335785996641103
-0.027101899813236935
-0.13820573961370514
0.055548775188309064
-0.6425146458283347
0.17795787606432634
0.7640361826020227
-0.7876163116563353
0.46074418218435453
-0.19801759892390547
-0.9638178476857133
-0.47187089297657864
0.05863540095849975
