1.3499516421069782
-0.5821984365894172
-1.5665821362887857
0.5390952429800338
-1.1119872211290822
-2.0793311756046755
1.2291385494868439
-1.621880747165853
-1.4450231680111116
2.0381060948840557
-1.1566212999937904
-1.1985031210670989
1.3672657675466828
-1.1763653898247628
-0.5365230416597149
1.8832167924309657
-0.2838010433537316
-0.8389971675158926
1.6485000317103284
-0.43713085487482944
0.14876951979804354
1.1366759257798844
-0.6936345755172868
0.9680258039372095
0.5469430424969554
-0.3460497184641922
1.7576202589593903
-0.23241801672854925
-0.5185972541874851
2.3109594140278453
-0.46624495891286644
0.012388755641894428
1.5139799407359829
0.466365310810311
0.5528469960719146
1.394651414304331
0.13232100292553153
0.4017087371259099
2.273052411039671
-0.80053120610027
0.7871469512660686
2.053008174553451
-0.5687201764594946
1.0654178925337112
1.0860318322343465
-1.3574116960647205
0.3528586823024033
1.2729558145724207
-1.5054443534163677
-0.27992599506369653
0.5256015733004975
-0.9542008748561828
0.10880466778302401
-0.17744953650742878
-0.028848943322693322
-0.226011756560328
-0.1195822034720855
-0.5592002110763539
0.18447128752481456
0.5352952702138442
-1.3866605793985154
0.6991642147041598
0.27543721415577227
-1.6172414485542823
0.674857668310954
-0.6642945959674729
-1.2270575430930033
0.03228339062413504
-1.323655856921433
-1.2074713892366546
-0.9875459212020085
-0.6603682081933483
-0.14849900861858067
-1.0560631090262382
-0.3908980931104589
0.5393399181055082
-0.780764697749388
0.19900701422633632
1.0097178999157803
0.02752703953819267
0.5397908883814448
1.425726148190824
0.4884658674912263
-0.2222255141070119
0.8536187241769035
-0.1433197612487121
-0.7063745907323977
0.46477129975318904
-1.0699439886505346
-0.9714572224699736
0.5410783939232764
-1.721098127954155
-0.2812861283263737
0.06723881209984223
-1.4611822085873745
0.5545825244153183
0.2615817116594059
-0.6417084075639681
0.9448600824761522
-0.7005438030263661
-0.8452415400449133
0.5378730567400081
-0.9826124412494047
-1.7087517818849391
-0.06349121627508014
-0.6237408478603862
-1.6468036631496532
-1.0463325535004089
-0.3685762689642953
-0.6535627389096336
-1.2478635622544934
0.2998059870351388
-0.11017652518862335
-1.5829372160526383
-0.5048080098004131
0.2912518185113981
-1.931913399670029
-0.9702469180710254
0.9561032521174715
-1.3545930674708342
-0.7829966870978899
0.9134337588154713
-0.364180279207016
-0.3280765994667508
0.3177598802848248
-1.072326166681756
0.5264346651047073
0.6738810600763722
-0.4341722997140336
0.07819885223876272
0.5573049214448889
0.48656039048621846
0.9766478721025832
1.1772315087881509
0.2695474618577065
0.29369875540812274
1.4471144440239072
0.9703017804545135
0.07444650622300131
1.4983769444367985
0.07131160733816048
-0.027809666395156495
1.364090090750442
-1.118561867919951
-0.9863363735046105
1.8373081701879295
-0.6937567300012333
-0.8987517539762181
1.569513694075278
0.3445267831575094
-0.5066958553263776
1.9407015056636978
1.2183456777762518
-0.008739318518263836
1.3283535637896562
1.8405842095601386
