-0.22421255800625398
0.4120597812927074
0.39522508374200527
-0.608733345653555
-0.28677462886704963
-0.10840652295062066
-0.316385577191235
-1.215951587659554
-0.6275602124452561
-1.245108077454579
-1.067579785875341
-0.9995280001508179
-1.5356346710962416
-0.2833012739186065
-0.46927478033781306
-0.8861702135846148
0.1295457163460169
-1.1542405932982636
0.16190362326398838
0.49192215005303336
-1.4009302828203873
0.12752856630198262
1.4700341078319188
-0.9936244205191985
-0.6967000554410272
1.0697682542045441
-1.5021267388131543
-0.5339426408292904
0.24950964373933107
-2.0731117289096357
-0.6247766996287895
-0.6662156447617801
-1.676196349047513
0.09972742238743193
-0.4387771518614671
-1.0121343497792832
0.6121653908988581
-0.37965302820793995
-1.678131345287309
0.6186691062457375
-1.1840658666259811
-0.9799698550037671
0.38513916428776435
-1.7473830711016514
-0.129669434776693
0.700280584236824
-1.348656449491772
0.861624941150257
-0.0066861918690616345
-0.81862688554184
1.4724033596918404
-0.7769040527144748
-1.1763093182475137
0.9841532054932572
-1.4262451893362602
-0.5595708287840271
1.541826887956613
-1.703611203810694
0.39342020440765674
0.9786450503574683
-1.17477554316538
0.48221380524827
0.045474255211813086
-0.30087095040040956
0.7615409808472225
-0.41597335712639927
0.22113031997147253
-0.05126037559624963
-0.12755425573485862
0.5752404271227273
-0.19178005968726902
0.7152049669315327
1.4717385516010637
-0.7134133693660721
0.7362855992831407
1.321482628866294
0.1947591942647119
1.0723967829743999
0.6803238369772676
0.6408006775726245
0.4549241112336931
0.06403498139429094
1.4762571589905888
-0.009707010652257719
-0.02061612371436896
1.3157499664089571
0.9679955872005017
-1.027329951052788
1.1352588467036466
0.8509940179741874
-0.71834762016722
0.2064624390179644
1.4257982401308953
-1.001684648740253
-0.3185564605845899
0.5720573567515136
-1.0753077111095375
-1.0592636203787607
0.05832313063018444
-0.1515479478804394
-0.9752706385171689
0.21704425730112117
0.873675894951989
-0.9026669413633054
-0.024906828681280222
1.3534021830919947
0.0390596395148626
0.13167938659331244
1.11445196814807
-0.3256591063240961
-0.875881311244759
1.1207191214825731
0.4431218667508009
-1.423577057477756
0.6733276528386309
0.7887505130567295
-0.594941460291444
0.9329538948979356
1.7247599062954067
-0.41061276907639643
0.8870741142874585
1.7212225765768565
0.6579752214610504
0.8041053059339746
1.007098966802827
1.4025357668525038
0.27336464205827676
0.15083590792301124
1.5648467285675656
0.9831515915999195
-0.5934162110876938
1.5806447269362072
