-0.8627891690389105
-0.3975688193565474
-0.49189354757300213
-0.4129123965341334
0.5077902598366266
-0.6807721717314836
0.09363434538513452
-0.1858143583343097
-0.22251921631295526
-0.6940453755566989
0.25465937117034965
0.25183139713437025
-0.47888835033616284
-0.7222889693125768
0.4122210326860461
0.5439915920727312
-0.8058407576471371
0.40933700370100595
0.12434623647630463
0.01024029752500269
0.7647202304902379
0.1578110756786068
0.7505010363302055
0.10817631509740713
0.6035917613902605
0.4779034105218573
-0.7224264672105745
0.925260280462886
0.11041852926653807
0.17132542371895335
