0.7694924890716021
0.8396383712960344
-0.28246237891511833
1.4492096978657814
1.0917566188076204
-0.6515755716324229
0.90946161683791
1.7151973682229236
-0.7659888554234767
0.7402779931198747
2.170232135175915
0.16163379469124153
0.42553813302227966
2.1944084261624304
1.1336134999379635
0.5069916255642193
1.4545816636064
1.8265373299118712
1.1465027436521493
0.7587448535173847
2.302562860942781
0.6567402877199046
0.7242875589507627
1.1820446911645108
0.22375993812255654
0.3309907308494757
0.5199264037504645
0.434951831445192
1.3258241360869554
0.629701569120428
-0.23256124940284487
1.0007248074690527
1.3337757665194887
0.10464094121642487
0.5623543986216898
2.2303011162588766
0.8285766211995557
-0.24802103870452233
1.8648925325300916
1.7862424478387808
0.22954960098845734
1.7507407452951151
1.6564320863156115
-0.8722230360471427
1.5269122249689833
0.7765139344045615
-1.1468774928374197
1.1137428456843546
0.7136084265808341
-1.0184602662609723
1.856635606341011
0.25422519630621593
-1.926004847351018
1.4530182911930574
0.2587270848148722
-1.8386543283168937
2.5516525105659924
0.5995478506915192
-0.8774579829171391
2.8876744596398622
1.3577268440254158
-0.2373489989717373
2.6383013540652014
1.5417745748475375
-1.235080949949828
2.321761128232946
1.4981317120089503
-1.7308146888663078
1.3783087103828373
1.5704803569737948
-1.1574700949375856
0.5373294491047387
0.6991332717632806
-1.127229194480823
-0.20762560484912346
0.2570880183283556
-1.6659891493638905
-0.7474788696878372
0.25716536714388594
-2.4126245760794984
-0.08002744488394414
1.0420935646805454
-2.07678613751548
0.3835705729061653
1.482741360160555
-1.6142735544257207
-0.35225156311343575
2.1376127584509184
-1.2325326225983104
-1.112959517345974
1.755810742816343
-0.41299108945448854
-1.5098161417918838
1.3826473054971482
0.20808683182458035
-0.587868426789285
1.188087401970865
-0.7740499955607587
-0.8346787807889996
1.1908635160671186
-1.597968063410612
-1.3413595485061658
0.29984461300211895
-1.2459453153024211
-1.6671277633867556
-0.7637852422232015
-1.0440059797415489
-1.6410538452858996
-1.2063110753506974
-1.3957955583244075
-0.8652937756282294
-2.1048130986724876
-1.162970248522824
-0.4027350315763828
-1.742664499930958
-2.126668183367426
-0.27457859732408085
-2.194870286746943
-1.6132052526044032
0.5770220653659794
-1.8465335992129066
-0.5801105479238354
0.5631127892212959
-1.4449577958721782
0.2203522772733528
0.2079810697374922
-0.9338030478031797
0.2893604973305345
0.9466208022266472
-0.01291795147402379
-0.09602237211288628
1.3008891927382888
-0.1393751768325019
-0.8910851158846885
1.4279238053574204
-0.6423050313545667
-1.7123082276404609
2.086694195239523
-0.807824806736464
-1.7144172253061172
1.0208406448749034
-0.9365356193455461
-0.7256282682657696
0.8587990786508201
-0.05105551385523431
-0.6581691362848545
0.5906756817218054
-0.17343520959125647
-1.6252948866835064
0.47093066197275757
-0.24698588384664066
-2.459950949777678
0.8051035882046232
-1.2488792072436963
-2.368789435874599
0.6152344102184465
-1.4101959929215038
-2.193722692785253
1.596306729294388
-1.6394518865771661
-1.2329227919906738
1.2457744617060449
-1.7059363255594633
-0.2888640950552476
1.3861091981112483
-2.4888556466689407
-0.8914614803200744
1.161476168674152
-2.3769381330633688
-1.849187249701583
1.4744702103133975
-2.102959242473543
-2.320540065262118
2.335985417459722
-1.5651679736126476
-1.4635650519201246
2.305249374621903
-0.960119777592553
-0.7524968870250377
1.928556379700827
-0.06746712884297897
-0.4251649567558313
2.2589328420678356
-0.8132911995029175
0.2733231271559652
1.970488659527752
-1.6218905726903348
0.7405789199045716
1.5083530845476234
-2.1984253869938057
0.2967976059627541
0.7782500240600168
-2.4075553825187637
-0.01785287806756234
-0.09767184984442963
-2.0652026518003868
-0.32906469409735734
-1.0001409924750395
-1.2764939763866052
-0.19254985889011575
-1.6362977781062136
-1.5452819042843573
0.9647332152197997
-1.6384329850425372
-1.8811166993070452
1.6450663063081559
-1.12273515518652
-1.5019820676348186
2.5858106593058126
-0.9263895808450967
-0.7300384580366518
2.9456938177420238
-0.32573839549113426
-0.23308766009924503
2.356778945974179
0.2904252369540558
0.1764005094353371
2.689173983704162
-0.5370388005151047
-0.4485978691125478
2.3235078791321357
-1.1099390305473686
0.3847542795731644
2.2559386494153193
-1.4578680107100634
0.8309030150441578
1.5490488988175337
-2.0320446775147674
0.2213195955633138
0.7106673637850834
-2.0815195318557214
0.04286919201590107
-0.22353309972655397
-1.917103014976022
0.7112961766920235
-0.04821494529770696
-2.5364440369922034
1.5118859268151652
0.42278890242575723
-2.322656416584898
0.8901662491224226
0.9095212725759777
-2.8384406157520865
0.12957897552875428
0.39067169133660473
-3.2468975922937857
-0.5628461785928911
0.24301471699623578
-2.5630105775625798
-1.5482411956210225
0.3151076484783799
-2.5726422961395157
-2.3367602422711933
0.1997443427157321
-1.7938278059240451
-2.160670501043695
0.6890606228141786
-0.9557426561653181
-1.5989935836697042
1.2233050695484184
-0.2730252182835108
-0.9766147022151069
1.9664623176657692
-0.1655785220475898
0.07482866710848969
1.862623041967215
-0.44338019491086156
-0.5311497189806226
1.4078880471898978
0.4063445853749599
-0.4717805630193376
0.9087462918804268
-0.33296854314840674
0.05322047274990312
1.347135879813828
-1.3890300431911968
0.09775317909965574
0.30227501815179164
-1.175458797172463
-0.6881220371169019
0.5941716978223818
-1.5130486595217127
-0.9596155729171444
1.2784097618146055
-1.0630237487123615
-1.1308244779766123
0.4703598634654423
-0.9540418450387669
-0.553133309054571
0.01640015057923899
-0.099401909519638
-0.4155811506354192
-1.045865877149938
-0.3317310313068623
-0.5580086862161177
-1.971749141166989
-0.34379038721829264
-1.1222673992992096
-1.375603791136669
0.2307304166566469
-1.2337866100649983
-0.5575079856431238
-0.40516602115039263
-0.6796738230232219
-0.2764297455122072
-1.1152928149235506
0.4079561608320677
-0.5416819457277741
-0.9882163944540888
0.7158796556011547
0.11325228009445172
-1.6071800764378332
0.9972990352159182
0.894626756913828
-1.197590371020095
1.9962411968531528
0.7492590751187124
-1.393779570969029
2.4525235818141753
-0.05507959413761172
-0.8384696208441497
2.0204738854037823
-0.6037886809128238
-0.07261437961736252
1.096998659897911
-0.3726536675154724
-0.013613014815468678
0.6852749103778042
-0.28343807240906504
0.816114312781966
1.6166137795531446
-0.12426131301491498
0.7019228398847274
1.1754470954766034
0.5862171382680136
0.44525737471685456
2.0580720177217273
0.2434834640983987
-0.037760266047502634
2.1026599371039
0.7404382204595135
0.8798437399720997
2.373317915849431
1.370684709356553
0.03415976265144411
2.5157577335443033
1.3619598276825216
-1.015771193318426
1.6210582212344058
1.547072204577015
-1.4612184344301606
1.3767024263177905
2.560957512618649
-1.4144425004107841
1.2478539018443062
2.7821031478954668
-0.470646272732826
1.809991275976947
2.1094750499468344
-0.657512919115537
