0.27738894372349804
-0.506034937935588
-2.535691116116123
0.3657116304456299
0.47137005921288333
-2.237320112903669
0.8751079888592063
-0.2562831045041156
-1.781285952121297
0.7996407653760004
-0.3065691194997376
-0.8296403915932271
0.7769870750474945
-0.27895980614438254
0.4486574948354339
1.8888908217870577
-0.23363247323019734
0.36799759153663675
2.2598914214693364
-0.8540236210659503
-0.14231668274180978
1.9093461447487738
-1.7786918199956696
0.24448183069971569
0.7844137145607826
-1.8963153235491064
0.46455239948352184
-0.0496838956574337
-2.3762948884091166
0.12393600477352751
0.8012748951901665
-2.508504532714442
-0.387725311816078
0.8689288379112882
-1.5484582483343265
-0.6170202585949213
0.7055235201022938
-2.0919488339070873
-1.3024348505476686
-0.11823918082222747
-1.6348524615044953
-1.7179638982005854
0.613741777101713
-1.0502557941274397
-1.2509203000213036
1.455679442636135
-0.9000008760565504
-0.866355782181788
1.9902497436876647
-0.25460918652956505
-1.4867244588393567
2.3375821513554875
0.6344064417049138
-1.061644692983035
1.7876541467614597
1.0083943634865487
-0.3254335281242482
1.7013817082279081
0.03452325727337639
-0.4867960330992868
1.327156627427252
0.6971701910078337
-1.2421720645878305
1.8685471485938168
1.5054122226627515
-1.092045946742385
1.5740386840398182
1.9173665831544526
-0.2018060966193546
0.8958012995193947
1.6432549778993228
0.6120397974205627
0.3293703325239044
1.394760002048455
1.3276412892595044
-0.25748958341072714
0.5432097558317288
1.5041620901293438
0.06583256987049292
0.2338348121847429
2.325396076247201
-0.19295634279802973
1.1967983301221845
2.147649849480278
-1.0391378701908016
0.7879797088063142
1.9038980102141507
-0.6908142378913594
1.2937132918507444
1.280443974467844
-0.10570118207023953
1.5726740047559815
0.34851887747725974
0.20811631072075748
1.0989261864471422
-0.2288757871068011
0.5251533458762704
2.1147234502641274
-0.14432892962362667
-0.04340028713958526
2.5620202089926947
-0.8071269299847142
-0.19607718794343143
2.631125855804637
0.13380510487021235
-0.20915212252638737
2.358170971970831
1.161194763209717
-1.0686613658771518
2.1952526618073223
0.3817054929897169
-0.9584326955618003
2.7430398271486287
-0.44831532061334134
-0.5888227880560867
1.8844166531442477
-0.37874540082361635
-0.10360163962524994
1.52213573116667
-1.272327516030826
1.0132679271265221
1.43361482660633
-0.8841841984109744
1.0214448208076736
0.7706522643058816
-0.2820688939904192
1.2109707150824196
0.6943196640768757
0.5839375920710506
1.9072842569724053
1.4279696019624435
0.6334911589094342
2.0317134411280833
0.5798198273473671
1.2555860490417163
2.5472891084959106
-0.27279061814927325
1.3472315847328211
2.230884542712924
-1.0368624647521432
0.7386052602528497
2.0192421331018777
-1.0634622493015633
1.7528810887187523
1.3914676784063693
-1.4915145791877396
1.0529539773741936
0.6017682655250571
-1.4453135199579858
1.6764373205916105
0.1443179982398414
-1.0253502941688732
2.461075362678563
-0.860777505263843
-0.9731538382823082
2.3126584546029854
-0.2962553811809849
-1.722910560542239
1.9743838626828598
-0.7172425906170418
-2.077471547637252
0.9584287878075094
-1.2940874461541403
-1.234949842697779
0.6485297268160337
-1.0264402149746474
-2.032636637752401
0.07842177979477857
-1.6716349477720722
-2.090485495693339
0.8582414948149729
-1.3199931965600524
-1.6110823539434704
1.6593109232207357
-1.4344218312515604
-0.775837730618008
1.4919636129927663
-0.9767689941794719
-0.3079166441582351
0.8184210262079934
-0.7178808711557085
-0.21279016581035332
1.7353178747030713
0.18779633769784662
-0.5691839280861964
1.5885586746907325
-0.47597474177335164
-0.857261820260429
1.183965780261519
-0.15573290712011809
-0.2667721041955968
0.6498075650603844
-0.8010747493270296
0.6544618201995774
0.5220990548467813
0.35223352313700895
0.7893984845968829
0.5860629469027842
0.8533942427390213
0.24739811218733326
1.335783676032452
1.2499037947585065
-0.4657145267504493
1.0674273772409268
1.367865592979101
-0.8413100339354316
0.24555872192301076
0.4942934034803362
-0.9367243852757563
0.749587197215141
-0.25060264794872655
-1.4368114348484384
0.21444639581538905
-0.03345015096730953
-1.7614358728265973
-0.7117438785193979
-0.7521263397931344
-1.1739748933322631
-1.0644758609768674
0.08201095088194692
-0.8936420245479845
-0.46655195293982155
-0.8739640848502556
-0.7003136643556619
-0.19100269062115202
-0.5544001379852999
-0.1434308555319931
-0.8464235185625507
-0.5069277221701789
0.4554820963340413
-1.7387921681854204
0.23673874639021683
0.46207310339163554
-1.0934452826903305
0.034139511186270656
-0.16314178145761854
-1.800797728741899
-0.6543911074828981
-0.8827913646674801
-2.087963586767994
-1.0374842587307935
-0.16501338200310223
-1.5843263960398564
-1.5891886098788897
-0.602372867389674
-0.796341366520106
-1.056824490512347
0.15883917169525055
-0.38047943067970297
-0.11833834746946761
0.2349298633418135
-0.2091499344383187
-0.6342667394115741
0.7458840364240769
-0.6253550459681316
-1.3162507077119419
1.1134414440219558
-0.13652008270784635
-1.2555369003736225
1.3980272984839783
-1.189851442422247
-1.6155118971108557
2.03481681132524
-0.45741508978256346
-1.9287549035819296
1.6995065376961618
0.41166974920341454
-1.5365008674728622
1.066834357273975
1.0918473389297572
-1.7877019760946165
0.17065096529721946
1.441519374230553
-2.0522500106499324
-0.5425677970956954
0.7142844555200969
-1.7331296858063063
0.3733550516264559
0.5490973255941225
-2.2137726119036443
-0.1286233703371552
-0.26763847951847963
-1.7965595654261692
0.6140606880078814
-0.8855718786380449
-2.1050005430339573
0.029094094495404163
-1.6028890130240845
-1.7257276245381388
-0.9588344038658615
-1.9379554726557264
-1.363975299726596
-0.6208914439488467
-2.7588367576039374
-0.7203013985899606
0.0859183555850427
-2.4108249573612253
-1.3880436522913029
0.6755474998410347
-1.91005074879277
