-0.8445956556351281
-0.4729869152016521
1.2295748068017676
-1.4535487186520404
0.16151993888680818
0.5998224669403617
-1.1108334881312514
0.26287448277640274
-0.37458827009442314
-0.4877821672456711
-0.3022915559258985
0.19238363024457752
-0.6945453397983956
-0.9828655168739151
-0.4472245379999874
-1.4703687193423056
-0.866537924089896
0.1640384770187619
-0.5904634854080274
-1.2399318197352183
0.5775284907904977
0.14978981563204316
-0.8946945998157747
0.09474991777729704
1.0311761085646858
-0.5115427389603183
0.37168301727524294
1.0548002857726186
-1.2536967873996467
-0.37851195861107517
0.17641305875273153
-1.0562092757272494
-0.929743210753929
0.7638840544179953
-0.3598619669063059
-0.6473878375430181
1.3332050445299974
0.34607652230239716
-0.08049065321296729
1.1821645328982995
1.338480689131755
-0.2353988280504473
0.5926425128151366
0.6930605184255761
-0.6867346955451819
0.20433456286805532
0.18863394397904218
0.16440356484929242
-0.2730809003291969
-0.12112778816015343
-0.7025270565812552
-0.36979256694448065
0.8868334285287385
-0.571672738445083
0.31841976407318495
1.640365267042122
-0.6914404545070791
0.26924447618492436
1.1391931258089587
0.16876926155204316
-0.5523064602595209
0.687677225091937
0.3747529420958054
-0.0566845668552122
0.14405304650214654
1.0232106569902004
0.8279278520915706
0.572978700320098
0.7848030090086247
