-2.867854411101237
-1.2245528448012062
-0.7499229649276457
-2.193836761340972
-1.1171781240852485
-1.4870510251660447
-2.075434107058644
-0.6836743256338963
-0.6484358348393396
-1.1756602336482973
-0.44997997695395536
-0.21222645440352225
-1.6983481531344211
-1.3038722156186133
0.13985939608264963
-2.6917750101911593
-0.9056414823802105
0.18140262273606206
-2.877015543441313
-0.2394938689539658
-0.5302685694681917
-3.0654981395991476
-0.5944976904837906
-1.4790579379959363
-2.484367504030119
-0.4935539104062003
-2.2860694047451444
-2.226907332400174
-0.10174243456490745
-1.3548696886131597
-1.9895187222180044
0.2564469076233453
-0.5850837547687315
-1.4556785925678184
0.6898246951622129
0.32571024431894696
-1.2098766329453912
1.3406853563346421
1.0853484512406883
-0.806192455998141
1.2914125891271764
0.2715581865066342
0.07270562644792732
1.200655520355036
-0.09991363117028529
1.0106370881947513
1.4892686333716945
0.0812730477469616
0.2038671826003439
1.820629969678707
0.696293437473235
-0.3695912863636502
0.9312205481647777
0.9801094387460543
-1.005370208978043
0.08321801454802585
0.7354059147862054
-1.3479739197185094
-0.5157885630088145
1.6606304619629808
-0.5748911904926515
-0.7839604113745159
2.3017929344611767
0.21531736633698179
-0.4874527804042358
2.8882652831724465
0.9432931020001116
-0.3683734346293313
2.108057439018473
0.7862121673904637
0.06570732495102233
1.267291117022657
0.14180812961541517
0.18216298492225214
0.4744055800714956
0.8358842909505186
-0.29465286323737105
0.45375576442155585
1.5573194469149094
0.5093681346582167
1.116370685826196
1.2963081976630637
0.7046131969610198
1.9945198428748354
0.465099698293864
0.6453574271186285
2.692976984399113
1.355103210701529
0.09772048606981652
2.793657469299984
1.1220648983605852
-0.9258027881529831
2.8628435094087004
0.307892396478345
-1.114019546868118
2.181795301665777
0.03294652554060362
-0.08605126674087635
2.113556980943331
-0.48559600602428055
0.34521178609673
2.703477784244681
-1.2057244625799635
-0.3039239520963964
2.907247759078077
-1.9040277241813692
-0.8027129661576771
2.334016741127057
-2.748856292564057
-0.10642659292855375
2.2452066052216586
-2.809205019624688
-1.0958237419348404
1.9637161631970603
-2.7875576513924356
-0.8425384091263399
2.950918903540674
-2.160219741144806
-0.04636694224555968
3.1272555451912534
-1.6536130649579937
0.259482978596165
2.129441858752196
-1.3442154852803854
1.1031866807501194
2.129705451371481
-0.32954129896967277
1.2420469996263153
2.4420763180268956
-0.9383281482070143
2.0966215172718883
2.194454157299178
-0.985420853101036
2.3221473866093927
1.1876348106600416
-0.32432197924270895
2.633203305837051
0.47422800870917475
0.40481332873747433
2.429069069171407
-0.22099909823222122
-0.44175237177148774
2.1339131085905816
-0.35263162088912614
-1.487475488305435
1.771458629149665
-0.5063408859712971
-2.233123181488894
1.1888700284517086
-0.3563624316289278
-2.4776112231970124
0.40466903026504175
0.591271261881978
-1.6517064853076424
0.3999671356139924
1.2679947336706812
-0.8291484166606296
0.42500591861394377
1.7786948856763642
-0.074000484894264
-0.34331272821760656
1.1607662289059628
0.15731340006683484
-0.8969395883197671
0.3961211457245794
0.43741293810836357
-0.44783140526778736
-0.28059600742362756
0.9503051093453944
0.5597701144683767
-0.012854581243928805
0.7870464334733562
1.0253618269281237
0.8422922618526703
0.24957359385110842
0.9845697331681409
1.7465333632937319
-0.19701240909351717
1.671783674008036
1.4610873806261093
0.7736695040756414
1.743562129414294
1.4787962681688598
1.6684653363273223
1.4029069518102726
1.034158437110655
2.317270859905245
0.7874114550120745
1.5802944115136368
1.8476754152672341
-0.08330357086198907
1.940175605574048
2.531461059070467
-0.07641423461329162
1.1603480589918014
2.4904425738462934
-0.8536674229589172
0.500675436558335
2.184805203204807
-1.197634779873861
-0.36713105858218575
2.292967769077638
-0.977437630414287
-1.4024604856496519
1.3967252389144738
-0.5414469429919495
-1.630844098070216
1.870126985643556
-0.23006452631680183
-0.7112353889821759
2.7797304180949536
-0.28431786765345307
-0.19754115304306577
3.74745223103602
0.07329604865699715
-0.19623725622330881
3.279189530570858
-0.2612452709955469
0.6329967522347758
3.225765850371176
0.5456313167647577
1.2203413034599422
2.7521499736395705
0.485288337888666
0.41325677941680694
3.00956048923409
0.6835393978527463
-0.5471770701239496
2.7016388173153447
0.010954514069230427
-1.247726489353129
2.0494713148900354
0.6765072769498826
-0.7971221391134746
1.722701146849091
0.9153771674795212
0.1715083808916576
2.011829216216677
-0.049312204371122464
0.21613794550722773
1.6617470617317862
-0.7566968729535886
1.0721183044163751
0.6938894918941562
-0.8907461560995197
1.2059955997788243
-0.19103865558459773
-1.3633384063623775
1.21769077638275
-0.9594620479806367
-1.0554623913000791
0.6107372872741839
-1.7574005248195608
-0.34112584051725764
0.66489459426314
-2.193821720467584
-0.3730614716574384
1.410564512644473
-1.7704000767588026
-1.2194539923672874
1.1085290333618967
-1.2364813889869692
-1.9250511184305228
0.6240812632550067
-1.327824948833782
-1.9573618404847095
-0.41623029674936174
-0.24754714802617991
-1.928551360183798
-0.026046492183852743
0.7913550088929032
-1.6880078645526144
-0.2024972881965622
1.1141333048860949
-0.7927036594767582
-0.737172098760281
1.0652628792114516
0.14126601628539703
-1.0391334406567594
0.0859971608001398
0.5103023401443751
-0.7937394494983279
-0.7159001240685403
0.3944913186535127
-0.16705908968800046
-0.5742547286593014
1.1220222037806606
-0.8246887254133305
0.1602522982489039
1.6963079527919915
-0.8760649374357302
0.89427841868163
1.7636927084331193
-1.746344132138739
1.4771973080477077
0.8006896611584372
-1.720010826445463
0.8752907487418414
0.9448051698086501
-2.465127361616124
0.575412609063948
0.11981629276081922
-2.969570234824741
-0.23365339005196437
-0.4704162343098328
-3.1783675778123044
-0.8161909131405799
-0.10113653332821139
-2.4677571983209012
-0.587827245489841
-0.9152916640509301
-1.684015703069442
0.48649515821873995
-0.47010761906394716
-1.3576906142396024
0.19071081263509615
-0.5232251420416425
-2.4558126736770727
0.13300380955374091
-1.3277246017989186
-2.7834863425197383
1.1017502377418418
-1.5136153152342267
-2.91175984013819
1.7971752458753911
-1.2519139759076552
-2.24188848755588
1.1659616667354067
-0.5714275703749647
-2.5943907616632997
0.7734814313023362
-1.208896460392211
-2.0269974623664417
1.4429581997555871
-1.5555667373572823
-1.365019153225565
0.44931488639353345
-1.8337636819292522
-1.2768385786158136
0.2003702083313233
-1.124561123491188
-0.6916301970086471
-0.5587752447479746
-1.6953528964148161
-1.2313484791439886
-1.2508443209988258
-1.5191454618112414
-1.8417488426620061
-0.8419678950420386
-1.0510496683088029
-2.6070032485648134
-1.462936167768177
-0.5885744482635435
-2.015266509037843
-1.8256773838208016
0.3650280564131777
-2.236868858848395
-1.8394630755229084
0.8341617788887186
-1.2847779734015563
-1.2630568188815605
-0.016790364060803704
-1.1925369676120183
-1.1924446378645515
-1.020976427893269
-1.0545685718290574
-0.8257538363658794
-1.0750352127580503
-0.2712218491824691
-0.4256340674990304
-0.4163663017179373
-0.7763370682921811
-0.3477253035471045
0.19579578607146217
-1.5768042173269081
0.35631832173437455
0.7238655920034669
-1.6085222744707546
1.0556603605246346
1.0799534467097784
-0.8098048131285642
2.059819080727313
1.5799524531409381
-1.2786462586785163
2.3750056388248417
0.7430480039523967
-1.794068626001957
1.6611212088640828
0.33004787095908567
-2.451855466794223
0.9997731475661499
0.09647515429932249
-1.9559012844840165
0.0005708885371480954
0.6026806061208838
-2.4375429091392578
