-1.096593678668159
-0.9126607618510657
-1.6649858095109196
-0.43642084932396885
-0.5266087034707551
-0.9046382642076675
-0.8858068258542869
0.046666443648127574
-0.06105473911604252
-1.2456818814567476
-0.2070311829958726
-0.9906199765913057
-1.9426488580165122
-0.31096567253140395
-1.6990385643760928
-2.2487113950924114
-0.6188307000250626
-0.6594458193059795
-1.321054308458106
-1.2594992065909367
-0.7033060550669858
-1.3509564995343666
-1.5169374597810146
0.2060302312832752
-1.9137712399207853
-0.902262299751653
0.7856748232457254
-1.8509447700122659
0.025116805002781687
1.172281111100424
-1.518216804180214
0.9820791293463426
1.2131181326479092
-0.7009462923050187
1.449604959279361
0.9162660136645718
0.17349919478626302
1.9905987378024017
0.5727868827336576
0.027253077411388105
1.8073450531683908
1.6287252902406246
-0.6358211021463884
1.2040717785702544
1.8707311786070626
-0.2369895904898212
1.666552273894214
2.558959415338245
0.30455378466048505
0.9801319090028612
2.173657056146247
-0.4709170389541965
0.4236346297896756
2.5529021161810403
-1.0500687781921076
0.04987142993119476
1.7699571502502829
-0.9285661303553061
-0.4492561232979068
2.4962998576852367
-1.4995813436426688
-0.6851867515103669
1.7287946055449097
-1.1557528372120498
-1.418234510902338
1.129105552374634
-0.23566598134050576
-1.2854003325698886
0.7705634117960036
-1.0331647391343637
-0.35893392440167793
0.8316559621820826
-0.4569918238312778
-0.6161941696633492
1.6624945779208034
0.5130498723864054
-0.688173521354487
1.6376203034362014
0.057115322763972326
-0.3986870301463936
2.412896841033331
-0.08322378711087172
0.03904921454447518
1.5437213017437823
-0.6758660775197098
0.4301614076740343
0.8165856933541736
-0.19737432772588548
-0.37526896655766623
0.7135244703164618
0.4623034562278264
-0.6226108643132768
0.19723241312787282
-0.572155372082165
-0.9957059943487963
-0.18231932591339658
-1.5180494942202585
-0.5416496895928401
-0.01866441908048149
-1.5742291104582515
0.4028603510870338
-0.3519174185953946
-0.8157552751086777
0.9251800629017515
-0.005459498657291784
-0.6778018009234797
0.3044916135389454
-0.8039442252513226
-1.0484211527259855
0.07567136500435535
-1.8716585779214323
-1.6048822028916216
0.5563701465381834
-1.3632438629530923
-1.136284322369201
1.3162449253139143
-0.904831888843225
-0.38311789497398463
1.949820684092586
-1.013688081177968
0.10154532156806234
2.498571930322225
-0.24209348445418616
0.7284011359329174
2.765383996373499
0.5139098235570213
0.9477513919324405
2.022643378844216
1.1922941154635722
1.0480991315189572
1.034054999372268
1.5098367245966309
0.14870465410509523
0.9453829909383948
1.036533391548816
-0.018536186814704675
0.5533485812613439
0.24555089424396181
0.772500089838359
1.238545922921648
0.5233023284826666
0.5572748586625964
0.12258147735298194
0.8463776971722573
1.0241011148463455
0.4363537136991176
-0.10091862046870367
1.6319094824138234
1.2263252801360804
-0.026236558164118778
0.9079307724094675
1.9669436535555906
-0.04131464277068119
0.12134133789768413
1.3678780444020229
-0.08323590303854472
0.8419847854387008
1.6625710234528033
-0.9825256503946936
1.2079758969262109
1.1832981280449515
-1.73174197654496
0.342842642258386
0.7747978399834863
-2.070002692543302
0.14769402965041095
1.6358959319210735
-1.853933123110371
-0.6212610684762256
0.940323521925082
-1.833856672883721
0.17063868456921572
0.81215539913905
-1.1091520929188745
0.8758513756174785
0.3439426587880108
-1.4137185107249903
1.1647740691179544
-0.5019895616350855
-0.6311214186881692
0.768401124130691
-0.762870388471059
-1.4488404529965044
1.7303000326422893
-0.6609725032843624
-1.470857896899461
1.325586674152324
-1.3828910818370672
-1.9839400443934316
1.903849173452196
-2.031682445713444
-1.436046670901525
1.4057687341811844
-2.335990974280606
-0.5545376400359704
1.2856988065046415
-1.3549741007987748
-1.096666504884996
0.44383056619275557
-1.5953678122478958
-1.619854754365858
0.9562196844280627
-2.3446467307325802
-1.4574974792309692
0.36104602305681294
-1.9360085852129456
-0.706810575422059
-0.47936874206929997
-1.6040758362208802
-1.1894371224937206
-0.13611882349665466
-0.8241616611156518
-1.8954541787123378
0.49447680512135855
-0.13648322919062125
-2.322503818307072
-0.05329349102062718
0.20001270072331157
-1.501318013075875
0.31709745098274883
-0.02712292914635784
-0.7252390659419461
0.41531359373067395
-1.001850048823591
-0.6460434456447647
1.0992953853131813
-1.1773576138817534
-0.03638318081755606
1.696242943039853
-1.5023742632752355
0.6551264569295143
1.5131425039422755
-0.98641387800894
1.4725031421750308
1.274088854944669
0.02022925662352355
1.608086182021851
1.6449342473015103
0.5711558324729415
0.7603607401160202
1.3635018162886057
-0.6315585444220111
0.6047428800199606
0.7702128606032164
-1.3239929637732233
0.804658523577253
0.7629091351602123
-2.135036164655582
0.2752314255383359
