-0.0011284249194913332
1.4950732459432465
0.11528132537000835
0.43783180397460614
0.601517167247189
-0.020877769943601267
0.3412348117255119
-0.4539471603993932
0.11693650997820232
-0.6641534624959211
-0.3706533625256096
0.5041981868122443
-0.33043315935168327
-0.2198799533793932
1.6256887853526374
0.6260869789907378
0.033215078749968645
1.562259025833293
1.3842343369253942
0.73976513394203
1.360914021133446
1.6328874300324048
0.8874780549353274
0.26735358713428753
0.7524981285829744
1.2219893790660512
0.6173984913826434
0.918611629595982
1.2789753026664257
-0.33860513124266295
0.062192838105857594
1.0368462222707862
-0.7939900899007548
-0.34823066602845953
0.2854139856844772
-1.3891197180851695
0.527488298072947
0.06732345999927514
-1.788790468607934
-0.13045244262772412
-0.6590969828198372
-1.598470572473279
-0.21979230307658515
-1.0472211985182447
-0.6703840953262619
0.6587261423738773
-1.4773334760924905
-1.0395868537351407
0.9492577467039607
-0.8493449859135184
-1.7296273062449217
1.593166947767238
-0.08851265554429714
-1.4537478612566685
1.7971899589823328
0.5758006788965077
-0.6694462124728605
0.858659104844313
0.5014977554372377
-0.8217815445600628
1.253040045197062
-0.17996554644621857
-0.2367318647788235
0.8957343225502732
0.11270955368673591
0.5957447625197084
1.9100520213876633
-0.0855339840266725
0.538444724693497
1.91773649657722
-0.9352453084493587
0.04725302856688737
2.2383776625142513
-0.3150771085610305
-0.7163161143115406
1.4628522268623578
-0.9299620805713112
-0.9459528518645479
0.5581472765814438
-0.539437827763578
-0.8393133211804468
0.8958175229026362
-1.1285872367205294
-0.15053916515753568
1.2184938524487008
-0.7812556604846371
0.757933889596492
0.27708154306571986
-0.6814233518185424
0.9929971649147975
-0.20754720869923707
-1.2238316883414166
0.30002070833044875
-0.9715679889636649
-0.9411705346563004
-0.16575453696172904
-1.0622624899060404
-1.2146242701608783
0.791917755195941
-1.9730960973794582
-1.3413217192837485
0.26361293127406765
-1.919525716359711
-0.5778874319085787
-0.46716545005930354
-1.6263799005967414
0.1278555478662659
-1.1380947273082078
-0.9172865992339669
-0.5015083690930732
-1.0229580163228582
-1.122816243323485
0.03891284969230385
-0.1007630917520108
-0.6674359218460104
0.8175893806816201
0.11304618901628795
-0.36907921242633523
0.025552606046229383
-0.5493953010285431
-0.9075037054964099
0.8039006448830374
-0.722696686654028
-1.9334412744724454
0.7983761535660003
-0.4359089854439803
-1.3192131950113388
1.4216361343247792
-0.017641480620275703
-1.7236792751166021
0.6538636564415429
0.5536275804794126
-2.413614518581575
0.07179575379468864
0.1141797260488289
-1.6122436147268158
-0.337622014514292
0.5507560061767834
-1.2817626309665464
-0.475633962088571
1.375501640319655
-1.0258624902417564
0.4375452966655638
1.16146027213907
-0.3913247006267581
1.2933899957348518
1.0678986380249225
-0.4541292872379983
0.7402536902412397
1.932113206168108
0.3973537240293944
0.9865227444465219
1.5498642351338892
0.029209678918048473
0.3012783971715075
0.9472568256976746
