0.5966219000624577
-0.08878558616210298
-0.8346572381882345
0.1314129103560865
0.7147667272682837
-0.4188964849082587
-0.37392751442119654
-0.1369018482452336
-0.5940456713024855
0.20605718176545348
-0.9177213306877807
-0.3947985352770619
0.3326245131224984
-0.08963574826471517
0.13627361422577303
0.27318796803596224
0.7880656905572976
0.5834163134361184
-0.5574968141558687
0.38066238907894173
0.23141917619817787
-0.11809685501593326
-0.03271224677566063
1.0142301301770476
-0.4903832897494548
-0.6177380467690285
0.27705869563892005
