-0.7775588088009564
-2.654707798186076
0.6857315841318502
-1.1429282855614293
-1.5980365434501147
0.7598503234800877
-1.29284855051568
-1.1417011842281404
1.3896394276575317
-1.5167217958059498
-0.11630632850424559
1.6545776692376488
-1.0675606097748764
-0.23625547700775068
2.529430502118
-1.3601519952077492
-0.04290612033309629
3.5433584502631614
-0.43050913919314193
-0.4116856891812939
3.6628825448348543
0.5113050145229229
-0.6172954625467201
3.2737489867430805
-0.09250887572837987
0.07495745838395321
2.8564329142564717
0.17401852123056963
1.0750070454631298
3.2275993296579193
0.3322675988016459
0.23232460675535735
3.7563956826813314
-0.6185520295812592
0.5966075485924272
3.653961536942652
-1.5738577902712643
0.9646729659020754
3.637764517891533
-1.8666597936456713
1.4499602335796933
2.684195617320937
-2.200292270188773
1.2440177458432742
1.763512525397991
-1.3587398300067515
1.621179857486696
1.9064754187562751
-0.6445314590689535
1.091893615906163
1.3045719781595806
0.18109211943028145
1.514242045491781
0.8383069144658946
1.1107195241596455
1.5092257635283866
1.011595049683885
1.4431653498002113
1.7645916185719102
-0.012475119526007147
1.5176158352951887
0.7811300081414616
-0.18238283039117953
0.94034516301507
0.10145023536172675
0.434208129585619
0.32362213145136753
-0.30935987592689984
1.075269340678717
-0.5835164423755311
-0.5682988840852513
1.8681233081661084
-0.7681922941152974
0.2528471605871172
1.0308328639469366
0.0073601674734846455
0.38367745522396335
0.4080996925450232
0.13700255733948283
-0.5163459271850387
0.2162268186048506
0.7520847509603886
-1.0951185150163814
0.8984754556153465
0.9581236734278018
-1.7668779314604073
1.689899146865992
0.9870968721364212
-1.3376365677186783
2.6624923517704007
1.9468518566851278
-1.31551979846201
2.429418525707533
2.271923859136973
-0.7814705641702991
1.6865085417422536
2.7537276290276225
-1.4295915331386098
1.0847775827620676
1.7673848263357381
-1.516438786474108
1.2916541239235708
1.2499327048690643
-1.8400347414279152
0.4321351305752042
1.9795522287208749
-1.2156749221864303
0.2756268609204253
1.6132274859773899
-1.6213081899862183
-0.4021826356974057
0.5134175334057333
-1.5493065936282602
-0.33257916894074285
-0.13564632848243582
-1.4864985721006572
-0.9090790316670787
0.3085707058679074
-0.6494552683114292
-0.6943501242450613
0.45027173577717383
0.3877879911721427
-0.40914493676215236
1.1697276177381672
-0.09298358063581502
-0.6019298454218861
1.970542216333707
-0.24578913188112897
0.012166870942865945
2.545113484356581
-0.42031337569471117
0.8130363226150877
1.862887936775873
0.35677198966754886
0.937705494819281
0.9259840128908119
-0.07427189013613544
1.453518648044282
0.6916934330277795
-0.21598105676977314
2.3807337107254263
1.3785902576884443
-0.7202117785680505
1.8070526813058725
1.628948205686255
-0.38781404925655644
2.7165262736346043
1.4218014946109254
0.6060412626968098
2.7853071693110483
0.9214692644301747
1.5180734343704876
2.6440780091320573
1.3562782546880943
1.9055025338816476
1.894325056988063
0.4984531019596525
2.472904414133478
1.9515092964489964
1.0294193416251045
2.460225765237884
2.7603569186521835
0.11599426767659657
2.049577983631858
2.8006080887321847
-0.9448760989379686
1.9029141381579062
2.731608872374275
-0.26337139890505296
1.1505352334855559
2.47641614256594
0.4591693560381695
0.623999228055519
2.2482921030234704
0.583729588115719
1.5233815707403937
1.696209965483325
0.34414738531281985
0.5762225177907111
1.5270133909024823
1.175515370809537
0.9945599405906408
1.8073288770762852
1.971301035534391
0.0862999361522093
1.8817481402915135
1.6103589603533948
-0.6822424011653075
1.0148145103001263
1.2114530002505493
-0.9663211199485389
0.03177406511861585
1.711542112923669
-0.7734799308758912
-0.7115288199537205
2.44387331097005
-0.08083916196748614
-1.137545262369628
2.4567639963962575
0.8589972879382923
-1.5997844408204143
1.6059542113705931
1.2739196002827018
-1.9856332438059572
1.292500116134448
0.4641965061737997
-2.574469336396069
1.2562044842864344
-0.42595925198704054
-2.680208459900728
0.3405437778635251
-1.266910788165675
-3.0383081350341783
-0.48040364335434743
-0.6350051699389428
-2.6429806310775534
0.4543409085786492
-0.23086796366559395
-3.232839737711277
0.9154131860288833
0.5074003816888877
-3.567547053702116
1.5797984589057743
1.2735332556441274
-3.2259654683477645
2.2167277097882914
0.8447110795741741
-2.588606643182307
1.9819503706763852
0.1224318063602099
-2.0608831195542656
1.631458609658806
0.459024580982475
-1.137818545447252
0.7601894234037083
0.5745156749048687
-1.757557819115894
0.05832013974272086
1.1696635853968698
-1.8795517066767249
0.4620283360115088
1.1519244116377543
-0.9853251628112021
0.7304697411971419
2.0472279883463216
-0.5568130550362352
0.7819186871150661
1.8311535504364502
-1.6542800963759834
0.8126055331306662
1.4676817727328026
-2.5472572754714427
0.05241863665777254
2.1069277493746372
-2.572624565913493
-0.7268899493053391
1.882156664585444
-1.9305805888095549
-0.4311908962009224
1.1842726543547204
-2.781599638820257
-0.04456130244817739
0.6014703845368894
-3.5481351537148513
-0.8572942074884188
0.3159291336478312
-3.0091420175848005
-0.45446058965463254
-0.2825800739817062
-3.72485645451001
0.4222000392530816
-0.061993630015938134
-4.134176439920706
1.2434598565722115
-0.39780317844243884
-3.637406066625604
1.9910440648924945
-0.05791011583473774
-3.0205741304297025
1.9894181457783215
-1.0212990947215028
-2.7453017578054584
1.3111362658116588
-1.4019495810620195
-2.0799347818173577
2.022347934168565
-0.8531362447680286
-1.792786342127079
1.0988901468272405
-0.3228809385458764
-1.5244103096942758
0.13397984408907868
-0.041762770124208634
-1.6488964007709954
-0.3819750455462089
-0.696573261297625
-1.7834362338850354
0.6711850114681936
-1.1907072797068468
-1.3938697667586581
1.102665347170591
-2.0317067740433004
-1.3392252832709208
0.9321187456642983
-2.454650735637805
-0.33475035224153543
0.07913954881812077
-2.349906098306122
-0.8503835689788329
0.17876152535531734
-2.4667343093966876
0.21720953745550636
-0.03672157031515517
-1.3241927174305392
0.5222770219827126
-0.668503100456218
-0.8086155128056751
0.6906788213829197
-1.6131068952343326
-0.8839032799291269
0.5899422195608833
-1.9866926988392437
-1.6552605595344734
0.93940303777054
-1.2642405537342445
-2.0757624395260166
1.555799122905501
-0.422812489831911
-1.4938980367569734
1.4067843052937352
0.2672091466960588
-0.9663480310160282
1.7208949167118328
-0.23819495671745025
-0.9748662702859759
2.5772308133189763
-0.5720277696608673
-1.8753132031370545
2.3332943966767465
-1.1914601886981915
-1.1062284157596127
2.431552414338601
-1.9910855634659772
-0.4963245478277585
2.4721815081157317
-2.0752386776105385
0.3649187163956191
2.8969644627814573
-1.0195821629370103
0.99887976323437
2.7245619829747603
-0.4617375012822173
0.40962929246771146
1.955894600761108
-1.489768492492591
0.6891721877501897
2.1065088973382697
-2.319396349418169
0.2723922443140054
1.978418220029162
-2.237773062045423
-0.042740531246655084
1.045122136343434
-1.4427915938964038
0.07691354009864344
0.42108188279366177
-2.2926483460688103
-0.23331589534209568
-0.09537947529111127
-2.235474945734993
-1.304480749386327
-0.04389572672896758
-2.2534689033507123
-0.743094970098225
-0.9783227994534883
-1.272716534701183
-0.5278831665763495
-1.4932847838553882
-1.3229531821804676
-0.22065566889363222
-0.4309773791796696
-1.305273726038949
-1.346716218513677
-0.6050764183260812
-0.556120355103601
-0.8929378496650605
-0.2458635801838913
-0.6484810423780261
-1.814485261477384
-0.34930378441331034
-1.4330427021132364
-2.3441117164895715
-0.04228785645955047
-0.6527864321117961
-2.877454653675146
-0.3252978817494214
-0.3330721474617574
-3.131942489613117
-1.245722222369365
0.45102995135526547
-2.681138148791245
-1.6783524254314681
0.39746796512804694
-1.7759866728156743
-2.146534775235373
0.38752883347566647
-0.7358400083231804
-2.0990188388021824
0.06785208375201691
0.41156325122570436
-2.3914270095639405
-0.7334722063434465
0.0051750180320833325
-1.9829726378577779
-1.4203492258131754
0.38587074886695094
-1.2366312706038967
-1.0727569326861333
1.4698372494746303
-0.9749231025411519
-0.41748678862960203
1.1282924446548015
-0.4088990845636349
-0.34514959028078535
1.8987502247777839
0.19577773343707852
-0.1441750906060843
2.5960286092996108
1.0167164265450466
-0.4726658197972878
2.2061110461881315
1.837554712986928
-0.9131445118074178
2.107024889759111
0.9405049262570155
-0.8737488197685808
1.2143585498617895
0.5084199441547269
-1.175359666691693
0.6556694290902345
-0.35873677351639577
-0.5478449169311858
0.14967401520910734
-0.6712123664086862
-0.3077701406068906
0.798514850208875
-1.2091095096982274
-0.25396338694931275
1.7924744308006553
-1.087182195675643
0.39122589498017113
2.746258140354888
-1.3835621434429177
1.4168506314486422
2.4670440505316424
-1.1371941207049256
1.419065886239646
1.455816069925193
-0.8265428088965605
0.7484252706670704
1.2499849367881277
-0.016440605522322342
0.6633337714369171
2.139328198341583
0.35834154212233066
-0.09865798391948348
2.87260320755907
-0.046044359063648586
-0.9141536549966692
2.3003313902195837
-0.5331039443497092
-1.6305960266305122
1.748740000426012
-0.10103680016299833
-1.826657147824454
1.582976261062685
0.9030378112913585
-1.5240481965833708
0.7220836135057709
1.242200168965965
-2.1049939211293442
0.8471171055166931
0.2709654271181735
-2.149034174615077
1.0177196835237907
-0.7061650664402859
-1.9756550332831795
1.2515363837048483
-1.6590170886841313
-1.0039150230335803
1.0402437614204738
-2.069203188544049
-1.7011032057371434
0.3510063031364913
-2.4458903419360043
-1.3751361057155806
-0.5869997110300972
-2.4587097783846636
-2.006262617166025
-1.0898744591032512
-1.8656114047529928
-1.4875122370995255
-1.6094497792533082
-2.476184929951678
-1.022286397256516
-1.1582865789148595
-3.21749101939955
-0.4751306653111602
-1.513703092270937
-2.5123710063155693
-0.39522705036740696
-2.3117830249628746
-1.7066496219449578
-1.1306114042950197
-2.3304568374067918
-0.9652320011189353
-1.9685298040690813
-1.7667232398068846
-1.1654904772041725
-1.2142459726643513
-1.464571231996061
-1.5017582831337222
