-1.8306978510053826
0.4180092503441031
-0.8437207139605165
-1.257763349851004
-0.18869805897212774
-1.3716362028068996
-1.3837968783793926
-0.38860183229625567
-0.4239024062453397
-0.6181347124501468
-0.8570868198042793
-0.9101199957632687
-0.867593695967356
-1.1461445485401862
0.0028255656392096426
-0.16028173943040036
-1.4770436538282778
0.6333422977901731
0.2912072241846146
-0.8455645597779898
1.3047811908265954
-0.5792654566836556
-0.33532749907778453
1.3101001785023458
-1.1629461254993971
-0.3324542701395403
0.5586883315441487
-1.2660465452307612
0.37830023432240134
1.2362566946621778
-0.5072071307547127
0.36040349441532404
0.5976940100936291
-0.26247340581929285
-0.5340633373261395
0.34190142801301476
0.09852698276693438
-1.147034966856278
-0.28117811756602307
0.4141593275150725
-0.38465003005683734
-0.757142076751894
1.1933777427712113
0.06651702786960301
-0.6361611834558252
1.616658380565236
-0.7968429759367716
-0.3731798776930404
0.827064779156406
-0.5350404845115768
0.003759804441694086
0.37829752680231565
0.3673627025942898
-0.16046435383108906
-0.5110105760273183
0.11225113276985481
-0.27044343958830286
-1.2373446777493438
0.5141798358994878
0.004922553657181278
-0.39160814025079066
0.9870370484444824
-0.2075317155679593
-0.8691993125402095
0.6962887508373539
-1.0115439528066634
-0.3381438202778875
0.05198873591735331
-1.5167402983832485
0.7542987700471692
0.17268603441144698
-1.5675684224344648
0.17297985417618073
0.7942182408941115
-0.970247525256199
0.5652374017567939
1.3311041684740275
-0.3052530832801178
0.21393036344848176
1.0997359829243647
0.5884806911562773
0.7706351580801695
0.9691907363873411
1.3205305451768174
1.1200049329854025
0.8027206030190499
0.4155775441835161
1.6467355075212398
-0.028328540831390175
0.2533092133586894
1.4394527806902133
0.30106032261009524
1.171656991932653
0.4984362062514502
0.20223842847884332
0.8513557745496773
1.2425104791982071
-0.6284111526581658
1.011650549863017
