0.29426017940789034
-1.3371328715754844
-0.41793644681422887
-0.2276177998532613
-0.8031707206499223
-1.0799370637137067
-0.4594891825431915
0.08504855675603361
-0.7088971131231746
-0.47591244903625674
-0.7931680797392354
-0.11706689066134815
0.42362358496474695
-0.7633373876466784
0.3924929213843469
0.47187911885380474
-0.3672257769436469
-0.5255878927719848
0.91616312036892
0.10200635431924535
0.24656591017856616
0.4056633321641518
0.3017574498551237
1.0956332449385378
-0.4997197183131888
0.6838654070869888
0.8460539987254214
-0.040136016383646375
0.14351951100247953
0.2891899506022915
-1.041995864700436
0.1636922090781793
0.16338710904915205
-0.48564895152432475
0.9299477972692815
-0.1254787146686488
0.317450926946503
1.0316316325368953
0.4103885216887444
0.40147971964828344
0.6225659186507936
-0.46880753481396925
