-0.8836561616131094
-0.048829133363202985
-0.5485207634234676
-0.5312936119473749
-0.9139686002383929
-0.2552815066175718
-0.02528854773822051
-0.1718863556694694
-0.26421310936302106
-0.15019679132988295
-0.5038135592215531
-1.0992689736505195
0.8513852734162994
-0.24160732122921097
-0.8444029390309943
0.8962542272243986
-0.03591046369845638
0.2476285521369759
0.1919876792769545
-0.8094134700879181
0.4377020299950898
0.20912694024710216
-0.011606068754957045
0.9958999820136174
-0.492782513717476
0.69117260522702
0.9295763770049202
-0.6242250877823969
-0.17614520688585136
0.4206446743390423
-0.40219896375991776
0.6903834968023917
-0.06989518746529448
0.41331022362147973
0.8274915412732445
0.5103052140535217
0.5475773341021442
0.70413253584636
-0.4601743499922976
