-0.04950387369824735
-0.7148654580293607
-1.1954638457855675
-0.430329998343935
-0.978882055053846
-0.41270630304839795
-0.631321728366916
-0.09684817391432456
-0.7867599402383705
-0.050199405213111656
0.003954274550989383
0.0016871032865886856
0.3856365897949668
-0.8711784584570804
0.18515532151605713
0.4180671350804428
-1.3708499522857234
-0.6946252476560506
0.5462596342444194
-0.2277503573886864
-0.7019032303837207
1.355609268508448
-0.8656944397924714
-0.957396007146067
0.7047053262773636
-1.242566600701047
-1.6396044984340674
0.26256243420562575
-0.5800697321610393
-2.2522416212248157
1.2375035168126585
-0.4260172180275468
-1.8250369648240021
1.371713996990672
0.5664276387206709
-1.8784838545973357
0.7636142968316892
1.1906934803665357
-1.4368531340691895
0.508196617371248
0.3239400554572697
-1.5311475113657602
1.1019162886611247
0.4798060003386125
-0.8782227359360406
0.7417403057129347
1.257838081201782
-0.4194927361739749
-0.20029638850721393
1.5313132306019137
-0.6154009481505212
0.18882249329137824
0.5087305562617706
-0.7718951603585232
-0.17693821193424758
0.9717495725557345
-1.6106514378205552
-0.5294183362581862
0.09239636854256053
-1.7653951289156866
-1.0505446984567621
0.7199431815572244
-1.1750096427694967
-0.7844965233993213
0.6699194586402148
-0.15908648006570436
-1.1414855896109024
-0.14009996316539639
0.12366230043134353
-1.7371607904952302
0.40588112315351554
0.4993765605893955
-1.8355805466904471
-0.6537906107952808
0.478953439889842
-1.138313577819837
-1.366473707004893
0.3921665612540242
-0.9886556233143176
-1.1051176959970586
1.3397019373182568
-1.1205547870619645
-0.190907195840062
1.1702864284891519
-0.3471689395524574
-0.7565057805538102
0.7440511939133212
0.4423455030539099
-0.1963806434350786
0.7748948032711049
0.7502329732084398
0.37376571526598096
0.02534899665213238
1.3098056493816936
-0.43803302549586576
0.009414598433375382
1.2442597141243383
-0.7825911645217131
0.9383507699836909
0.33027335737836117
-1.0584959996782108
1.2513472610913576
-0.39672324284276334
-0.40209966656803464
1.4668310064745675
-0.2843784445067201
0.40820387998884966
0.9952628713773795
-0.18388760208470695
1.1994758558159826
1.2955844651698425
0.3115151689519782
0.5090656899200927
1.5884795659967836
0.8340651490682071
-0.3795274309120452
1.7792621696511133
0.14320163404674896
-0.008776795108129752
2.507466323506463
-0.12305640238794047
0.9538562672914893
2.314272372055353
-0.7598105382927693
0.527082157326889
1.6609392179174796
-0.9600813868379475
1.0439772671771586
0.7893845178012507
-0.03214041732065974
1.1155022701514126
0.37549664289431434
