0.1955318257071556
0.5321213764168092
0.4433160181260748
-0.18983997773250735
0.5749769762735618
-0.6228358192216337
0.4776723534786823
0.516494124086961
-1.2833775561207112
-0.37409624845825534
-0.04951579080697818
-1.3585873556470032
0.4560948280172298
-0.35783448594403283
-1.8896003717720482
0.942087224012834
-0.39134853919462553
-0.9303581790551746
0.0998592741704443
-0.9439690539222463
-1.0835512772696465
-0.7927458414831013
-1.2878599193180422
-1.322694175188179
-1.3143888535539965
-0.36667726299765263
-1.3245518050801155
-0.7341916076060926
-0.6250105385311634
-0.6126775784801255
-0.22853389053996273
-0.8946007227217617
0.1773791323395036
-0.19795744865619408
-1.6812713991737278
-0.5938337968081532
0.6945934738831936
-1.1095074605137536
-0.37241999647131024
0.3601453215505249
-1.8188952486764671
0.3549837202435278
0.9859301132904906
-1.094113471561625
0.6190139357815947
0.11154063573942483
-1.1995572957096696
1.1137780406915043
-0.07251337216091759
-0.3196681931735042
1.636354535606331
0.30320312172504305
0.5948664281681364
1.3816903188132865
0.9145283596861846
-0.21099681472022935
1.6015957996684087
0.297058386262463
-0.40844427100980096
0.7653480328166563
-0.6163606138504979
-0.6088914331293666
0.9084777120168149
-0.6530693381634102
-0.09245734549997942
0.15779813542304774
0.3103699413308162
-0.31323617178476626
-0.23735433433178552
1.1582673309082403
-0.31084402118536736
0.00017048778977342416
0.83309817383504
0.648510116614781
-0.3772716050720623
0.2752468138646264
1.3573560575627603
-0.8718972204953608
-0.7723340995146766
1.2911619220655746
-0.7365660571664103
-1.1844045693712513
0.3519717229886622
-0.5757700087378115
-1.4982396122325277
0.30128596821348774
0.44471176662537076
-0.6022056422244472
0.3691638304580027
1.0090057496127554
-0.29673249438732224
1.2989260628479797
0.9993688620307292
-0.8369924886319414
0.9508323321247495
0.20832067219890338
-0.00622215056327206
1.383702024193796
0.04921764251707642
0.13462060345488852
2.152851777617878
0.6880438160297763
0.688237704043025
1.3177199607432535
0.8204466547869851
1.1327427641700651
0.44275875919841856
0.8143261037992929
