0.6408071898724779
0.5308687503743247
-0.740198414935859
-0.23239465012069696
0.3061896574223677
-1.209690017908154
-0.2345269239367585
0.7795535941483089
-0.3382674253586385
0.07600689045979789
-0.20078079634285362
-0.39849145202363884
0.37532747879991335
-0.5168571182045988
0.46569235917511187
0.2011742883139855
0.14032234252097897
1.1762437203309977
-0.42595825677797705
-0.64309765078401
1.0348510286925001
-0.6210946523477886
-0.7752063574764242
0.04734547426991709
-0.9050127956726499
0.03589813605008228
-0.4889576728769727
-0.4255553141551357
0.1236745445576401
0.4170363560477578
0.5008490351388477
0.4450122569207914
0.25674934065423266
1.0503777104259873
-0.2255773591866064
-0.2223132960672435
