-2.200188892970134
0.009970831779901681
1.2055940708414317
-1.9736052772772075
0.0564961458994708
0.04121472148197377
-1.8357179646515978
0.9957792927859586
-0.2802217793664708
-2.6685704906005783
0.4017065960081607
-0.4125184727796266
-2.563351513012752
-0.43051519548739997
-1.0375909830426437
-1.8478782975950543
-1.1913459608964572
-1.2632970923073346
-0.8259118169625574
-1.0854488977270123
-1.291965027601651
-1.470074465933703
-0.41855333208320095
-1.7636421582179849
-1.933849935918282
0.3998912740384562
-0.9364159219754744
-1.525594126107337
0.5686947865236108
-1.9390332779629225
-1.9301348189640157
1.2761620781622338
-1.2510884850755721
-1.175492654419377
1.6630476477739262
-0.692886392899509
-1.0531519252482842
0.6251623771876972
-0.6910121241242796
-1.0983069573042148
-0.4200865193585932
-0.5971200713998028
-1.9738224647528306
-0.7732941652629556
-0.4145042313830067
-2.2071798531620272
-0.8904144356993182
0.5864112256628256
-2.7965046037071444
-0.530828213538372
-0.07168353366722888
-2.4653047406349575
-1.5328237461593166
-0.00557716313217367
-1.727880947796786
-1.6782962075590202
0.7333678133045632
-1.1720717477204476
-0.9429730209095084
0.38324897915732986
-0.3085691158456243
-0.5990352790746187
0.6587189243333553
0.05375927936520634
-1.4463104702099097
0.8379240121980455
-0.7233361023675986
-1.8134194011351799
0.26754821790295646
-0.8772052414716687
-1.2608089351160283
1.0609788510199225
-1.2607310925511814
-0.34079717410889787
0.9735539208740516
-0.8779519642730422
0.12972219846784508
0.01865105388135997
-1.3948044937889543
0.7199791107273511
0.622371988537851
-2.364290987651392
0.7929938869943562
0.6329436103165159
-1.816943362956176
0.8099577179300831
1.4847901398352823
-1.4230165919814532
-0.073674584157821
1.8950059998870015
-1.741401518010291
-0.9806614504934277
1.4772010700298472
-2.457747008518037
-0.5105958337344838
2.010065714880961
-1.6971628955366167
-0.7019801741008262
2.651479457272824
-0.7937956165821387
-0.908072330282825
3.028747251468712
-0.9236496470468457
-0.9105047722758925
2.0871321863798578
-0.47222071399215526
-0.13383232578249163
1.8633824359589801
-0.9589431549877124
0.7176121424791763
2.0470524593076074
-0.44921022210930606
1.6506938115882333
2.0555581872118838
0.37374898749115754
1.3535869220705998
1.6368277907376285
0.02591087463761038
0.6408543875138545
2.2516674255237996
-0.6490762231833368
0.08040263538580181
2.6275859917910847
0.06307575672227847
-0.4141656838731145
3.230120997135263
1.0623564786999566
-0.5927122954176115
3.003431316881638
1.8027284462117517
-1.005788879761865
2.4577308164614156
0.974123018192644
-0.8854362086749542
2.047585326137615
0.3466979394075174
-0.12431428039170078
2.254838730444982
0.012041317154015727
-1.1950211423204717
2.5564795248571874
0.4404947475981569
-1.6907312771740735
1.677639568038421
-0.029927649548327176
-0.8201767110715139
1.4820706446041192
0.8094076129699583
-0.9180679472431941
1.0924196368921826
1.5696286619800954
-1.595702977280428
1.15764513989565
2.4068747198848364
-1.15079055488935
0.8402510259912871
2.3629239523479604
-1.6251317639081355
-0.03358657676562688
2.085771085951314
-1.2452901736913053
-1.1456082978000777
1.1294894911944555
-1.1066324568898558
-1.3563497407229281
0.7369271285843112
-1.8486531954227101
-0.8814800170769672
-0.296528505517178
-1.8892328875182425
-0.7172110077374784
-0.05879601613122671
-1.902205895449729
-1.6378706957541502
0.19197011601345484
-0.9520072682474433
-1.1556937353143324
0.4366538058350745
-1.2014740996951445
-0.08626045661894291
-0.586645047989937
-0.840705989327172
-0.21872355216544237
-1.1873233602563937
-1.6058560136151794
-0.5645389280311437
-0.9818169563035646
-2.032629214091405
-1.3592680482551474
-0.7298616877103271
-1.5218138824224077
-2.1902843559504865
0.21949183098936095
-1.140619575299476
-2.106176076224927
0.19297068877850826
-0.1993881636448132
-1.6953878368124455
-0.17202342096461717
-0.15653131506398604
-0.7206867757637985
0.9536705224430039
-0.5547184513738919
-0.5893738537921747
1.73758956441285
0.07270568539109214
-0.8349604264452667
1.5441558069669825
0.8307829108499831
-0.28968205391479573
1.836898851212318
1.84688268075053
-0.6174285504872357
1.7976434357907027
1.616378731887663
-1.5557948625853744
0.9593765013150778
1.4409622314860742
-1.9546600535517789
1.7238260479619918
1.6834967052537004
-2.5792548577324474
1.7948049685111493
0.8753442033365166
-3.3061208449676878
1.0159531504061714
0.19313539034379276
-2.9966244866536136
1.517857031582947
0.6557460466074408
-2.286562015895583
0.8860135681039879
1.1734172409800743
-2.9181765064197664
0.029789955473683773
1.4129917136200263
-2.808192977815863
0.5849387606517362
0.5481109367926257
-2.1956419958505475
-0.60453973077394
0.698049093902224
-2.24210450366048
-0.8055136044198687
1.158057786078223
-1.5858556879989043
-0.8766253189957279
1.65883857869281
-2.3688020505100567
-0.07489693980179873
1.6074033871269489
-1.7590746376870798
-0.12305884564031415
1.5010628296979254
-0.8121896353993411
-0.22572300384621447
0.8028445952455266
0.03140779746427252
0.6111124117998684
1.1632126532572182
-0.04743994238956174
0.3684991336079616
0.326502099303802
0.2802136637710609
0.3608132351968657
0.0002473299116471073
1.3160113653013146
-0.48796329461399407
0.543068334539862
0.8753354523870236
-0.915365770784374
1.3192984508564132
1.1704675150177986
-0.9159045128701024
1.499783297707204
0.28552062858290617
-0.11298352745972853
1.2677475918910985
0.6969506705531862
0.9645654908142167
1.0169453956195602
0.7598149032753007
0.9141975974708326
0.5336069657614593
1.842521507487041
1.5170941991411482
-0.07879807939401373
2.2704732989325205
1.7790172074746118
-0.6625690880288166
1.4966094838974742
1.2817578457677257
0.012256413115303842
0.9853050395979625
1.5747031625609875
-0.9827959221670007
0.3888744486115809
1.225325217669397
-1.3151810851724512
-0.4443407116336542
2.2099874430432003
-0.494135860787133
-0.3008253319261622
2.386234974804094
0.3849766469704758
-0.19703735588346377
1.922921827330125
0.7826230012169046
0.658658898560148
1.7097211030387636
1.2419340868636035
1.4877105410661509
2.044432598539596
0.2880548100016122
1.4718570015056411
2.7421832737669853
-0.40537639364015315
1.4256215661917484
2.220703592460021
-0.16216203630737222
0.6132903944023052
1.4177883974552383
-0.0093844371695209
-0.11007878764986863
0.7919298663705445
0.5154665286368699
-0.5672568483934769
0.03275923942458706
0.7850657885015159
-1.3888217955214492
-0.6331002827015615
0.1665898868506252
-1.475759129889529
-0.6488278731876503
-0.5281038728032247
-2.1428147223236147
0.22988413589849951
-0.2171956744410519
-2.6844154758965724
1.0587221428423546
-0.13179643360870366
-2.115203767095514
1.1065191220380821
0.6581441715803688
-1.4543901833643482
0.9769115614719154
1.3819519343977738
-0.957758671067496
0.930861769048825
2.2225224241618022
-0.369868219495727
1.3622557246320164
1.7495875058960841
0.4144567050336895
0.721547446712016
2.1026135275781663
0.951084696427353
-0.03993902811381063
2.1464461764521285
0.1127719546238935
