1.7670568745757262
-1.1578383439753528
1.1096670553636099
0.643812963818139
-1.3639150621410603
0.9180309740006355
0.9702890589374242
-0.6273671700753437
1.2455868811181245
0.24205061997178812
-0.6307480687649953
0.5154941941527189
0.7156686374970413
-1.3151835739827982
-0.029583132457174137
1.6963943501694099
-1.0225048914915844
0.042096106322441255
2.1463020364742476
-1.0579497624777734
-0.7208387392087113
1.5660020380629343
-1.1475209639349728
-1.437444713214193
1.5578218485074153
-1.7558270647820065
-0.4855434548157334
1.1885606271532998
-1.939222852935751
0.42331932797927296
0.5910867303579689
-2.684417834481479
0.9850051645219667
0.8521776584545947
-3.4230449506876472
1.5491979089796915
-0.18607851352228227
-3.026204416828733
1.357307264971765
-0.006126295411867131
-2.0244091955376664
1.0304040711033116
-0.27435523954977686
-0.9673825179937069
1.1913901063930727
-1.0166915061753035
-0.8936012786814905
0.606710329501843
-0.7172561137636728
-0.5257544379391681
-0.039144963851536256
-0.5177529606664585
0.02461856363132875
0.36877617530375184
-0.1764812960551208
-0.08055901262076931
1.4024562027936907
-0.7852321898582972
0.38553061877889483
2.0899739952924565
-0.8744508270383501
0.5951678923404365
2.9535314943794115
-1.5738575411701161
0.13316973469553176
2.361599730571771
-0.8802674427730399
-0.4362904148785466
1.805854559223433
-0.46958706555788576
-1.2338372970037093
2.3041524470878034
0.39143369081459645
-1.691656842610748
1.793623032941196
1.100370657159798
-1.9448375473326478
2.403298895682093
1.9605035796126573
-1.7205798763284386
1.9227223078893043
1.2375489697585258
-2.0063658315263155
1.5831943623273113
1.6601359812571626
-2.77760890094905
1.2263409853556237
1.4045198900341094
-2.8499133637720604
2.1932415379364483
0.5460192210706861
-2.523925108802391
2.007093165335195
-0.080670668627841
-2.067747615151395
2.536066012229188
0.4545839105068706
-1.247564284990522
2.7508487684119363
0.9611110441158573
-0.3610368710134601
2.7064381422370216
0.9963539009777923
0.1492177966376025
1.9236483791243195
1.840755897696629
-0.3347347553669206
1.5859385490634081
1.225083708634002
-1.0861774151994896
1.8413464070290217
0.40052763291715077
-0.5477424813299254
1.9865635299439839
-0.4485413893553784
-0.2712305454597791
2.6870025234250345
-1.3814911256907958
-0.8436007654267297
2.5730145045223427
-1.633380815308795
-1.0422028011666722
1.4889028863900153
-1.0739175272863821
-1.7435894939972385
0.8773123468285411
-0.8326762628405318
-2.091260177680683
1.9026128251178096
-1.1190966365610273
-2.7803623407957216
1.1921927304580489
-1.3683932817847164
-2.4801010421803023
0.28415617206559857
-0.41403355780702267
-2.705875594937518
0.47589135703344065
0.3954192924638162
-2.1519583754250746
0.3002907109609549
-0.5999575006868575
-2.184107579111428
-0.22468350129665532
-1.057334971976638
-1.2942618365772514
-0.9873120982347278
-0.3509869414121121
-2.118528008272728
-1.234519396854823
0.08279908173596275
-1.2710554220475283
-0.7868832974133477
0.5665707980758908
-2.029488409534491
-0.8316409786167924
1.4410969019274582
-2.2991771785512203
-1.3822224533392746
2.3943919174332504
-1.8796174787356086
-1.2666339746468949
2.6254286579397754
-0.9117433249187309
-1.6475743375219891
1.8823511932979342
-0.12604372568881161
-1.4080190104332873
1.4145972738221462
0.5569620950893991
-1.4108787647121297
0.49343647955761755
0.7035654012473299
-1.0110830850847388
-0.2957620963641994
1.1738580380861228
-1.150458295980968
-0.6698057856893181
1.090102366331428
-0.29523813150994105
-1.0355779117792543
0.707119928900378
-1.0390703617549062
-1.7930338095712874
-0.4229641926355737
-1.0346382006606902
-1.2230410286219846
-1.0233922733911733
-1.719816402649448
-0.24436475622414722
-1.1483316698656876
-1.7191625088093088
0.6895058679382551
-1.178128999789284
-1.3668709508446348
1.292120214746583
-0.5859479910621999
-0.7542075650027709
1.2064280171397583
0.1757858825542396
-0.4996467943361334
1.3558680423260498
0.05651454897515071
0.26484989581663093
1.54027510482806
0.5677593372579678
1.023502888917809
0.6603376490301527
0.4147822348183878
0.9865264687676023
-0.06993659545881187
1.0709756654828089
0.599056159368974
0.16277816999017372
0.8933836995059559
1.5923639966090983
0.28397182489608935
0.36057202024868046
2.547730402236875
-0.22748862625733668
1.3322597770556202
2.566281920491734
-0.5127167698836157
1.6838778211470524
1.5675402806679386
-0.8535384308342644
0.8493810433633524
1.2039326580664138
-1.3624092960841632
0.04334170074468881
1.1729818768368747
-2.231088793053233
-0.2591065079325773
1.6803481279240635
-2.176616434926562
-0.5615432621780685
0.7116306613513487
-2.424161558164626
-1.2331527684248091
0.09579655214634178
-1.6349963125869138
-0.6911466288317003
-0.1455357780680333
-1.226628615082363
0.12451314724059777
-0.3298540423941537
-0.4793870529106086
0.19966072250348668
-0.5214937180614618
0.19846825902729986
-0.5412535668423663
-0.3532285943910271
-0.1628718928104761
-1.3010149876076589
0.4755879995801195
-1.4010571411877817
-1.523236332342127
0.033342059376723965
-1.9133859400893536
-1.305380956069942
-0.7954491685660132
-2.3101055580459438
-0.8909472245563351
-1.6648836199563843
-1.7825322630602836
-0.44741080462456845
-2.4725789105302973
-2.593340834802
-0.019728477559048704
-2.0607666575737364
-2.985718321773051
0.9319500774223952
-1.8885272025226796
-2.7307353202660725
1.89956321183028
-1.5926116255378753
-1.8365496454648875
2.417259782127317
-1.5430578108608513
-1.385468177956805
2.5301812458527184
-0.6372025461305484
-0.643581005645385
1.9907849546865906
-0.5854460385159678
0.10397576738975303
2.044204321786133
-1.4668680455015275
0.3431335618854785
1.4892306964648205
-2.2009485014034014
0.5983300293813903
0.8311407960726389
-2.9074490491953635
0.5745514455095633
0.5345248855406235
-2.0431126470294823
0.1234423086326854
0.049253177441058484
-2.7060589222307483
-0.41640838166350436
0.3962038358448852
-1.7897710227072001
-0.3561850934613067
0.9429879151348284
-2.6608024566015196
-1.0617136872803579
0.2422266477555411
-2.6373337381359274
-0.5983420274165895
-0.561169001889732
-2.1428002687128007
-0.6923612125325396
-0.40387406370026785
-1.2432728619040965
-1.7062642591579318
0.3167744814958996
-1.934557697575232
-2.423719587196575
0.30819134374283735
-1.1004726704308716
-2.8662466040490413
0.8696679296085771
-0.523473395635519
-3.091661141371258
0.5192835501408039
0.37818485613332886
-2.2766653563202617
0.49897678461567935
0.8529844760449217
-1.6813906540535437
0.8391687101863482
1.6195804798810371
-1.3378649813652501
1.5914802635849394
1.0129901919166158
-0.4884630502834416
1.8853125422213628
0.6162389623778556
0.3680166780892512
1.6719647276643022
1.1593777216733618
1.2099867356727672
2.299045473292139
1.041782492945309
2.1528876632896226
2.5336242522589973
0.6350521313102793
2.5163524961028734
1.6106202226830997
0.27152159662363046
2.0307765290147763
0.7431563826028412
0.31685549398254054
1.9160404076200377
-0.2091017717636386
-0.06419416366585406
2.2277576832855646
-0.021055479218233857
0.6097960314143219
2.6380841645707847
0.8595907126852141
0.8538276803643535
1.8891843692056447
1.4285884191480989
1.0960251901702307
0.9710711434316498
1.1103773954414562
0.5285025500279725
0.40513175335732793
0.5030701935015295
-0.1074514134468658
0.4015296650884026
1.4311794044039592
-0.4667336328058255
0.90220567291669
1.4174183903436137
-1.4406454195141465
1.3575543524541205
0.9672074342442274
-2.293722073037691
1.1139703676202821
0.028775390266900333
-2.6530519645354733
0.4319512709678784
-0.8176495320074532
-2.298148955723067
0.1752939589699528
-0.3366970832305357
-1.4261572589568874
1.1633008842423667
-0.3567426330778948
-1.6119529128114787
1.929710235636022
-0.5460585656243231
-2.1617709850707114
2.7153244528815845
0.020606495753861993
-1.8249217607434356
2.8956889127941414
-0.28770977195419145
-0.8031258708214961
2.8355452454237513
0.4162785473016368
0.009487878248659863
2.1757093143290436
0.6698613260802577
-0.7142810596702576
2.11200450053283
1.6508031843850364
-0.6467323976094486
1.529100338028136
1.8806468065622808
0.07714507562059218
1.2435235496260373
1.200103980213934
-0.5415373063815473
1.2205067355115602
2.107734372227699
-0.72924086088344
0.38989682139182014
2.6793691373100015
-0.5537351059379014
0.592659410638322
2.1525232998813806
0.2617111328840331
1.199520748275242
2.799199315373512
-0.05009210464199845
0.6366165460325293
3.0283028579791997
0.7585548913797462
-0.12758751993170384
2.5719320993224657
1.2609412869707706
-0.18912867519775323
2.8053360925482016
0.24714809515100566
-0.5429179244309161
3.014273295784451
-0.6557474339132959
-0.810881157293581
2.4535884932456256
-1.4376573772082122
-1.26578723262039
1.6109622379555595
-1.1468353665400834
-1.895090562046012
0.9561356620642182
-0.6716566795123434
-2.3494329545704904
0.23610172665054033
-0.09569535437721415
-2.390616364108086
1.169016606574692
0.2547232783014041
-1.4354721192714655
0.8253575549374915
0.4357460962152722
-1.413651879874282
1.7718976249028797
-0.04519360539656144
-2.163044285895266
1.8511505001590352
-0.7482071307815947
-2.0808895336425888
1.1231906782998515
-1.525625335282385
-1.568901238660309
1.6966309314776715
-2.193676495103249
-0.6171468653283898
1.6543102365182716
-1.9834815313957403
