0.8915770196684911
-0.11769635170062782
-0.807652853540291
0.12767392075019252
-0.5487031910539519
-1.2882999217554914
-0.033185376012414565
0.24016542392441728
-0.6932197022731242
-0.5156745041483898
-0.129697961471208
0.10154740585163123
-0.7448993912334415
-0.46089625521993294
-0.8056734976128918
0.037979671579873045
-0.8428461224270476
-0.3364410989575033
0.017382125947053864
-0.7803041891765385
0.6638258473380644
-0.8300532759876232
-0.37133754850232803
1.0267664485710144
-0.8952130292829343
0.5799124513238678
0.7100468619828487
-0.08719570714449718
0.7772362961885431
0.14151413515241054
0.4937650133625223
-0.047764738756307386
0.10309191244549383
0.0017381460275302611
0.19110123847523586
0.9366109814777696
0.7801214146112303
0.7384894242073549
0.6251065240258105
0.7559839718624217
0.7723415241885312
-0.3772230427057411
