-0.0016733300141578908
-0.02454927442428722
-2.3211466133480596
0.23911698037297158
0.829967737883811
-2.7581160686776043
0.8067046771915931
1.0356463387870711
-1.9145790603561208
1.1198204754114738
0.23103373463910598
-1.5228947249610498
2.1596430224114567
0.6673762015829436
-1.2650370314231751
1.3065209826397968
1.1675138337896172
-1.122934250689936
1.664976505025951
0.8644323739819805
-2.0872582755766897
0.9544644092938238
0.18881187294183074
-2.4181556906147983
0.6344322580134553
-0.501284999320233
-1.729533119084018
-0.22629184218514412
-0.9893984514038282
-2.0982221035013984
-1.2153225625539703
-1.1818451115752022
-2.0078081142426263
-1.9140747076921307
-0.537676721763177
-2.3947733205885
-1.012751549314629
-0.3374644927265936
-2.455531239417327
-1.4276220047856223
-0.27912897877086795
-1.6161775352671024
-2.28778951239784
-0.38745386699932355
-0.7802897435638382
-1.5107933206823723
-1.2524056467984295
-1.0803346001583414
-0.5356576524062397
-1.4579836499938703
-1.2686970794942996
0.4436069877708464
-1.1204081464328035
-0.9212646278521583
1.3425612781678495
-0.7719579598730507
-0.5263372218306469
1.7945349512479734
-0.1374442728758523
0.16508935151386267
1.4772455202498451
0.3579157077292703
-0.4160859526043316
2.1918756508727677
-0.31172952910330964
-0.713646258985535
2.4645614239579867
-0.942114146816281
-0.09348649935165636
2.7735193703268104
0.03247676410884798
0.2790003317380439
2.6599614843932105
1.0355914043965728
0.34555116560009186
2.0336469253483274
1.4330830301918698
1.1359672884671237
1.4065011997263115
1.1871198538930092
1.942847095355587
1.1900821663714887
0.22528505160762055
2.022782397519836
1.4143753430918549
-0.3158820673119253
1.0695113805155296
2.14957259866461
-0.14918912919104116
1.7059320325039322
2.969297954989535
0.11665601564258828
1.28832076367614
2.4198607844584674
0.8006340423854984
1.7717398134475544
2.2239777385326485
0.4272141367022208
0.9325916169584426
1.1006188563238015
0.8366475761230163
1.1753782253811642
0.4055082950479323
-0.014270396373005749
1.1495853707498072
0.8291475394661405
-0.864781302424386
1.2613217262266552
1.2206961774850196
-1.8215343237983335
1.202755101446557
1.719200257285975
-1.0118467168966003
1.5615299652215997
2.308939819529566
-0.6047594454501113
0.9273748512871093
1.5102418138390532
-1.1938474609621335
0.5721407019643971
0.7439093614354069
-0.5588114244627613
0.40519396861733287
0.7445552138035472
-1.5237917488430512
-0.035133474998091094
0.5278624911109129
-2.2050397169292304
0.6068566812506347
1.4670392181471974
-2.0983183233494027
0.27394550773917464
1.8320276845751837
-1.6044003094375585
-0.5471678817644429
1.2338995163905586
-1.291478908536582
-1.344703233056146
0.38075941351884884
-1.8433431435913685
-1.5289272234489522
0.03214251888649522
-1.9572500433833173
-0.5945488256317333
-0.3423761579253019
-1.669365236338968
0.30042296603247487
-1.207814544796272
-1.1896714197503864
0.5578415977376072
-0.9101726492074274
-1.1772982585261609
-0.2753476037700332
-1.3041639703382786
-0.25730805033124654
-0.6398899548278117
-1.872705050046006
-1.1483177504393813
-0.11971043549915293
-1.7731684686136113
-1.874306862157826
0.5076908578651652
-0.9154231394641308
-1.9929386557116398
1.0404931852141601
-0.03952514035643136
-1.6525561286401962
1.2259059010176034
-0.2040650706568398
-0.9036569206858273
1.8920250117566721
-1.206028569673557
-1.094577113261542
1.731167688853983
-1.9566822179991183
-0.5935290656133181
1.131264729674928
-2.7984681203841695
-0.4253870643545026
0.6513706572336558
-2.80333403279483
0.41752877506063174
0.10938498468998172
-2.5364364226364087
0.5254076126309019
-0.8480478468940359
-1.8971933408846953
0.6674014579347625
-0.004858291595696663
-1.8541898253821867
1.2008579791590028
0.8609847430784431
-2.5231815967678393
1.4699286313791635
0.1290753932924433
-1.8536119982572605
1.4422321256796184
-0.8141994044006952
-1.4633744764367766
0.46069806247148026
-1.1028010233194423
-0.7888864021935308
0.4032045737321872
-1.6568773229061031
-1.169751105971944
1.2266473418528638
-1.6878341168228976
-2.1841578064605502
1.0022349135253987
-1.6467021683375604
-2.361981168233027
0.0013398551781320326
-1.6923457958360493
-1.5521967906629002
0.33334400964525013
-2.173417440966444
-0.7272550835445075
0.6250103867926755
-2.6212055438821107
-0.2614856879555406
1.2286755272198406
-1.9379727704813168
0.2713188427671269
0.3721707975790991
-1.3144134767791404
0.6264730820482494
0.010234152521794566
-0.7375350734351547
0.8461347702517614
0.33848210809434864
0.16585302111972486
1.5838605899741287
1.057451840118979
0.18300211390786492
1.1506957357443701
1.740147205954854
-0.3029302315097292
0.06444453427396467
1.7777957122189405
-0.7576730258915799
0.31980115040096807
2.1735489894351194
0.16503843959764314
0.10723028334432798
1.81561982280362
1.1205447097216854
-0.37464624235711186
1.3398358463446178
1.8686203746861152
-0.4018759184002939
0.5908511637063479
2.562097611809277
0.5677396774996207
-0.34203905251218286
1.9521429435241109
0.5265682576335214
0.7757533096240629
1.8871068994735163
0.5604813400761353
1.688274241920687
2.0165405093375752
1.126203568837521
1.8095001369593826
1.2101550616116188
0.6687493242417489
1.2324710518238085
0.46253259685847964
0.5984828536158149
0.7583331322240504
-0.5096512583335873
-0.09127111151213421
1.0551288022616783
-0.01468524280401183
-0.9844888762386108
1.3523885928766175
0.4892480602874069
-1.3281989955253657
0.561724073522308
0.6149965679832488
-1.105173597382123
0.6150249550052908
-0.2127330462718144
-0.5961222080544241
1.0491969205662346
-0.9584961215744208
-0.37486858009765056
0.015688654881936416
-0.6933533359239551
-0.28682259717980557
-0.45538710928473225
-1.2113383903467518
-0.1816452026509754
-0.7563607369270648
-0.05527875532773964
-0.23834742484641752
-0.6814639568477284
0.9621055493149696
-1.1035022697301993
-0.26811729619243513
1.3220667015360943
-1.7358365927683082
0.04278853657828229
1.888469192204615
-2.236858502761029
0.3360621977908129
1.0241764262597268
-1.9471914957575365
-0.1575969625992559
0.16602448941353545
-0.8148382334586064
-0.2558463295283826
0.1637623573904119
-0.007129456536793952
-0.06026847385452642
0.37991222905469924
-0.22992058532799756
0.887370049721479
1.0394438588982975
-1.1285288923513634
0.7588457475617805
1.509175054607429
-0.3984227553990614
0.14393533205650966
1.4984552385598167
0.1821389550707641
-0.1390109531506003
2.6263315641741243
-0.8924369731421409
-0.3541471962668216
2.3412428232568496
