0.34191723527584067
0.13601339058317224
0.019607120062378053
-0.30844521867892344
-0.6316458314739289
0.13279877934507947
0.6091035349322833
-0.7979757677854661
-0.19893845402212584
0.44958081703291564
-0.5163792304745943
0.7599729663322552
-0.3113502869909578
0.15349070284951705
0.7620650918872174
-0.6387125206489622
0.24655789293698807
-0.18264353855612495
-0.04918313727444104
-0.2970053974794548
-0.7812025016038222
0.046457723216897506
0.712899509752895
-0.7337171925244375
-0.13936814686464602
0.9940447310908762
0.222057729079579
