-0.07547705202112574
-0.4497847324902966
-0.9386629643330976
-0.8045319276664394
0.015825651145918343
-0.4564845358405282
-0.006068802593062504
0.552728578919017
-0.755158357165015
0.8735020360611091
0.08072760792339903
-0.6318663161112978
0.5885342629439193
0.7516967942396994
0.060556388972869454
0.8874587188135108
-0.10477748016112533
0.5524562358996802
0.06846611482652518
-0.7030194104484178
0.7280285467251382
0.043683451389780165
0.28292346305265476
0.9112783284466848
-0.4239299625281383
0.7224775499355598
0.14676870532772904
0.0783382752656206
-0.11115910486890378
-0.01845514786241253
-0.4797693190986673
-0.8795292721943908
-0.11617898036720269
-0.7502057953930251
-0.1581096450531181
0.5177180963074733
