1.0227262891512032
1.5237761027256826
-1.5629005373699822
1.8936409805127616
1.0314113252223107
-1.664664100166043
2.0776229657447605
0.270184528529688
-2.3307238949032048
1.2840301151471416
-0.2854255923137969
-2.1144776995720393
1.0301552455228817
0.5055110409565747
-1.5906490691192068
1.427651048149213
0.998681662781918
-0.8994874435728777
1.1034591352087553
0.10420164801360723
-0.7127090295457964
1.1037984033022619
-0.9437165532274212
-0.6679081873045265
2.290122450529895
-1.0881561867652938
-1.129195272457783
1.9951133241613037
-0.44300195064172615
-0.4008371139250646
1.723022841859201
0.32676825601635706
0.06522642652946849
2.252951619846619
0.5601571763729033
-0.8180425508529635
1.8274166818347692
-0.07051023215249831
-1.5124174189404116
1.4329992217751393
-1.116945666795653
-1.7766770278271797
0.5661618931711716
-0.4519854102971894
-1.5331633289570006
0.2087903154319444
0.32280093051888403
-1.2018537042613342
-0.1163905950812028
0.5110479090140276
-0.2761171616988876
-0.4626064633351475
1.1395739102583344
-0.8255285639431429
0.4023687713089374
1.4340110107087911
-0.8475717505073532
0.8537744313284318
0.7649122085315111
-0.026251443112864987
0.7475207203708838
1.0609041241301023
0.85560457744324
1.693048792833952
1.666695676000071
0.9211687455588933
1.324045633550318
1.2041250903827443
1.7913202378380102
2.067219184084916
0.5555668420990582
1.9212718983395005
2.838865705427467
0.005451021443535645
1.6016202428496296
1.9598401489461728
-0.259840551920778
1.5117708824359384
2.431015242869156
0.0015559619101359378
0.6890155094403914
1.7308936822111216
0.508791358770236
0.9882696807952076
1.204437691912089
0.2320894364831372
1.7069035990615258
0.2684245433160311
0.20881261670893247
1.3245147029261555
0.8918377366204524
0.17709558525751773
0.5913638058052745
-0.048150625186430235
-0.10789700551950432
0.5372688735169255
-0.17174394390970482
0.8221990702733385
0.8323710102978702
-0.5443215658794406
0.7419257301160431
1.8554123962517521
-0.5611182686612854
-0.24574080663108158
2.034834182516535
-1.2712770486806848
-0.9073128512104578
1.9257753188798579
-0.8732637294416657
-0.9872630113632945
0.8639992301854419
-0.5817121571000607
-0.9324587095312473
-0.14161576810186885
-1.5953970734923573
-0.8279196877003291
0.21106275125080018
-1.8513371015867985
-0.45569041884936906
1.0678915350460139
-1.7076389048709597
0.49402760356236153
1.4706410503790586
-1.3802551210781389
1.2183631996475224
2.091388786974575
-1.1859283355577142
2.0318958668318854
1.6584970741400673
-1.3834780658382777
1.9669346953003148
0.8633989658695489
-2.182534689140661
1.972496832573671
0.14242289474819997
-2.3048005834108447
2.6129505120074823
0.756285504059363
-2.766624424455154
1.747950054589953
0.8603783930888025
-1.9443309465478127
1.4824641513753802
1.3635531497109266
-2.4270970883953655
0.7428453549746554
0.8700266115947883
-1.5805474994223703
0.34586376566785315
0.5616683300499984
-1.7171077493351345
1.2712182688730151
0.5330583961779516
-1.1480222184868734
1.2496935984234787
1.0119359308035694
-0.822044562620679
1.636233493014945
0.24235391468243345
-0.31181533802846173
1.9379452962951895
-0.6062948155047725
0.2793280480423871
1.49749694663647
0.10496583761726622
1.334308711362028
1.7647655197915295
0.02632839422915885
1.5867705068996834
2.5040663184108314
0.4648517695659738
0.6782834537458139
2.9691801857861075
0.42354088734109535
0.16309035881083836
2.7069014417370685
1.299272817599349
-0.40350602102348554
1.9059412702815497
1.1036384630355036
0.4370812950124514
1.6452563937489875
1.6202378854413886
0.8353661645777725
1.933361039551555
0.6501254966116319
0.5710477193701884
2.2460284388221226
-0.26673292314793823
-0.27617263931565966
2.5575239032513206
0.3695469969678418
-1.2637459790524188
2.956658469968532
0.14787913209037484
-0.7636312779273566
2.83925353745221
1.1460838370062392
-0.5111868348557654
3.4822103583615815
0.4017386383434427
-0.6420354609745677
3.0142594849371984
-0.4875513844590046
-1.2685749074544819
2.1981256333344685
-0.33304854184627614
-1.9198279276800971
1.5479637570900315
-0.8729516875722005
-1.3307885068292065
0.7277048697637649
-0.4696507442358198
-2.1981579333441807
0.6279798795002034
-1.0633595267228142
-2.1672198337762616
-0.3825108641320294
-1.2454139633092385
-1.3988323219508512
-0.03488204791336007
-1.7039481273631174
-0.49374257457179654
0.6734961475316238
-1.9063498839350133
-1.4251525976414126
1.0116117076998596
-1.3875597574199594
-0.7891107133761066
0.24706673235256396
-0.8616358076919077
0.04287977773460197
-0.33936924572775234
-0.5446274958512834
-0.26246976078065093
-0.6139216880339501
-1.4297090387684477
0.1478920408796126
0.12096965578137323
-2.014597128372344
-0.5904633847144021
0.1246320442201296
-2.6908163741357978
-0.2487643828640309
-0.8401202155762586
-2.514723984977197
0.7234106865803774
-1.2248999400016016
-2.3170055284117907
0.6222543671291948
-0.39982828041721896
-2.9963400630123656
0.27960680742717187
0.548097579622644
-3.0775518264406894
0.3889141394749361
1.5567389346493317
-3.0736578115800453
0.5984245876348768
2.180043612316122
-2.2928898444500434
0.5805428417759042
2.393427787611049
-1.3003932370561742
-0.10218837976749155
1.7080495696494282
-1.5495631183643865
0.3344718543672398
1.0012207416676742
-2.242892464680341
1.1805523659060446
0.6729999189797452
-2.652884047985651
1.5892319846175502
-0.16027116301030928
-3.123132315411578
1.6039786371036584
-1.0782823534742034
-2.6484737572248505
1.3342079577602195
-1.9108311842277421
-2.147643127408473
0.9268158332331775
-1.7401925792088373
-1.2366230923022496
0.26530807452667443
-1.3327906052128895
-0.6473536574942901
0.848180242669914
-1.7635501555023325
-0.16679368220777285
1.8005617187390481
-1.360885051520769
-0.1237634452832599
1.6378909393760317
-2.1127873669421735
0.5873453993103602
0.5554693251316984
-2.4631329862739
0.7505376133091894
0.7914419277049851
-2.842351327468465
-0.2196826864153594
0.7045367525473445
-2.7644159009176708
-1.2456875752727898
0.4008097787962978
-2.172011129218018
-2.0633705140605745
-0.675498352112059
-2.058710482723277
-1.9153647566769314
-0.08953010668111397
-2.177438848029214
-1.0335251375476737
0.008950968723800943
-2.2273943900171176
-0.10854141884667536
-0.0024599919105162092
-3.086210402619731
0.32366401627122765
0.12938792450735914
-3.0119520893790837
1.242203904213795
-0.7625634169640909
-2.7555274189102934
1.5748478063418423
-0.33599589309416744
-2.31284884791736
0.7409696584828781
-0.23417490014762696
-1.2603871363097257
0.5078119461463463
-1.0876055595149665
-1.6460136126154208
0.24525645817217762
-1.9383712609565504
-1.4185783360855715
0.7809162572704261
-2.526648221854097
-0.6814571350217904
0.3874750910863612
-2.951614521295555
0.22433908677774175
0.19844321979305518
-2.5564354273723757
1.0061040875043887
-0.2486190475719353
-2.142343668685062
-0.046044934749901234
-0.294353251673615
-2.164752422395045
-0.9851280852854772
-0.4987991936122812
-1.7213978606016809
-1.2806365423533739
-1.3276116924435342
-0.9120466887527398
-1.1188570623244247
-1.942419202892103
0.0483012750276047
-1.236858572371229
-1.681934215110471
-0.7469789992060033
-1.4211889755028864
-1.063590924738081
-1.390569005176578
-0.5107117430142252
-0.7931366031806282
-0.749080024606271
0.00908405037627541
0.03970267426595306
-0.6662544715647393
0.08275147386064853
1.0759512848608968
-0.05549033028049509
-0.6385610856348778
1.2967587897554875
0.947136351075461
-0.6422819317700654
1.312178858913796
1.7330479336288394
-1.3669977884501845
1.1603890626606899
1.6871858315246013
-0.5990827876567743
0.4581075694862667
0.751020156130811
-0.8945998678963812
0.19292047769604367
0.8425000815735059
-1.5249985875263599
0.9486775562570279
0.7138828450421298
-1.1907185668617803
1.909508847434862
0.44960470701219946
-1.7642527196098756
2.801052369425845
-0.5079636111616195
-1.6816640212949419
3.129565749658453
-1.1956569203767755
-1.7263644749927056
2.428107323802622
-0.8674820053524145
-1.6862732062167196
1.5806818492256252
0.029721292302778656
-1.8031687176153595
1.3385951216136458
-0.4387618810612285
-1.1530552939781333
2.290579898239214
-0.37601077443404124
-2.188563604261631
2.2559093155435814
-0.1063046856656476
-3.095244540647709
2.3175398541118435
0.6136845506698051
-2.405072411104938
2.004667607423484
1.3093759845435775
-1.7036365039574
2.349197595766543
1.333312773843155
-0.63842361679055
2.2407367287802256
0.3817618019575273
-0.30757290485618094
2.2846827961837035
0.3226183460364616
0.832932470657111
2.229892024210158
