0.20355558703019447
-0.5638470215228804
-0.8336290421839208
0.8107819298131869
0.1520814898469152
-0.5549789108289523
-0.14862991588100732
0.39241884370357616
-0.76147748757859
-0.8851249448372505
0.5080124010305755
0.03375929098861482
-1.1356094682967417
0.22401339217283686
-0.8566150354529116
-0.5793461207874272
-0.40381499282635064
-0.308561457254915
0.21008599099296835
-0.7434800476818492
0.1850813500416541
1.0492185478597083
-0.8113648836146479
-0.3842346372223706
1.017878139023869
-0.18577710000789413
0.3674163436013515
0.3077516865985161
-0.2026550831619134
1.0292017684025188
0.19993660678661768
0.19547417012436438
0.1560865877716434
-0.0942338708959898
1.2080333532695204
0.2482114241725575
-0.36026571605491503
0.5743344895263265
1.0276104270421886
-0.5959984513517406
-0.3434290108585833
0.6521293785011417
