-1.3085083991523363
-0.3915001837798842
0.18922217562022783
-0.4543068481304236
-0.7193045422096735
-0.20175653721171846
-0.6045764482359358
-0.8435673780387303
0.7701723417401417
-0.4526853116983094
0.08012689235973272
0.4404892744099909
-0.19979079114686774
0.8952916754573574
-0.07487593453127737
0.45158530874077873
0.43793414020911864
0.5375732912711528
0.785109233104265
0.829180176351969
-0.3003413062694507
0.9889309333912838
0.11668387437500537
-0.9596284760241571
1.1013232033130809
-0.08647701453991519
0.0057102633426785905
0.31070948416648264
-0.5503749104314494
0.43566624988969044
0.19068201596361065
0.04311593883250739
-0.35360534394542864
-0.8084723803156327
0.18889133141395378
-0.4886259982918573
