-0.7997936961213195
1.3956094406576205
-0.5232248406637365
-0.05201310450566169
1.7015514536574878
-1.0897234302268226
0.6536622397641698
1.6868622979013372
-0.3949689821265072
1.4249064176694182
1.4431972967181557
0.25465646190603175
1.6800372935018788
1.7709155702392534
-0.7688441726411145
0.8714052246688043
1.3970799600607016
-1.4805617765284749
0.5127938223716146
0.4680781333654226
-1.5573705598544139
0.9703013633379707
-0.40488999140844606
-1.807421739110724
1.4220926071606412
-0.8350930762952137
-1.010357932535345
1.5563903816973612
0.1123577651901396
-1.1770182147749477
0.9156645190600038
0.6179537797442657
-0.6574199358099998
1.8589544453418707
0.8263767915559525
-0.5170440327906947
1.9620613866972485
-0.3141174106943777
-0.4185404750951877
1.0165129809818247
-0.6199904960922031
-0.11854700258003452
0.44846889950251473
-1.0801813425826252
0.5717060456947106
1.305699375307794
-1.4334823065839273
0.34368293656317633
1.6507458177138323
-0.5601703397725387
0.698399750311823
1.274248152045843
0.36295095982773234
0.1879089506376883
2.330857291746363
0.29299892494488833
0.4804209798524455
2.2673744656766552
-0.07213054092653122
1.3731664060940287
1.6458832908126584
0.7995355116689534
1.005008977141668
1.2529920454164427
1.6124552314297822
1.2053420369616337
0.7815135134581801
0.9207238700492288
0.6332963194102778
0.5016777052879745
0.41437001987000105
1.528196202372196
1.3324913795154905
-0.06339190900379868
1.5131643757366366
0.744585643864706
-0.21117951356714573
0.6426110098641298
0.41471641607260445
0.2876695208614544
0.07350712734188998
0.7407505002349468
-0.24219972356419464
-0.9312487312756572
0.1145249325763516
-0.950404187149877
-1.2696472270612982
-0.11945005060082456
-1.1621540119602112
-0.44441307956597975
-0.16623097689142227
-0.36345287296181394
0.37481693309160813
-0.8740854860982218
-0.37790690981065733
0.9287019519935812
-0.034262328222679134
-0.45977826907147784
1.276539091920968
0.7428799177724087
-0.8144133050993891
1.813837484914632
1.7211235264478641
-0.9334324968984955
1.5601369281909132
0.961213142551169
-1.5656713225492855
1.233512241860055
0.000472104116917298
-1.4080995815079485
1.3909285243067944
-0.6929371297783343
-1.196552184345044
0.6050167113353238
-0.3177450416812277
-2.0645382396472507
0.10175331598342385
-1.0348012481690936
-1.51206029807321
-0.16156824106230844
-1.604703090305876
-1.0496630020188604
0.6554698857605586
-1.914477605611093
-0.14986534683031794
0.9922546888297773
-2.621462943757365
0.013840607870522508
0.3464658644756081
-2.4216862568070185
0.9385657958764684
0.04812204170315243
-2.4116469462606367
0.18914076808841865
-0.60182792119064
-1.693020625939692
-0.3294378369110074
-0.937737283868569
-1.0398559991312044
-0.4825073612090534
-0.13281058801963824
-1.0568747691925213
0.3133630688601361
-0.908524649128872
-1.029563101447044
-0.24319540102550333
-1.6904400984722552
-1.527746151874114
-1.1364001833800057
-1.805946522308893
-1.3626748057610072
-2.0550175012302057
-1.4576930617346164
-0.5477994390426012
-1.948553596465484
-0.841423317135317
-0.5734948029058416
-1.4828586096056442
-1.757100664662979
-0.7437147910060212
-0.9774685489669305
-0.9556411802552387
-0.3397342336193094
-0.30544538057187615
-0.6640949837006839
-0.71614513816803
0.4447108340632365
0.017105346260150495
-0.036425516087246486
0.7800464077045572
-0.8167782213511611
0.0021364722908013543
1.2070108183212664
0.07524065802004357
-0.1532257933539814
2.073888816388437
-0.18529456710828118
0.5857290108954445
1.9538389271603231
0.43410478271628694
0.16498143879800653
1.6123526350786272
1.3562199397648036
-0.6352135478962946
1.0428068899465217
1.638543046136602
-1.1677219444548892
0.6764661498320254
0.8952651508573405
-0.3052804096951389
0.5168315791537766
0.8221481552104485
-0.6737592706922364
1.4828321235528756
0.7739216153883693
-1.4948663479600208
1.2608473418973278
0.20419131858349732
-1.7110863585427118
0.2556086032767016
0.06994354401201092
-2.127494049044326
-0.6515301456972614
-0.19398960090877365
-1.8288547237329094
-1.415604651335761
-0.8480837676551353
