1.0292185483115908
0.5063937249121747
-2.83472096427765
0.30553415650220866
1.114051011507544
-3.2264697972256893
-0.5737684784363668
1.3493356235883054
-3.110751422142198
-0.9376831656213431
1.013604187140562
-2.247567106997915
-0.5424429181708268
0.011330294059774738
-2.039894208062861
0.43729761423080965
-0.2682762603581127
-2.432776275034533
0.36045629482265173
0.12868093503928918
-3.4543924121581275
-0.42806715981602217
0.5768851029735075
-2.8276904046111144
-0.5515480988203552
-0.6229884408083167
-2.7985499991473217
0.17771502805871117
-1.2845279948090413
-2.7620288285256387
0.7640987415763049
-1.5706355014934885
-1.9814631526841788
0.7504489573834845
-2.3057089407553244
-1.3076660730316003
-0.11729074475849934
-2.327633011929243
-0.8700547410196472
-0.6153077788593556
-1.6170010894634104
-0.38034893943475656
-0.39066233670150774
-0.58282857135571
0.03879466914619313
0.19041471396307916
-1.1567342424778637
-0.12591578701935982
0.8060418117931145
-1.4681250967787414
0.5494882710512347
-0.007983404793135892
-1.0303664988075607
0.7725105703837156
0.2987357976802686
-0.2607714483488982
0.15086394840148704
-0.24367471178338077
0.19695961083815958
-0.6598951843735277
-1.2160937827514786
-0.1156907085242376
-1.3429540806131814
-1.4403961144463957
0.11297350272367476
-2.2148169290281303
-1.2969836203023555
0.6487558159359632
-3.1090285151929047
-1.5865260368471585
1.6563889387366284
-2.947934436707585
-1.4928623707617292
2.3623738877242944
-2.2173118324428516
-2.3363082957740695
1.8728085214149481
-2.3936768799254398
-1.9926276697202874
0.9550874985910308
-2.4103180438158116
-1.4615109570302487
0.665061076341799
-1.5257435080215738
-2.0541596934587405
0.11548590237703213
-1.4603452037266875
-1.8943639250662652
-0.7956966964526317
-1.4057783921945723
-1.0987356830543544
-0.6739543824293965
-2.1652395786974523
-1.7564326547880793
-1.4855740743190022
-2.2704895817535107
-1.2763609076689666
-2.2866604195774607
-1.8791084429005942
-1.2387374129887958
-2.312896419397679
-0.8972921017077952
-0.7114142767932373
-3.188541875859555
-0.7580163813020495
0.016302259062335046
-2.9258183050649906
-0.07538219796021951
0.009188425578995428
-2.029748150540999
0.45770530590650726
0.623067137528824
-2.2829265551772635
-0.2476023526138962
1.6324443623286846
-2.4257055207049474
-0.7532778323023297
1.9142166125150673
-1.5569637971606463
-1.313287157242639
1.6666082603285455
-1.2512558384373442
-2.2152753710073814
1.2370090724740253
-0.2869692763393534
-2.424419758092921
2.108501799264217
-0.3557489112707338
-1.9003607935059579
1.9512200504995902
-0.6071403285184187
-2.9400065347806006
0.9420721241941847
-0.6605730105658407
-3.2101998627318507
-0.029700952308716676
-0.7822167779522607
-3.7159169096121167
-0.9761282009090714
-0.1555579209133993
-3.5724289706991574
-1.4456979118100313
-0.864801859351563
-3.0275245809749696
-0.7476049004153803
-1.506913329138685
-2.5950913037967074
-0.31603527793452996
-1.9928980200687407
-1.8020518260706484
0.32668966771436375
-1.5635533581962098
-1.1030554209521135
1.1178630806841718
-1.4418089757168913
-0.6820956171746103
2.0796156567962156
-1.6824277095797424
-0.27095369645795686
2.6240165852563893
-1.9247988553654523
0.5856053150298113
1.6927613844463731
-1.8283463548534027
0.9588313063301726
1.4199010681872697
-0.9295659680578665
1.4417068153279526
1.950703125196873
-1.9299329824637101
1.9413533713608035
1.8095866924827693
-2.7690935232357807
1.403778909179893
0.9252873825942739
-3.323938364191682
1.563988698514426
-0.034095881082296366
-2.966547578065378
1.796778826198438
0.06774116059958475
-3.615628991524054
1.0354791298861599
-0.7066246106706034
-3.581347906613225
0.31408564751682844
-0.8543364367377687
-2.652232569202301
0.045039274086029576
-0.5108507585396243
-2.6828428934274666
0.9441379227160722
0.4240653146274644
-2.6633341633260827
0.9266052416871265
-0.16232863696817632
-2.0238696004713144
1.4377581370862929
-0.9064066405000973
-2.5060074635329976
1.78370906713793
-1.3658973026335175
-2.2818013688667964
0.9644283907798513
-1.6514510755981306
-1.8463124619582645
-0.03298313399573477
-1.3723449462498079
-1.0409736421085116
-0.5996829653946723
-0.47753601048824745
-0.8831758971857229
-0.8604333710859076
-0.31478412206425077
-1.0607525484270273
-2.0139616333031887
-0.9929614526794027
-1.4957389155118848
-1.3629429602396224
-1.9637153413375081
-1.6542938441279114
-0.9064155332995226
-2.715374890267659
-0.9858110514351627
-0.9022418464534071
-2.1883700387734084
-1.1540975970698544
-0.06640512411334269
-1.9884322132671681
-1.4456593226346282
0.7866487213303769
-0.9778811523800496
-1.3987427325213837
0.6488235728514703
-1.5773506622645708
-0.6405936819153596
0.5489321825956468
-2.461875806299037
-0.6035734473529447
0.8323988873435413
-3.066283774233114
-0.5369088040808536
0.028210838713508386
-2.350772713014737
0.14891733246213465
0.22343349058750533
-2.743041370099726
0.029854969150271124
-0.7410005871392259
-2.950210099346483
-0.42921389310417923
-1.6748292995579255
-2.2365145567296505
-0.4887276951789777
-2.4434924646717033
-2.788278495621105
0.3682396671748506
-2.3352380410139157
-2.68190791682052
1.183815132317677
-1.7517784736869477
-2.2782358194457295
0.845971514111608
-0.8907445317793292
-1.8172982710256593
-0.06490490622948597
-0.6206114212590652
-1.7723124188414288
0.9611798163419076
-0.05337752721077132
-1.5495964840311611
1.6379260305404426
0.630883863136097
-0.813573540683795
1.9357471834097384
1.307496315983986
0.21734684382680008
1.460272279202742
1.1552910336701965
0.7862337503230719
2.0502674394441986
1.7176868162988181
1.7285116828363019
2.2739268805504604
1.163958571258307
1.5608022139713673
2.4567561453687055
0.166060094457706
2.4950409359863253
2.4195250355248272
0.5899081899085674
2.109710729046975
1.447501668558293
0.6616502600486918
1.3726746223161843
1.1471880949036461
1.2294147452718935
0.7988472865147678
2.034605058940263
0.6475357528141269
0.03007131587342584
2.4140913064221143
1.0413782069860877
-0.0266738828012588
2.1835157829659506
2.1268104677083124
-0.6828237431064287
2.781349184550962
1.6892353453470885
-1.3667025395073817
2.5888085779630763
0.9717651628122461
-1.7694399379488701
3.1510487077349167
0.2485150810297379
-2.1461330826296106
2.899158691547814
-0.6189464909297125
-1.4030746883594258
2.237311302402832
-0.10092620805207217
-2.1783006185163836
1.9098036235348324
-0.8101419956761047
-1.7373861871364464
1.7681167734325058
-1.62941948677973
-2.2397573871302208
2.4967546221754184
-1.6211522910135112
-1.5585356295164254
3.329836876524055
-1.5355510060573576
-1.1299074349318623
3.200606118602268
-0.5226942303009192
-0.6856579556539868
2.7646108202867667
0.2723701165396923
-0.6410316931415451
2.2242254815303792
-0.6683068146485505
-1.2974811558242605
2.321741488274657
-1.2626558347828316
-1.1698907876014744
1.5419758387444875
-0.8116960320258836
-0.8760834037552253
0.6641530509567477
-0.7133478576300905
-1.1588635292119374
0.20926814786339853
0.3191978090801463
-0.3449886290654358
0.43431439555809603
0.057789427583920715
-0.3058721934700558
1.3483169307777902
-0.6323947556479832
-0.8151829982397618
1.7885119872551523
-1.5649169641969232
-0.0884935428140214
2.416832484929458
-1.9845201173622553
0.03773639784958063
1.3864090768538722
-2.398898214416818
0.3930046175558937
1.5762456837651722
-1.3733213745815893
0.35515525782006624
2.456085889413199
-1.0609250683274638
0.22722609094797044
2.3010253618118144
0.04028695440328079
-0.5652588242757979
1.845102410578121
0.13372440219444298
-0.6336760584003118
0.90600757733978
0.9552243047156437
-0.16713133811039754
0.15551967867915398
0.9042858357055328
0.7392368534652799
-0.3634621463903217
1.1881535317916028
0.6136016128989807
0.6820710149186967
0.941700923205457
1.0864275164608492
0.43854026105307314
1.562586833968466
1.4936183999457424
0.9841402751630283
2.315374139617477
0.9149682779844857
1.1175931789190163
3.0570235886586823
-0.028579953668210357
1.425192610565946
2.867322366198534
-0.08908826786241181
0.40253508552154366
3.0437073059222626
0.20329451897080505
-0.4564076105160846
2.9258221613666593
1.2291552607017513
-0.7885568906079494
3.020620261673882
1.9758773583415727
-0.9614238326979523
2.353405021224262
1.18723666968462
-1.5170451241585536
2.2064940525595227
1.3483908463843866
-2.3940699946851347
2.5642151750972833
0.839862941992758
-1.7534240603588251
3.2633292740060273
0.9362110675084232
-1.0230590306483622
3.9750675898618075
0.4824951373063025
-0.26648222700068275
4.54667125535604
-0.2970539790100704
0.16955448102437973
4.066867258937491
-0.6685764833082192
1.169595271472065
3.6619197975288156
-0.9885004321161162
0.7856340522393956
2.695243179665048
-0.43872305164351466
-0.06753008250108528
2.477218142000439
-0.06830523917591809
-0.5474795591915992
1.8154876674152522
-0.9644520153071662
-0.6265812482487635
1.1739970133045359
-1.0043890582826904
-1.5210257333266373
1.6004866205760357
-1.2413650069577085
-0.7369309374503058
2.073219052551318
-0.9615483817119996
0.42610446795543033
1.6855879265275262
0.019570860072117575
0.41023252410672423
1.8019892233529966
-0.553935037340576
1.2634433949130928
2.027539684224279
0.7105349575914246
1.2659611356596276
2.2091767938214444
1.1468385030120078
1.8984905480425116
2.5755074779295115
1.8722639130124725
1.8287890223284922
2.0054308163997385
2.286256855536956
1.0345433762082388
1.495087072830717
2.6177586562360653
0.7067160907075287
0.6351116036665828
2.1680383791783866
-0.10158000856550065
0.19140925435807893
1.3393428399395544
-0.0042498331594708364
-0.43722297562799317
1.2253678565856647
0.2839439568456121
-1.349886859675002
0.38067692026625144
-0.2524630242511246
-1.6072530856194809
0.6864011768941438
-0.6227461200236175
-0.6355140723598938
1.1392849167785593
-0.9008432800085208
-1.4032597387772674
1.93790920129289
-0.6824594906675013
-0.5850896643399505
2.8560096205386896
-0.5718196455619368
-0.3025204702356374
2.911114199621884
0.4027394215475595
-0.48051217867693746
2.319298859556946
0.43319500413034273
-1.3333167486312856
2.5929981980254424
1.2891563554887817
-0.8915906529212689
2.1706822401946555
1.8314917994500322
-0.35908215403692023
1.3325351485334744
1.3283165115259774
0.21629500172413574
0.6134693275183448
0.709796577829985
-0.2071849209789245
0.29205566550338036
1.3657056558378384
0.2867366125153177
0.6728120224371661
1.703586169735459
-0.5740519801796611
1.4216572778254037
2.342024174168511
-0.7774557425996582
2.256671634350194
2.1410561792455147
-1.2205872246651077
2.204882928933016
1.3264371476318082
-1.758248905159996
1.7922793957725167
0.5847557532588891
-2.1839742871507997
1.1111951113365006
1.016920250910492
-1.7622447288131935
0.42646056982543495
0.618289145157715
-1.1419816616921175
-0.4309908379987832
0.790675035244682
-1.4577352535992745
0.5159782162167997
0.583068935246839
-2.090914592197882
0.9255497559531192
1.478125794170706
-2.556696211198061
1.448252141572326
2.1224144119605617
-1.7656105125516073
1.6205956226618543
1.371565452939961
-0.8185626686120968
1.8725789934439963
0.8944506383062804
-0.37932173119383517
1.453495752213261
0.47970828439549706
0.6071352249267974
1.3746449730512675
-0.5908978521688535
0.4445973232767272
2.205352015619438
-0.9134990425935667
0.3660453584470776
2.4991001936645683
-1.2634673184531178
1.3713566795135734
2.1853239192606537
-0.21383717712140005
1.6667874234339788
1.7245343859120694
-0.0069647362845842165
2.478809579535799
0.5683047200835352
0.3437256357328937
2.661357384375202
0.6254724315292493
0.10726290219094294
3.588070045604921
-0.015942158471140812
-0.7401618914286856
3.8379369271417523
-0.1428577183904984
-1.6453185280308014
3.3905141591925347
-0.5921420139143004
-1.8928733245112406
2.4705737970581136
0.4174169123448303
-2.267178242063401
2.3318580805738653
1.0194009632521932
-2.1720916575496187
1.6484672190920522
0.7027232791298033
-1.2664355671496945
1.559166733752047
0.7714457198235737
-0.6877936977560215
2.102476390085836
0.24919336462402564
-1.187110104322701
2.411291674176803
-0.6470681826035853
-0.9341431605608039
2.8631221781526075
-1.0095956154151506
-0.10650992039172719
3.2704071947736866
-1.7249544963212804
0.12194109111554134
2.490272240849746
-1.788428822259181
-0.17481432930313634
1.371781863902437
-1.8126948157253433
0.6910379431383358
0.8835456420948252
