-0.9009300003936542
0.5520873575848116
-0.3952731866807735
-0.38283833852795396
0.5826541090365207
-1.2526351807735254
-1.2033132259499437
-0.017678814304148156
-1.1727774225202128
-1.155463636623306
-0.4180144765671762
-0.24255304486423374
-0.364082747827739
-0.7576672835672303
0.2368003482040456
-0.08732748530462346
-0.34278797134176014
1.1131683166295583
0.6697316451163828
-0.8123217956203768
0.7060319662442694
0.8376179054704437
0.047782779263098846
1.074188115750398
1.2160304781269957
-0.24204995738313528
0.16207593900110365
0.16124313098391369
-0.13388041757811334
0.2526113555560521
-0.7045435919223502
0.10982733431181031
0.5054390766217145
-0.12044188176937784
0.873356238429714
0.66484090259576
0.9784962613118432
0.7771845165453231
0.22935340777705293
0.058946268075851876
0.7252394113542066
-0.39174386097767594
0.7112306319633321
0.06645027041492235
-0.6490131797223557
0.49774483779095774
-0.7848601823395157
-0.26573773843624476
-0.21210025052078949
-0.22532111823894868
-0.5747758144049394
