1.5700246030728295
-1.7255493942045246
-0.0236208367279688
0.6349736111761637
-2.2675345705233894
0.3371886477315436
0.06672625785397907
-1.6635016103423133
0.8545691481131341
-0.31594765165353134
-0.823389197370749
1.1049921760128163
-0.9290449711781332
-1.6470391697398559
1.0541113859870823
-1.5105979533655913
-1.8462415036637736
0.23247895263456295
-2.1403542811416334
-1.0390683578486402
0.2059172408715161
-2.4757991991683213
-0.06278421533640499
0.3407103366158448
-1.8922757819160263
0.024209526313197612
1.1560206653837553
-1.0368893348169952
0.0015339963278394213
1.95287252188228
-0.5961029679106522
-0.9635653613637303
2.069914178593054
-1.359083765444038
-0.8932020966763053
1.4065910965400021
-1.22046705272739
-0.9278858353953946
0.4534980407169965
-0.9447778651420075
-0.8085470745425337
-0.7124175979733723
-0.44173619896408967
-0.27974289042086253
0.07067359254099935
-0.21421905645304637
-1.4200752515110115
-0.039605450744786
0.5326255148491704
-1.3916146396390312
-0.3441892550765179
0.04798915556154384
-2.211983006475039
-0.4347067639888636
-0.618983013662021
-2.318026029303122
0.2780286259262368
-0.6971388013821421
-2.9300470233136533
-0.4589543712405105
-0.9188702177751054
-1.9679602390176618
-0.5808996414093631
-0.15310049901618517
-1.3960797959649942
-0.9821087749206718
-0.20360984048752737
-1.3694825714150338
-2.06553339885225
-0.81513396683563
-0.6012304151314537
-2.379496927596172
-1.0454958886029606
0.2243723674592708
-1.6895837617014813
-0.6087761994136247
0.9505146662844558
-1.0456278886657817
-0.5785652123672586
0.10134695438774663
-0.8027594219082352
-0.390102685114364
-0.6664569015943178
-1.465713193052967
0.2282905342399266
-0.5147424303412755
-2.3465989586220317
0.9089351331171033
0.23935235809432864
-2.0471206753707585
0.11900265025798502
0.412719404357389
-2.658741647003999
0.05521492098966581
0.3000053088003949
-1.7416318840184206
0.6361443110041866
-0.5298645760578685
-1.4614405593063158
0.11956571645495814
-0.6688032236664017
-0.5102032315935504
0.2990813319574034
-0.8819742395112105
0.40892999625837023
0.7030142365699799
-0.5121461301733318
1.1086857393767682
0.15358710452677782
-0.34540608298122116
1.9830561030545282
0.3724718500116636
-1.2358585544299392
1.6339724031537846
0.9819555914996377
-1.330000468133586
0.8630861469588481
1.318738625714018
-0.5716508774399426
0.23034481302385887
2.1296046529096833
-0.02695172844369297
0.2695253970917993
2.1632034452538402
-0.9382472717413545
-0.10327154208086058
1.3954407669199977
-0.9335571782075514
-0.6888754162553823
2.035268165692179
-0.147506356181919
-0.72020399279597
2.0671246180017393
0.9301094442631546
-0.5286842319008963
1.0265225635274258
1.2943139019637875
-0.25143018894748287
1.284557733916901
0.8179237114453454
-1.246473343589423
1.1157226116561045
1.7679815277045896
-1.5237917907989287
0.11558397412839305
1.9725903755940901
-1.808751191524167
0.6330165201453577
1.1678236582418429
-2.3515829480235424
-0.3778977713963591
1.1002941621789963
-2.0781162166142892
0.29739806325437784
0.9915535225136749
-1.2476190747765383
0.653710267226044
0.33057308303190625
-0.8281410231823868
1.2684005949912907
0.2645061511689083
-0.14633579347890546
1.520946849029345
1.1197015600055038
0.551614026013381
0.8509370447705522
1.8459111436802984
0.5186118525057456
0.3156098587784764
2.0693378481927978
1.3486433556080226
-0.5592390551484723
1.7687869342319746
1.7437987234340084
-0.7992326839017977
0.8301325043046774
1.44024766225438
0.16099095256533993
1.0824973500842296
1.5678679918185225
-0.35325947363297044
1.5366267392287671
0.8035507023964827
-0.5493161028069982
0.6056639329576896
0.3844888348609744
-1.2399744417406138
1.1436931955750118
0.5940353710127401
-1.025196313717351
0.7211466083725818
-0.31383185501415795
-0.7346731029447298
1.5662794977575598
-0.14631348436630345
0.19934780117626366
1.0297314985022084
-0.484869944800395
-0.0964526539671134
1.8122806955755169
-0.8232591704458966
-0.8639337025360232
1.8734198191361686
-1.4985056324453288
-1.4927577881090548
1.4115802652502087
-0.8200943087437256
-2.138821277546082
0.6497969270341678
-0.36017104839071096
-1.5090870209233738
-0.06602512063944244
-0.8658411398118745
-1.5205948604508817
-0.09329950321456322
0.2259496216772506
-0.8598025602796268
0.010186682429899082
0.8580116154402313
-0.07891612629338646
0.25660981546007283
1.1112082505023912
0.6323028247341874
0.8965406688971476
0.6535722829239159
0.4492873076685451
0.16161321485087551
0.21404133986422041
1.3630919606842657
0.241291757365075
0.7172722067745452
1.833658601324556
0.7504399044767525
1.4389144409080048
0.9238272775568062
0.487972863819764
1.7809490303528124
0.645666878802994
0.19871412660220503
2.629075462219248
-0.22771596711481243
0.5452477231586789
2.244175696537486
0.6251737839460917
1.1347581657372245
2.338687584802495
1.079207039530107
1.3753553291388159
1.4472343173867348
