2.2237968963894703
0.1288274902510887
0.7155455186314219
1.8800871503529533
0.9594867784702228
1.0727371097804217
1.2384021096597209
1.6132046687982362
0.6940300866766601
0.7494142216206192
2.388093300304334
0.10453578433540639
-0.021391188150136083
2.265449369108753
-0.5827830118157621
-0.8610501626185956
2.1690033628479406
-1.1523436284697064
-1.011214784701057
1.1093449159767494
-1.5256192571605336
-0.2660119860529457
0.47256171019675397
-1.1746260091613263
-0.2494365952771645
-0.0699295291322428
-0.2778755043375468
-1.185413010140154
-0.08104341935445439
0.06185720007937232
-1.1249862390477297
0.6375583311149957
-0.48764747753885623
-1.8794923975359603
1.0157654184846752
-1.0493618698570168
-1.369421523320027
1.5925915195197606
-0.3951079668559022
-0.8802044676087538
2.4549462761382443
-0.1564222029037064
-0.21143395091395709
2.478156331380097
0.5949132093872652
0.321581822693824
1.7267290780140867
1.1236333247782284
0.9750458274819749
2.50330569070528
1.074224636960458
1.6803406292906544
2.4592782845515946
0.3529518538548079
2.3784403926402615
1.822573883885729
0.06440332669343456
2.6219994803298503
0.9895007348450389
-0.5311665441849566
2.6529959082754138
0.19990969245930232
-1.1901382578992137
2.430008847902669
0.07152257691139087
-0.2085092897512949
2.696766758531644
0.8566326746347607
0.44796334161602236
1.7017942522357379
0.9219185675172429
0.1451743644615996
1.6873966386164945
1.5714640314309627
-0.8094596263485823
1.9635906041898508
2.4213855106599946
-0.6030372104351013
1.2504445463061884
3.0589274863718545
-0.3266277914775001
1.0089576488931917
2.2201382629174446
-0.8194230938974542
0.2987240629318958
1.6892574044146882
-1.337526627325946
-0.31665149539872467
1.3242098705271237
-0.6463392537189108
-0.5746600291357976
0.87560652842757
0.166976877532356
0.3036924597105874
0.7373653753343328
-0.4968456826269032
-0.014469068839110113
1.5686960018293978
0.12881279077538724
0.9611353610213107
1.4196280200605367
-0.2637592423794514
0.9633289041637569
0.9650956325595149
-1.1069721211143124
1.6562220965502457
0.4077784004890488
-0.8296094093590614
0.8671401538515362
-0.004769434433462554
-0.9258474973644029
0.866344750079109
-0.1495936577552336
-1.9571768260700937
0.3355776459499316
-0.8534345642101279
-1.433751909797799
-0.12384123915966183
-1.6544019834427401
-1.0130717339666364
-1.075582870757489
-1.312484053082427
-1.0473611291096492
-0.7615943013533872
-0.7371134970922566
-0.2773556452988469
-0.298963154065588
-0.9316201462443048
0.7471994019966132
-0.26087599796819033
-1.7498523867281766
-0.13498986696599202
-1.0113789976418213
-2.1586432241429088
-0.5252569793910646
-1.7763519515773698
-1.4111616412564023
-0.24692553006432855
-2.0711020418065114
-0.6052492073508747
0.32731790486152135
-1.5784990486748056
-0.07647356602567226
1.0416991801567568
-0.49473184925930147
-0.029444131467901223
0.8446291994369011
0.3329324157402408
0.25416901983140394
1.3358588896194972
0.932378026476188
1.0178551622850576
1.4068723990589245
0.5048320881582724
0.8767722089459198
0.6267380219691356
0.34577405689945484
-0.2986015682564994
0.5234167677170323
0.6407963714450365
-1.1999929176100113
0.5068075904878809
0.21619574533097527
-0.8784068790213003
-0.4642296647829713
1.1106094791174448
-1.3007324215027318
-0.2935778707464218
0.48923856795721293
-2.1762443116757066
-0.3974263541803284
0.8267960981894832
-1.6909768578005289
-1.2586424165340735
1.332906322954432
-0.8314655491025321
-1.3691812102100083
1.6279109491416184
-0.4564299977476184
-0.5001736562725096
1.1599922549316974
0.280632277400365
-0.0511105580441587
1.185963203265491
0.22307509850902751
1.0049856024571586
1.379174651025076
-0.680674896799906
0.3984339632079498
1.4243361512776147
-1.3948753677795402
1.0286342901142629
0.873148731964444
-0.6544974626970386
1.2782064594913678
0.18020956291453027
-1.3147667837401387
1.4938337022122743
-0.4861260349725016
-0.6225903365998982
1.6272351249211585
-0.630561439000602
0.3815366960258549
1.8304850152825478
-1.0465139367962955
0.9228335310417826
1.0886095945371905
-0.9387652351101304
1.6726192262099928
0.4999020247749139
-1.5974879828264794
0.9003466834652484
0.21679294424318254
-1.9700381248945873
0.3216073630406832
-0.43574700092313357
-1.4298781705747619
0.12009440737737172
-1.3296621072392834
-0.604697679234345
-0.5195173842127172
-1.0549125405409296
-1.4355271222237882
-0.7461856719683398
-0.662100568042078
-2.0186697871082857
-1.3763380300452792
-1.161314398117968
-2.2976210820514704
-0.433526330891226
-1.329323424281094
-2.6077664982268756
-1.0335678311834031
-0.47062124841227393
-2.5908840453444335
-1.901347094807004
0.059169270951707854
-2.207329977581696
-1.3818156612303292
0.8231458038312948
-1.8953430338925976
-2.346443340600163
0.7352695895615794
-1.0108740179184346
-2.428070389563895
1.2577133023659892
-0.7838668497671757
-1.5069801685280197
1.3710313133937408
-1.4567183306614166
-0.8330802852320479
1.6285268478160038
-1.3986811847846679
-0.931330835967182
0.6876783806073945
-1.0096943877058655
-2.0193754260290397
0.4384671783813106
-0.37068264441640614
-2.60540562604115
-0.015725156573245386
-1.1810813410758667
-2.9658987540406327
0.46770238650696844
-0.27705808547118776
-3.01374654640327
0.9740899292174895
0.5462133959527571
-2.6570802847907724
0.47177532441155234
-0.15801189976643912
-2.042275401684323
0.836699542393169
