-0.541992783411923
-0.47870672709319956
-0.7635652792569231
-1.3612074438146804
0.03863732373631833
-0.4325133635490439
-0.5210828680603354
0.5364265133810662
-0.6322588761936029
-1.0090823750393563
0.7247072936728183
0.24701427263107423
-0.45881861376089283
0.2755401141244688
0.9965692792386994
-0.34938139351055897
-0.7325890580049769
0.8964241951103361
-0.5309849979114416
-0.15517450373023559
0.14417293498103062
0.058276840086468946
-0.8814103072432766
-0.02573747056562968
1.0293268884672366
-0.5406174018205077
-0.06492345095602906
0.2540170998472225
-0.027742010593633726
-0.45466994896011176
0.4069505784867025
0.9471600950542303
-0.6646266345801137
1.1257107398449075
0.29253723116562286
-0.9142129872941607
0.9876991319630929
0.5074233065289208
0.060196896526092385
-0.017784776146879434
0.6994721788938889
0.2146266418241883
0.33879844904092654
-0.13618124329918674
0.5878314855696434
0.5895555239195248
-1.069482804772308
0.8056723054745316
