1.7450720687826518
-0.3094380566544683
0.4256924582094286
1.0834340456249059
-0.233995753853138
-0.3685668610182374
0.24892246916652838
-0.3329869939659878
-0.30856880456811986
-0.5359620190117174
0.5281723245206709
-0.3554032988147397
0.5435782731807557
0.585100451576079
-0.5559160262828772
0.04016201429229727
1.034967021293661
0.13407320402726297
1.0832288088590547
0.5251084383586452
0.17340179559710592
1.9821106680834975
0.3746404964112349
-0.16171247864700106
1.905780886968248
0.6114347275840937
0.7659130605366542
1.0883448412725312
0.21352298992422714
1.1954351536996641
0.1302223466223269
0.1162869325534972
0.9217906627665191
0.7454698870115587
1.221408402831667
0.9948299494758263
0.35833059366700554
1.8742496296103903
0.3415140779955415
0.9176997437019013
1.484950318347966
-0.44908240007559236
0.03655027500483851
1.3662549286545178
-0.6252903135377288
0.09381780864875856
2.3245326339990586
-0.5149936351599734
0.055325051374590886
2.055775864053719
-1.507978420237669
0.7791358080347716
1.1769418714028497
-1.4330397258868104
1.4410483511711187
0.8447533486309304
-0.9489217317082167
0.9131054750591413
0.1788400331186261
-1.4600176391480155
-0.064246183558173
0.1898972411746258
-1.3454615980154623
-0.28316402398573964
1.0393980975232253
-1.6850646300084637
-0.9196505687645776
1.132821376017189
-0.8996300755847942
-0.7899056834307113
2.196834104576113
-0.9270553648832756
-0.5358682792555443
1.7238212470076926
-0.03528047579622134
-1.5581896738596206
1.678682486193838
-0.4209080237266547
-1.818756864765667
0.9351802824938539
-1.065673940260116
-1.1820128493135966
0.2547590206493317
-1.1329177283807856
-0.8725480304839365
-0.2315576681609166
-0.09586745467642427
-1.3077498342442433
0.6422286338275104
-0.24267212964812898
-1.81741685906491
-0.1424170832563143
-0.543961765096623
-1.720506735430037
-0.055973777254742445
0.4615782236591868
-0.746835206426156
0.29584159548849226
0.5920654352892851
-1.2601098797892043
-0.2880544986468533
1.2709859108659716
-0.6343794679755028
-1.064896330618047
1.351595317008153
-1.3095491549988736
-0.8864808404019497
0.5539635637087165
-0.24318517650160407
-0.5013489972071259
0.4973196310093311
-0.5514696340466412
-1.6618945382734311
0.26918729436973643
-1.1066459643786168
-1.1977143263701218
-0.4022826626338861
-0.5803174015853593
-0.8064441344697448
-1.0718193842237391
0.40880273105650244
-0.6948425309148926
-1.1881275739966537
-0.10021017199029954
-1.4584787406211759
-1.5319343804294314
-0.21933895852980123
-1.479566626754797
-0.528966698363914
0.3215489734263095
-2.0050156348226733
0.19093019499422575
0.1218857610733195
-1.3632633499201363
0.8436612140783073
-0.015142622747243036
-0.45963297474994647
1.5205093008790482
-0.503024931394694
0.30640739352836915
1.6088372151112922
-0.7471172102947155
-0.5811321211138508
2.1580182267012336
-0.9358411552710504
-1.614913348860543
2.0632124238793996
-1.3973259472855093
-1.8690297214991165
1.1693948084634669
-0.40126349118684773
-2.03718389073854
1.3092704687763537
0.211608458949072
-1.491820101064605
1.9029794036725531
0.9754427590944362
-0.8857599503520089
1.3561812571161358
0.6039948576371164
-0.49576138703507583
0.42424354278900983
0.7431863804160559
-1.0684419563112795
-0.32211318449392334
1.4992311905554272
-1.0047401091476151
-0.8861393971453905
1.849924627074228
-0.10630413441118172
-1.1400907742527353
2.230768823761775
-0.5837223139020657
-0.3411252179776651
