0.6018418763695451
-0.7235507284096065
-0.07319596311130751
-0.11362899495650924
-0.45205975402717663
-0.735600760784635
-0.8004717887552812
0.0991141470491945
-0.24216563763099633
-0.34410945831371315
-0.6333616968877521
0.22374585554118379
0.19904703833174608
0.17566260560227281
-0.04019423215948167
1.1307352694988713
0.05272193721545299
0.2709902023109127
0.3746571403870846
-0.29814774501509134
0.8129544924467923
-0.46323406419725965
0.24941927387670307
0.6911915306961303
-0.3959997815608035
0.9848572793090147
-0.007849116217519755
-0.1888372368036838
0.5453446812869895
-0.8998763710910872
