-0.3836228824017643
0.5520334113608809
-0.4480197925219991
-1.0141376994081877
0.01590334766944884
0.22172692272316052
-1.3464363526162546
-0.01917224188233262
-0.7681301237004245
-0.9882260319184252
-0.8307762159210148
-1.2525969859781616
-0.3721107459322536
-0.05514533735487554
-1.412013297791804
-0.42244280794890127
-0.5827582211141564
-0.4563934711835127
0.2886903314511829
-1.0942246201843282
-0.2162307067696326
0.2908904543348864
-0.6846811006955638
-1.1234429936898673
0.444292368428689
0.3194996054126229
-0.8698252410816317
0.32811202643033144
1.0640121744394784
-0.19480035094960735
1.050178477430014
0.4388308636994676
-0.001282048972718076
1.0075678255419165
-0.4172048264426496
-0.4942857011136721
0.19063599192153854
-0.07636387058330495
0.1323783563767115
1.0588081408965972
-0.8150545345186051
0.37968134490411193
0.872577684424173
-0.05318502452801039
0.8887609789041393
0.14776917273621049
-0.8187082689145703
0.7935233430151197
-0.0456303140798975
0.015743274896803973
1.0771337216717976
-0.4052437319021703
0.7201318957571317
0.36341127333320467
-1.0566336891615455
0.4345175422166185
1.1249402757370515
-0.19975058529154263
1.0356335645682233
1.4929665907731455
0.5547123670654218
0.8509685821187459
0.7624979063145212
