-0.29777200910163354
0.07624807245414035
-0.6744820468382542
-1.20908717596138
0.2844628192529348
-0.32635323630663815
-0.5301419586713416
-0.12467377903824728
0.285135464905645
-0.43278380786336873
0.8203225655296369
0.0029785737967347042
-0.04720214052514836
0.5060902186670069
0.8897284029053967
0.30491325124602375
-0.43313469077583694
0.7498438438286373
1.0485150790759314
-0.48092727468946417
0.06509532433036763
0.38131940623513283
0.24139779044032877
0.026252140618597323
0.11299365843144617
-0.7052575608257945
-0.19451816788607165
0.6692456971343407
-0.18452816101469985
-0.8236802993544227
