-0.020734686638407013
-1.4840643196783696
-1.36380765008062
-0.04557002348622841
-1.6713549722444787
-0.3883113988114934
0.7112031941861287
-1.2514740641206108
-0.06772235627243477
0.7538480911108866
-0.8185718636376191
-0.8994950371416198
1.5612876028523928
-0.959971768312434
-0.9428404213763222
2.3410720026571044
-0.5941012169219119
-0.4630301703868161
2.8134029511477374
0.2214007190607404
-0.5109897472308426
2.4364230704937455
1.1218518507437056
-0.35494819004958145
2.3822939767133744
1.810334758783399
0.3742157507948368
1.5654309997036886
1.9142586189516126
0.9250441088551773
1.0639015047851195
1.0554694228970485
1.1269982044697746
0.13033940105360486
1.3084345138781528
1.4986619303362523
0.11958240650818536
1.0531570063959546
0.5709477506160788
-0.2634449017311909
0.15110274820122055
0.5920735164247397
-1.2804996646822997
0.26079753434950476
0.4858905850238265
-0.6959216545463331
1.043832184996958
1.039641659942262
-0.19372385920497265
1.9241150562209386
0.8013621121230221
0.7488713029663994
1.8988980086732004
0.2869949673229628
1.0389385985931903
1.8617846831832288
-0.5890581337016869
0.44114957449872316
1.9011400008224704
-1.4686626916417986
-0.05749285479611912
2.7224428874124715
-0.8990318408815422
0.6171071820319755
2.590305596164231
-0.23415382986779754
1.5429606334701738
2.323461602113474
0.04084765830403502
1.5458696074633014
1.310977044548966
0.08933246543914493
1.9573259492606472
0.7542136789736951
0.8860427849261957
1.3961794685628697
0.14541502287454047
1.2280375323050763
0.86728019118176
-0.22948427173547
2.1773758755066375
0.022544159004877485
-0.5610571385227296
2.506956013234029
-0.6814146915772059
-1.0021613293644664
1.9921256963741742
0.3152992257703809
-1.2409174417540565
1.8056835108686442
1.2247940484362643
-1.411705213138658
1.7525347867877168
0.9986175270997832
-0.7472568804724136
1.1983629846202861
0.2815321024717567
-0.3705845787831213
0.4293902301589574
0.3285974855263787
-1.1298391616758607
0.8461738318261574
1.15908052663998
-1.5443939020452542
0.8068313493847156
1.6446201251216817
-0.5816241795139917
0.6482902624208297
1.983948324471985
0.224905460220489
-0.10375758908631844
2.09539677525371
0.024951885813899816
-1.0672638863907729
1.3739988917798633
-0.465444835044031
-1.8115541151396277
0.928640118950428
-1.3056007278383728
-1.6813219182029226
0.5999176565828996
-2.2490398069871116
-1.585049474967892
0.5036349872109696
-2.6669535724402444
-0.650808041728716
0.5757712454655831
-2.187138892153541
0.36426650935144095
0.5267515483821661
-2.0367446123582544
1.3167300334567902
-0.47986270939813713
-1.9184859402864227
1.5162827875690743
-1.444673703930011
-1.6008776809087617
1.8845639830374825
-1.4813735769523562
-0.50275126239999
1.7832527640351414
-0.7374514500778815
-0.12368987892329286
1.867856448309
-0.8883669293457475
0.8873668339835701
2.020340032389714
-1.8372707116344031
0.9428940311886955
2.2840465565855053
-1.4503257224507742
0.11174103347413923
2.532572774646173
-0.9149754947239507
-0.6522414788110481
2.8804899909969977
-0.5238178226426821
0.2895412544658587
2.9478346699077775
0.24684758338589904
0.5358864484945807
2.053469420402379
1.1404299094927
0.7353407201306892
2.030003551693419
2.123252019606495
0.5247693156326099
1.8202772596014871
2.344061516160206
-0.1330538099667215
1.1016860331140146
2.5237437475454763
-0.9772642805991278
0.5210858089064364
1.6889615581982143
-1.3631150661536378
-0.1200662021349065
1.1299993328637945
-1.6468699832140596
-0.8308514483078868
1.42016658215709
-2.3343811745211123
-0.08995801919611811
0.7679669768445866
-3.1268146699213486
0.16081703950759993
-0.21817120309904525
-2.736291704581317
-0.018941976322638353
-1.0911436461843669
-2.500730151807736
-0.3481925879547486
-2.0591903858022698
-2.4791932532081793
8839749955503453e-20
-1.2898017915345352
-2.23402690797306
0.6375262138560239
-1.131846517309075
-1.3561933375039643
1.0757105844626689
-0.47167108901653615
-1.9474975254816915
0.5089094741479187
-0.3992757010545437
-0.862900667828875
0.19545958613143555
-0.43230493655452046
-0.9228516028015111
-0.6655348350626096
-0.14988784035806269
-0.5663013085339447
-1.6993252374412235
0.5479281960526292
0.08931703442333422
-1.9553926742258583
1.3703967904125438
0.6580163333456474
-1.8216348991539062
1.6113874344280708
0.9304218308941019
-0.7784282026438377
1.3831794755731655
1.6109805815370721
-1.6548612899531994
0.6039409765374648
1.0957210990713941
-1.2031872459747406
0.22456130721699763
0.9673731950380313
-1.856344014831914
-0.39412300876284173
0.29772875792877496
-2.3058369661331173
-1.020627305276474
0.737793474131127
-2.961757618664857
-0.12869640569338367
1.051796690106414
-2.950689782291037
-0.13017089630835688
1.9126180238609034
-2.2994981967215673
-0.6149915160244137
1.9905077371011377
-1.4975041356527863
0.1814371187480656
1.7930757979565588
-0.4960322168260023
-0.5005384772941448
1.055805079970371
-0.12946214965583064
0.3967811490961295
0.6222294318358289
-0.4333962882987048
0.9019443995531832
0.052458510523377286
-0.8803313724590304
1.2087081661757122
-0.36991199658165336
-0.28609747451626644
1.0285993227772041
0.4309526421073615
0.41805679475450996
0.3759011468389673
0.38634771713199806
1.131625283495853
-0.013458605576852509
-0.42868718277667167
1.2697040670365418
-0.9127911843047276
-0.14501476658212237
1.0815790128527163
-1.9487393527112
-0.16993689772175594
0.8236367963129984
-1.976508617959206
-0.0027967246691948085
-0.21518479310940586
-1.5411995098059101
-0.6166427135502782
0.15425426191209485
-0.9302418404668431
-1.5028532537516344
-0.19736798870382793
-1.0366044283912648
-1.3832386758735118
-1.1897896054564865
-1.7797421655313301
-1.8530829952925734
-0.7553379258124439
-1.945275971763946
-1.484297748173714
0.3135113132358542
-2.083177090770676
-0.9117851143587418
-0.51818694265575
-1.2905212140250173
-0.40736825781282393
-0.6572636779097818
-0.39338258595186265
0.0026207871146799
-0.2821668713132922
-1.314018513387329
0.5442752077545692
-0.6196166386545625
-2.1958626351794504
0.8486094631310257
-0.6495338246410488
-1.4817677626664558
1.3881280968722134
-0.23767781336083263
-1.815565047923137
1.0605754355778043
0.6237375623074527
-1.451102534198442
0.3702215288199401
1.3566250479014856
-1.4475250207227328
1.488731157808023
1.485889524997769
-1.1226794851395672
1.8048262330519154
0.526971116342442
-0.8192710365047026
2.065734288623677
-0.33590909359651766
-0.31020785156583774
0.9651743156095934
-1.1694571070188655
0.11775916377528366
0.3822272944658158
-1.0898961647598737
-0.8892528050300729
0.34905825440579863
-1.3550901887381042
-1.2313278957009783
-0.5223324575074655
-1.719217988969636
-1.774224335536345
0.22619920651916808
-1.1933543762917052
-1.397237046619568
0.3660109121400685
-2.1457050916449028
-2.075394572926692
1.0621158871624656
-1.8525493584300938
-2.1571726390471846
1.7975793222624552
-1.0718294395702392
-1.4911612361762043
1.9339555203871654
-1.883365749947468
-0.8490921539591721
1.193013257885955
-2.062139941423472
-1.2317000132157527
1.1099751896159646
-1.2329043594337878
