-0.10591246508389775
-0.24944282753397365
-0.24598288167046264
-0.8195698231315165
0.40264620316490174
-0.4622242513014817
-0.9462015914166159
-0.26571466123540916
0.28565021685698105
-0.32482438693995225
0.49607909859925586
0.39652385287429004
0.15697103461943646
0.6728351873235089
-0.4634715450120755
0.799855546928807
-0.08814560716032616
-0.6363263994302132
0.6697250031106979
-0.7653245701191993
0.10500608343246073
0.6168264172375343
0.2077701379869172
0.2950222215683248
-0.04686973532448951
-0.41070296102567666
0.7258027026821788
