-0.5435186579044092
-0.4734791831784425
-0.6012267922350525
-1.257488553958174
-0.03286911232517627
-1.0456566396706535
-0.4760617295215279
0.49281593406110097
-0.5354513696769395
0.38957726226051326
0.9235450542599904
-0.6542369040252648
0.8987899663925645
0.179473109082514
-1.1178362570123959
1.1811579751601426
-0.6149454964078738
-0.43623687039991454
0.34967863001748145
-0.690442856044134
-1.105728998218758
-0.23250903031229198
-1.4946149746727058
-0.748766714958161
-0.18607035392082016
-1.7329381592534152
0.24937778074234554
-0.9712450443715035
-1.1871749522942558
0.0319751572730315
-1.3598808939884046
-0.24679145408127248
-0.08963456062632578
-0.40350448193900157
-0.30094154667149225
0.41071556281231497
0.13249333357286638
-0.9625518017274433
0.8816627521620103
0.31322144137296076
-0.9552137434637472
0.02234365539840128
1.064737018680417
-0.9041733245327338
0.5151621264501106
1.9057216455241361
-0.4302508793213651
0.19624481527156393
1.4073244159734033
-0.10081069981679655
0.986167127561514
0.5882115689411862
-0.3609052936570359
1.5192057107930192
0.47387156248907414
-0.18758722004708195
0.5668421039349332
-0.33440469474251516
0.29795061871273365
1.1121425812057828
-0.9412176102348879
0.5481729089064162
0.36550840400977447
-1.5847326104360944
0.675460229821914
-0.3945373469614531
-1.0539127889863975
1.2999164874267044
-1.0185719124437524
-1.626863729045565
1.6785821309194002
-0.29446412406122663
-0.6711954308426938
1.3817671484260414
-0.06601812709998779
-0.05401834491080178
0.8091959162121637
0.17771620999266863
0.23341013300441404
0.08446778460972042
-0.23183534374663375
1.2241387143162958
0.2699243317867985
0.038310206267535105
0.9129756355159263
1.2170771236592193
0.1581835907760457
0.62131465189374
0.8173419196102278
1.1086441764854111
