-0.9676516953646347
0.5888427889061965
-2.3129300882377857
-1.5945193467071326
1.2027660477907054
-2.747080799484789
-1.7804112573996598
2.111312178812785
-2.2839917792094973
-1.428092646095411
2.994311069646328
-1.8798940696562572
-1.2798595842474982
3.1995065044106075
-0.8978593117187387
-1.7887559037673528
2.4725082433139693
-0.5528456443128842
-0.9660652036895896
2.1298855046099954
-0.3585489000408134
-1.2323176061845318
1.2145338214692716
0.15748873302398236
-1.9121687926997581
0.9653786720204318
0.7583450611661842
-1.7202567102161261
0.21827248833950755
1.3763110199728963
-1.084794976288264
0.3219928411763983
1.9817009035582698
-1.0317848889294656
1.081637969613024
2.5345919047170553
-0.33957206864860917
0.7690977973037998
1.7148502345109582
-1.2666648102438784
0.9451874430026717
1.281826783745855
-1.834973407666862
0.9012423324099091
2.011112328001226
-1.900636606819994
1.6880007671136121
1.3353576638409057
-1.8540211314261443
1.8941048191058147
0.3991962869763834
-2.681309711477097
1.611929131422382
0.7529104235434654
-2.90194570663867
0.9141262241276185
0.11231420035337854
-2.7103406294994365
0.44408705919012714
1.1010469783845833
-3.464111984870947
1.0246399008500353
0.8853257070401606
-3.4476513879166735
1.6896880917543453
0.13041287236903668
-2.729021306754503
2.3637531918812837
0.07877398830308986
-2.3653625562210747
1.5800790775119455
-0.47239517697580724
-1.4072307927851462
1.454694113200196
-0.6714089850750883
-1.8080454073771932
0.7985816296126087
-0.43888420643816745
-1.4306718608828703
-0.09154997481490051
-0.405325153046438
-2.029585844898314
-0.12633927723193528
0.44244439390109785
-1.8969515635350738
-0.868328102653725
1.214086156328985
-2.4674703453596956
-0.22720338356502234
1.9118025503592886
-1.7080862797304694
-0.20522363616449474
2.613020462843652
-0.8668605398655472
0.27747395862477564
3.0644806556147
0.17302201297928776
0.4454059525289708
2.9476663225980597
-0.049241895323636445
1.343717942095133
2.5188196301950048
-0.7242022210104364
1.8691943493280703
1.7613080484693404
-0.9944767656717086
2.1685068879606106
0.8052836482551398
-0.15512057806416937
2.443111957930241
1.209393309192313
-0.12149288186675467
2.5114024180579357
0.26694067250244397
-0.09358047743210021
1.4765183996068554
-0.14005024418964998
-0.6902487634453743
0.7080156163787955
-0.4625921356899755
-1.527921117769436
0.5498879182586909
-1.1849724647132627
-2.171729765227505
-0.08850773854736112
-1.3736911885817398
-2.400896024217021
0.9322853339558497
-1.1765873981164277
-2.1086501148931265
1.9419620850587682
-1.3471470370440464
-1.1631099940202947
2.341871037511498
-1.2222543509662152
-0.3581407842208501
2.829505081556568
-0.7277451283746483
0.48777191455304164
2.2298160048566826
-0.43757374721150827
1.4464702569521584
1.838427310139232
-0.17540130431384654
1.0983322443901693
1.0544781212907142
0.4095705208895466
1.4519337050320535
1.011455676469104
-0.8321629908293096
2.2721704281019526
0.9068443841511776
-1.3153874993727108
1.8416027872831053
0.14783466444185828
-0.85257896703104
2.8144012617167795
0.3502852270528086
-0.6459440935590921
2.2679475413952805
1.1668167507357932
-0.31580678641154625
2.1594467244991367
0.1770771455339637
0.11831168901367134
2.000257380431691
1.1292978486531742
0.5693583484205305
2.0331972422749236
1.1477245045657865
1.6268474506417092
1.3880042498307474
1.7103978750471696
1.0885442765553932
0.47889803820610355
1.798975690262903
0.6777112510410679
-0.3222816018191909
1.2661995548936937
0.9301963790091681
0.2540512068917472
1.6987323532421177
1.5729906566144816
1.0572474466877322
1.1682178486963857
1.8362772166184784
1.3980887914094287
0.4742006504195056
1.145782337782653
1.5370925443571741
0.3104236446101005
2.215258921293515
2.1584833550865454
-0.13853274434300133
2.6855701224704993
2.1562235083056485
-0.23750844928822004
1.751237326228623
2.193478156310902
-0.5739796898337494
0.7135502538657028
2.986994516997377
-0.27313688783282025
0.44252193282997593
2.5248400254431207
0.25381153050975613
1.0540435112205304
3.1425648859307627
-0.3124665895464401
1.4291208071702122
2.728020568419011
-1.247789749162624
1.4648085932966848
2.084600033974391
-1.8649593630022556
0.9175900400800419
1.6770411429281293
-1.3185534427815844
0.3809770313832094
1.1872808347360029
-0.5873537891756062
-0.29288985879649015
1.125673870240304
-0.5362621779708786
0.730991858769129
0.9585671701930387
-0.4308325167055578
1.4158759656008193
0.6964106158338668
-0.3709579583438334
2.6506296621362844
0.6513357892311756
-1.28783799327967
2.2147849523335217
0.10916195809680622
-1.9618455635259275
1.8100575111848487
0.3985478890289369
-2.7886929817566553
1.0422636580004865
1.0186630939357062
-2.9404383633551037
0.24927510663869826
1.667455697605867
-2.233080172722821
-0.07565825593648037
1.2007341769966418
-2.0140964590611454
0.6349746930924282
1.1836501340693193
-2.0397668780529425
1.6504634021052809
0.7671405467445367
-1.133470196427007
1.2548153085512355
1.5447730531881176
-1.2266209019954863
1.368241490178041
1.5872212647420827
-0.7983622139840669
2.270618429675108
2.0807210928359376
-1.5986360145270384
2.16234844439873
2.747269864960354
-2.179721469066087
1.7264106161503405
3.1846214102387687
-1.8445405962273556
0.8779215180089041
2.6513625042504727
-2.255203045531392
0.14570340232697718
2.7015654510597873
-1.2327343095488636
0.20792622771035435
2.4148558529896387
-1.7033537258592817
-0.6464241373344043
2.6399398301298125
-0.9965988312525124
-1.3270517851450134
2.3042661073462245
-0.11816089863552426
-1.7099425525720844
1.4924863880271937
0.6152462205774654
-1.7068011854687875
1.1575764020691397
0.4268466085246856
-2.7056049758727174
0.6102847726394292
-0.3299424455137598
-2.640421449637584
0.1670133826643199
-0.5309921739890162
-1.6064522549995237
0.06626337931349184
0.02688351391490731
-0.9230222889258739
0.884680221714946
-0.18706425381786765
-1.1054696960326096
0.4719541502143081
0.28572020522131436
-1.9521290216471454
1.3844039720801573
-0.44800382621056895
-2.1342628933347463
1.679141751432482
-0.8296337607852367
-1.263243895968122
2.2764177797806826
-0.6393329039572275
-0.5389335453586215
1.342307361206102
-1.5659031947063993
-0.7196404431936323
0.9014969690567606
-2.0876573676489176
-1.1485238881665296
0.858524477384964
-1.197754483392418
-2.0054142524404814
0.3304780555161605
-1.964503089132121
-2.535029989722203
0.7388756342841859
-1.2492783267029022
-2.985723938549257
-0.16380278082811425
-1.1823375202190234
-2.643773362133853
-1.1519925802055881
-0.7542627500875396
-2.832778726613398
-1.5990503274225387
0.17427061388059398
-2.865459443948363
-1.4724147937975265
-0.2083463637311555
-1.9949069807536253
-0.5368410270730203
-0.13770140602655434
-2.3243130579828497
-0.7286665916558803
-1.1291842036981679
-1.7270733221686665
-0.7278314517821527
-1.5246483636968555
-1.0804343597530093
-1.5961314330436196
-0.9743975426509868
-1.2542470732104167
-1.899133735835977
-1.093107652463669
-2.225764395477235
-2.3578496600527643
-0.22433056387425637
-2.352803900850806
-1.922364425201346
0.5833502098478551
-2.0891522006028005
-1.4427218121904273
1.3596636960327766
-1.8281509580374216
-0.5475792706184078
1.7878375282374936
-1.98538616013843
-0.1984852099167693
1.8291230083921806
-0.9939047941342606
0.22629939633221194
1.061296285906079
-0.903419244963473
-0.512940501053053
1.003882179317423
-1.3619039262732915
-0.6105579045584131
-0.11227944007324304
-1.4257631186403081
-0.4113779018502898
-0.7367439156828963
-1.0060130691326323
0.5970113648957014
-1.0741306384809675
-0.935701822361678
-0.08354422476882653
-1.7504499069371167
-1.61647693772345
-0.6102642336973815
-1.883244527725505
-2.3104341644530266
-1.42712845004035
-1.8072775056763197
-1.7451819555323986
-1.813589618345447
-1.8679178695855727
-0.8535499590075849
-1.496019278704735
-1.1033189113079818
-0.2795134467650683
-0.9427264398246592
-2.068538000619281
-0.07940724300855614
-0.7967763187184355
-1.2621888547316527
0.45939580895371174
-0.7602394638988478
-0.39086389117745385
0.19748077386606552
-1.0928077727176941
0.3401250737482038
0.46767611089628747
-0.9576958956027066
-0.39098867698141
1.0938999889346133
0.02542661219114645
-0.5022867237594258
1.6121685372922319
0.6873923075784628
0.15421060967122838
0.6212093934926735
0.8870756538209535
0.2956364699901567
-0.382187737819208
0.37413958144551185
-0.38552963360291437
-0.07298056904540352
-0.1092570273282594
-1.5352770155584419
-0.2161958016793218
0.6240389644651791
-2.128509695187859
-0.28494011518729373
0.7139074002886848
-1.2168084967714414
0.16118787939549423
0.0339943622866067
-0.9057372584709391
0.5975205372232614
-0.3814361998750659
0.3221433627779549
0.9136811017379979
0.06604157878738631
0.57818437819721
0.1203629269487061
0.43157965667870557
0.9297965423428409
1.102179871841463
0.2515337250831173
0.40128423878862746
2.01404235586544
-0.1861754092431148
-0.30325282021516803
2.4496320937221223
-1.051337974907829
-0.8213401823462424
2.1071315322922763
-0.4759518290134152
-1.2881237159278909
1.3550446959146958
0.006997804169264148
-1.7695335139164576
0.6406658210010117
-0.7722089198680834
-2.1650216080917786
0.8572061508458527
-0.1807170911122658
-2.5792568287571145
0.1511966573818399
-0.12484019030455035
-2.2758882687267272
-0.8065464835588105
