-0.8639289311955661
-0.421567389798347
-0.9870377615288387
-0.24240044581562625
-0.7321735071139349
-0.3028386673249186
-1.1867036578255608
-0.5989056398542915
-0.053998598476058104
-0.6669836741955646
0.21442748140296392
-0.2608163005509536
0.044795805407152556
0.8879227193249923
-0.43996007283071664
0.045493875972045385
0.014103136085297488
-0.9123600081306275
0.3413147110043304
0.060676830626029535
0.05080972661167579
-0.21335615241458544
0.7276166087502787
0.522224974874455
0.044061472253114124
1.6322795686990446
0.2263083411407681
0.7368137139284974
0.909602456056052
0.25164470691240615
0.9025261890541849
0.4159569833277965
-0.6136715010974927
0.7465261873536524
-0.5820376746259943
-0.5734730080572946
0.5470148970620662
-0.9296861681770545
0.3419599133150929
0.4075311546605338
-0.22912671706763518
1.0521577879411368
-0.12170773303962132
-1.0772582795042498
1.0679895932963082
-0.5209974122090462
-0.29183040813094047
0.6310608739050777
