2.1815657376031314
-1.9742750465317818
1.6656839694692815
2.0606856178883266
-1.3467212467253942
0.948711560628882
1.5063253004049604
-2.1879755127758584
0.9605990322826807
0.4589817509927987
-2.3425997741566147
1.137964310547628
-0.5123433860535216
-1.8587238870571896
1.369656178527654
-0.7316974518472122
-2.4001410171853057
0.6197670536541554
0.16515334289419148
-2.504445164369365
0.18960599846251888
0.33635330358099663
-2.0401550342036443
-0.7282926204280082
1.1321757466571576
-1.882221321891025
-0.1216671721925281
1.4698594546578996
-1.0265208175261835
0.12772972962901583
0.4639348131441589
-0.8428510359158856
0.1392834097673971
0.8543692863343395
-1.5593718184235912
0.7697067972360827
1.3453014814865036
-1.5751520005294075
1.6047196534721158
1.7358380682048384
-1.1127172933369824
2.492043305306546
1.4982601975546133
-2.0778287954224886
2.4086782992641163
1.1575260284628286
-2.637415623449799
3.1867700799224146
1.2072050692691818
-1.6563355495391003
3.285721573866087
0.4616830878082138
-1.989770413590587
2.695871659608541
-0.22375741938509205
-1.376348686605723
2.5558479320569867
0.36560235888441783
-1.5535581915425993
1.8540959574925997
0.5896838111469737
-1.0352839050512477
2.5519239680078805
0.9833390032651451
-0.4984275872677358
1.7599907721174
1.8680130342433723
-0.25949137537989175
1.54658199714312
2.6615780036160155
-0.34669812371376607
2.250081753733999
2.46495939455922
0.4222750116393848
2.906563315570335
1.6125320110496097
0.8842671494422657
2.6916165850217744
0.5689022781205508
0.924213671924492
2.9879002300581687
1.0209363918864345
1.7362600985355614
2.592857409850371
1.2101885343792065
2.178392028277029
1.8690526826771934
1.495634881056877
2.2979727046450673
0.7367382698391675
0.7580643409676698
1.4762369342787733
0.34844798804281474
0.4849863421008688
0.836191687703251
-0.3191777500349866
-0.15854696441213778
1.5542556694209
-0.6226698841571202
0.20782601356179495
1.9789743167228904
-1.3106726655942533
0.37639554074943693
2.4557776295058793
-0.3809828220827112
0.050595160593358925
2.7943097637132723
0.5833694775186321
-0.9501716004157041
2.621164477299674
0.7417819092875949
-0.6594874668433285
3.510769054783155
0.36647665317649863
-0.14047572138175154
4.35180192511351
0.19151359417976402
0.45324401403138637
3.7243657148005447
0.7871803426528973
0.725874302288032
3.0073408734198375
1.2448879967713282
0.39420231485368873
1.9744387066283398
1.0152938216991483
1.3197275379287583
1.222817180717846
1.1336247008256144
1.5304351343986913
1.5627899512371068
0.2986603984558871
2.1692132816875085
1.6903165697869522
1.0646661044471828
1.95420018064568
0.6680323245861002
0.9740564075139011
2.059351706059949
-0.196646561075981
0.63708602608729
2.774561829710603
-0.11552168311477269
1.2735732707593557
2.3312506870978393
0.5617437325755216
1.9224918627176033
1.7033507203878397
-0.07845176966863117
2.61503195193836
2.228652286927788
-0.4747339495675122
3.2883112346312413
1.2620097161393977
-0.5409990704236999
3.3552477122377344
1.664921581520547
0.3091735632447678
3.470774640716629
1.4701033392816532
1.347648308256312
3.531521763834714
0.5726028765929057
1.78881011424602
3.551889985371564
0.09124582272939911
1.749159665616499
2.72936788546508
-0.15052544608206664
1.8041088486604169
1.7405834119449781
-0.5757105061096663
0.840012374021724
1.521058009298754
-1.0993495161131712
1.6432497603958283
1.5196055288563108
-1.3405003083336944
1.7284399548449891
0.564304171521082
-2.004664660610996
0.8716690638536769
0.22762031939570174
-1.698307972610564
0.09275407513930661
-0.2631966177328176
-1.2223188604421404
0.9897518116962549
-1.138034893186595
-1.1308177383931002
1.6309983459032833
-1.7424002859043128
-0.99702011542608
1.0616491161284278
-2.627530331374378
-0.06375877462802824
1.6593455571457933
-2.1893827110407784
0.8502322966480602
1.253240537951014
-2.532931769729614
1.0671630344997127
1.5575477553838561
-1.604912194107477
0.9683432043997321
2.5508328546312202
-1.0477490241107157
-0.05664741402138352
2.998483066820467
-0.9813853959108944
-0.7381692416633888
2.220880608027919
-1.0680660676752518
-1.6228396659683175
1.7464485266522705
-0.9146909429343059
-1.1861799238785566
1.1129366087401673
-0.2332668171423168
-0.482039021767834
0.6154086312522494
-0.7080386641626971
-0.017169105341159795
0.0028559744857110537
0.1573239207453165
-0.2761878144462008
0.9784807683823421
0.3410644816515601
-0.383208616357111
1.9337579728044925
0.4474696073211992
-0.5712384642611159
2.656272292982273
-0.2365082651202021
-0.6895753614645664
3.5702933054710217
-0.6280345104350531
0.20368626804169293
3.3829939213832723
-0.2328725681401682
0.958705602074199
2.9848986961705952
0.25592472304205377
1.531625049329799
2.3602692223814943
-0.2077694386276493
0.8605077577053016
1.5490133149199479
-0.6485175141364301
0.29451589276532864
1.1691922143875797
-1.1830596339477488
-0.48177808118279336
0.6945425633297946
-1.6067760799590907
0.16060351672810935
0.6045195712155256
-2.6578490806427335
1.0286479670690745
0.2955173384212868
-2.3376482977749977
1.0961442087310052
-0.429358433200136
-1.4688420148957089
0.3077256180791747
-0.30320498476403884
-0.8916165896970772
-0.16475630962749452
-1.053907254360199
-0.4618511128711016
0.7767545643594483
-1.0752732796657818
-0.8954452159115781
1.8145879027367464
-1.318071816203712
-0.6780888366150175
2.0077999888848335
-0.38462032751631403
-0.36150648694396587
1.8321484464212316
0.444590166539018
-0.0445125661916099
1.0953320723114424
0.8095023054954325
0.5583439044332188
0.40634959068757537
1.0690685653867606
0.970762824914867
0.5289177492861982
0.12869760722187065
1.4637996107037745
0.15369281322873277
-0.5059132402202047
2.0607511111992056
0.3196676615392626
-0.2418028802214368
3.0634260473296724
0.7420664345473624
0.1808780692031391
2.3673828386726603
1.3335501179580378
0.6221826267457673
1.7205280340102183
0.470346499174301
1.1319106597037598
2.1962393741171384
-0.7327180203950736
1.181076225631817
2.3239661223743813
-1.4498857105184053
0.7660891587246258
1.734891694135901
-1.8269681601309167
-0.16737855634109547
2.015115779143581
-1.4071642686495707
-0.08186243706882962
1.1621185794055462
-0.8074010763266665
-0.8898403377486392
1.3460201415865818
-0.659742059900976
-0.7402027263190707
0.3418908656627929
-0.9747817923613418
0.2565739122692399
0.32053829140168316
-0.3620861618754336
-0.01510632191007871
1.0824724240239445
-0.9040268371289655
0.028873694833480925
1.8675200906840583
-0.1296104005377593
0.4912495894160205
2.4536892259453467
-0.6232827069968054
-0.41922338381429536
2.8836091526897687
-1.2534719359425082
-0.9013338219525673
2.210286910910106
-1.769595076003884
-0.9534660391188393
1.4790792518260572
-1.6480079990195036
-0.6362980471281154
0.3714389715039942
-1.071144802225991
-1.5209570839795923
0.693949025187568
-2.193213352917923
-1.6447014231353854
0.6893721316427657
-2.602244712539744
-2.3513877736132613
0.25217984101763086
-2.2245909811696998
-3.2916567414741746
-0.14409708107344105
-1.6964138371928275
-3.1634440103793056
-1.0559890623720982
-1.439980972314767
-2.166521478005149
-0.916314794162957
-1.7587398630035815
-1.8885226673586715
-0.20575433119357375
-2.357064530293983
-1.1141049363438111
-0.18557171801334846
-1.5801293882124232
-1.0219230123463303
-0.5312216345355751
-2.1764074114758816
-1.613311248604569
-0.836682309101098
-2.29135990481887
-2.471981684000488
-0.7429782447914824
-3.083871044486042
-1.9973503182665773
-1.2134478143720735
-2.6395818833083586
-1.1155829184782011
-1.820028752710986
-3.069578823934566
-1.0132652314391526
-0.8688797543310302
-3.3693026788666076
-0.679493283059691
0.014202722359744914
-3.112888583836095
-1.5154824618593823
0.5484611769760888
-2.6126104154121
-0.590285510535109
0.8081815102009958
-2.3113746332083482
0.35191020675168017
1.0122641260982683
-2.557101537746435
0.08622635438789639
0.015908741740930737
-2.260578977404358
-0.4458169400098474
-0.8830913336902652
-1.5346632624099317
-0.9492140383165057
-1.4568471064512203
-2.0923502033933663
-0.32724546514667213
-2.0128957185116363
-2.514622368367596
0.3657964727299167
-1.477002314132091
-2.1949634433756033
0.9738528519215577
-0.7417011139420528
-2.0035417456666456
1.2324304445925858
-1.7025520474769886
-1.8972566298609719
0.9263802217286222
-2.69876580157398
-1.866459716421332
-0.03958231083867532
-2.991621353773133
-2.278019908767591
-0.9926727255073755
-2.745449295924327
-1.294483470330008
-0.8621963562531625
-2.4929276146382526
-0.890038992365615
-1.759677551866849
-2.6922171763411176
-0.396446142678606
-2.4261207488459777
-2.089863814728869
0.42382917994500463
-2.620022087177037
-1.5041020288352873
1.2026889203282416
-2.1688499764546947
-1.1461915439876136
1.3962516012935149
-1.3013250312589464
-1.7167687204454387
0.9437932232298466
-2.050367329634017
-2.124363980786072
0.11365923723548126
-1.8368756783805487
-2.6861388885304756
-0.41524103926865424
-1.0254201101187643
-2.3335228835136332
-0.6987842155515949
-0.8145450239031101
-1.2504343999707748
-0.6759189553495585
-0.3087204699078628
-0.5059646923083914
-1.4090651720056298
-0.1625623952427414
-1.270682002885213
-1.4064661560131246
0.41357281737378165
-2.07033492438441
-0.9017364828343969
0.05131863399763495
-2.775737776507458
-0.6173438204756493
-0.1399504036330334
-1.8864524545962131
0.25509611135335253
-0.7300239510487389
-1.6045248643930072
0.1574598268634084
-1.7586952492094394
-1.6437357153678263
-0.8555636761376492
-1.6118422533188408
-1.7534326994073672
-1.7433431097838619
-1.7830573263575
-2.278828123047113
-1.3708916195061225
-2.6420516583979885
-1.8788427838361892
-0.7233426456079828
-2.8786478769264265
-0.9958157841002919
-1.3501294458519135
-2.779331524748055
-0.24729221766361448
-0.6731047938365284
-2.1101333895210117
-0.30779541962074336
-0.20044475364753284
-1.5753783122839196
0.48613152695372996
0.2320120117814823
-0.8240940339749663
1.1417971846686497
1.0255481663092467
-0.2931096720394961
0.828109638233975
1.097116347242681
-0.12838494552824137
-0.2129066371482862
1.0627778948631568
0.45087969988208604
-1.0146334748039798
0.2803272725472648
0.10202312295433598
-1.852957550410778
0.16053104023236367
-0.22708838798542522
-2.7699960684037537
-0.2492254621827612
0.29811364334971663
-3.4611806168675825
-1.228919801034375
0.6687998682221563
-3.419194377606305
-0.40926952128290334
1.2627675565098317
-3.361673011228655
0.5085732234556137
1.000445206571642
-3.4491951778100813
1.372515296198102
0.6262044519178528
-3.171958152149929
1.0899339460986348
-0.364418295385871
-3.097954153956563
0.8144090993986909
-1.102400325086404
-2.406249346034608
1.6676075981511405
-0.5972441764973272
-2.292904793118543
2.0954775918524797
-0.6440769993738146
-1.387706692793416
2.75192342717821
-1.0463691899062721
-0.7284971782016813
2.7600365821262987
-0.7838589930504866
0.24269577158218994
2.8209819565385574
0.23539580985590147
0.3194239112427896
2.994651877569015
0.8737790964815971
1.1846518166337419
2.690405527401526
1.2355845286588019
0.27229310145521934
2.1822752359016637
1.7200277419256278
-0.598086991698786
1.8695805268858101
2.232615744346491
-1.453230267587773
0.9398203246303202
2.4709085925772327
-2.0683334367449175
