-0.7561215348557567
-1.2554502332105788
-0.7958628007053176
-1.4884583707809165
-0.9866344114616648
-0.17759543889901835
-0.8722790269067753
-0.3595032334562044
-0.1478695024857899
0.04814311582629149
-0.7461169186822457
-0.48279349109351827
1.0281234607941758
-0.6806730746341063
-0.2957595311816719
1.2760504093965714
-0.5171268027301373
-1.2749368339992724
0.28572456388953155
-0.1673666784317275
-1.2299676184354247
-0.19227723112041026
0.42353598397669945
-0.6232671246094992
-0.6422345456276017
-0.28388972629880577
-1.1473599254509288
-0.26928288310148835
0.5953665517409192
-1.4398282704378167
-0.4722552323679883
1.275220914531266
-0.7416784511156334
0.44690930026679737
1.0222463874809171
-0.8764011195872394
1.1301539762143757
1.0501932027021341
-0.09119085787955011
1.3583359763452132
0.10658961332978373
0.2740571588997924
1.0141731235704032
0.25457537760601207
-0.5957861040991153
0.5529044062209442
-0.06641484340132808
0.16865880289741877
0.6809946490633879
0.6621460293596457
0.7679685406257278
0.9246425495401515
0.4555972364448211
1.674436270000525
0.7425539235303493
-0.24906411398720554
1.0122543304734093
-0.014977663480470867
0.3260254347381446
1.348323373062821
-0.10173433254262856
1.2383103487249922
0.993282116371689
0.10474216368814006
1.1208085016993248
0.02538115736987304
-0.4894128227427644
0.4928643112176022
0.4872508312702805
-0.2668005610302087
-0.44257314810075
0.7538644130793906
0.1755569451008877
-1.0849402133192796
1.3725159151828281
0.4303794911174647
-1.015743689216933
0.3820667816024512
-0.567140508418848
-1.1912731995292347
0.18522155271482943
-1.2114360333012693
-0.6283181136777398
0.6879115806707714
-1.728107287058592
-0.03805617847762027
0.0760167903192219
-1.1268700212288056
0.6896646850633061
-0.288912544561191
