1.0669749248651257
-1.0332105490581138
-1.049710694439949
0.3480372011145235
-1.618660001315543
-1.4236588431683252
0.1953838767863289
-1.0886531149543957
-0.5806028477250361
1.0228218797358506
-0.8978936582675918
-0.06911262100230334
0.4838644835016965
-1.3038154204289174
0.6715560251356757
0.19443369488389078
-0.5665198721925936
0.235587420868258
1.054119482150054
0.049155705947101204
0.2635137054299262
0.8207170706908418
0.5735028888927948
1.0601055014093448
0.6823949937208986
-0.4097087554977164
1.0475125550791924
-0.23906389215367604
-0.7593469856665154
1.0917045740203852
-0.07887640307784527
0.16258105884257495
0.9005663126951904
-0.9622080374118623
-0.06482062619908281
1.2177016837055308
-1.6164277654093235
0.3166639695523205
0.5799626599429614
-1.5490457723482465
0.6951559307640442
1.5106065247105271
-0.5670662481619225
0.8587861669718502
1.4419822784728062
-0.7534359558423722
0.7915676787581385
0.44540803220756947
0.10045345870328783
1.1838165708219963
0.7113001805667039
-0.29662687174883484
1.3439043594146463
-0.20601250887631078
-0.8957382305892926
0.5764180771196902
-0.4769933880117374
-0.8333143690322655
-0.15314528219788864
0.23795522832384075
-0.3279172573224099
-0.220728513109138
-0.7331839645535259
0.2517943601700294
-0.6133010266541927
-1.4334786327243754
0.62749273771676
-0.26580862061204785
-0.6950192191197359
0.11078292467025962
0.5184715230671272
-0.032048140553913425
0.9058840136701979
0.7569477139358781
-0.6020646329656851
0.6559659453070821
0.2995083114852786
-1.5131870211270724
-0.3469771317426796
0.12873521902522544
-1.6599226766591528
-0.05442311284612894
0.740397251555071
-0.9404674916407264
