1.8733703995926732
-0.7652760710641562
-0.4443220636968281
1.402325282535926
-0.039148144931107645
-0.9839930993829793
1.195494919202372
0.7840593129685012
-1.5105552264240016
0.3309247681482027
1.4138883353220255
-1.5632893582867846
-0.6579138140627002
1.2239824926692193
-1.5458424389640226
-1.3230497578425349
0.9580806601041911
-0.814038892695993
-0.8995122336217183
0.46117677537141116
-0.07865183678034614
-0.28401017426892927
1.0369069766533547
-0.6116883542009761
-0.7374026431953818
1.928563706652354
-0.8040762004960113
-1.7179437653386105
1.9449388164773749
-0.3907780930569391
-0.9675455334864298
2.447038435062719
-0.021974363166279154
0.0006475965721136306
2.4054068052401045
-0.40634899948450287
0.502069142158745
1.5842195717912988
-0.5877887057391118
0.03539235740888092
1.2603283330836133
0.2674908493481328
-0.5536668889061247
1.463328700208972
1.0610208398042849
0.30577965360085296
1.0306829482141113
1.275812357592382
-0.5306763756288595
0.39666197997504193
1.469407450000306
-1.0493235983005036
-0.13186790270722565
0.7586253339021634
-1.4144933485308226
0.806156289901805
0.9203360211664531
-1.7931720521610026
0.8531558389186488
0.055945914473542836
-0.8753132194269416
1.4194678374023706
0.20682451249589368
-0.2398082196906305
2.1168674191575896
0.5599339284723924
0.6971307442584639
2.025173238544902
0.2646988772442229
1.121035076306774
1.124086408963727
0.4089452944968398
1.0549798067993006
0.3322657885259265
1.0408581289734373
0.6703959023997804
-0.5390661617090089
0.9478531121769828
1.5353759015720096
-0.9070668814291009
0.5353981588697578
1.2637959237053014
-1.8576403605583063
0.493706418594528
0.9175446849316461
-1.4505803626361486
1.3792718641150896
1.331073857961418
-0.49141595410735167
1.632110297725864
1.2968719647911453
0.4294115780029794
2.0296287617468884
0.33272863420526294
0.2013047785146642
1.6684225442025444
0.1454599320439945
0.20349124756536008
0.7830398420989292
0.17427617612452984
0.1682244935764903
-0.3673945909962437
-0.6803533784207838
0.30784650680079995
-1.0178308250065775
-1.607792124296944
0.1014641739391114
-0.5536107760014133
-1.5860462409801583
-0.8249597699901842
-0.9781416965265743
-1.1848352590122997
-0.3113913914047636
-1.7266144431032069
-0.22931322544660365
-0.2481193925023886
-1.7203441723828563
-0.6500965596018576
-1.0369834939211007
-1.2687774262472011
0.08063817444244634
-1.4552874767354933
-0.6528151216813661
0.5644057602401664
-2.16528090172365
-0.1518963806326077
-0.44168304793786967
-2.268086602330144
-0.293669289793894
-1.155644672224372
-1.5967967963169978
-0.570731089715661
-1.3937779873242042
-0.8124697300890166
0.06929575361178246
-1.0436628724411599
-1.1074765201924626
0.938489677658067
-0.11982925782018967
-1.491026029935449
1.441805840752741
-0.27273820724605435
-0.4188310620110424
1.2609356572836763
0.4098866531415989
-0.8188416879068449
1.912313649888454
0.45284166869081816
-1.7684217736008214
2.1534825288185986
0.4072133104394444
-2.2512296975388875
1.2769390260044948
0.3556940515536239
-1.5878268248851475
0.6009761784150581
0.19584795117588377
-0.7039836526208877
-0.012569796212252366
-0.5852745156646721
-1.3316324884630686
0.11485134023208082
-0.5345379911105667
-0.5455650090417015
-0.4299046647347998
0.36300043961661926
-0.49920140552562686
-0.846612320721876
0.8473641632259851
-0.22022095360930147
-1.7456706984649142
0.30657175010974586
0.5629642654361074
-2.1831624793353437
0.20691155694553998
0.48663263834860754
-1.1522840869346906
0.971588858708988
0.6776590309554176
-0.5287026265716361
0.9854567987936841
-0.2012025919432834
-0.10725361545124713
0.9554720710853972
-1.273642561941049
-0.2584089758161957
1.2398510314997577
-1.034895730977615
-1.1986774514602418
