-1.9017435950537858
-1.2870206893010785
0.1412838168303139
-2.8292770763236716
-0.7263472692188215
0.24891191812709967
-2.8453780228079903
0.15756951721312867
0.7147702113301251
-2.4463769723956763
1.1367931656475039
0.9736886123345583
-1.6185826143061335
1.4439589697358597
0.2417894100730714
-2.6421133886684816
1.1806362634611702
-0.09368076561512877
-2.852094525717401
0.2584621591995286
-0.3111208827616811
-2.82716977247757
0.902727273815472
-0.9786871192966718
-2.6019572035983534
1.8560665361352624
-0.7892367775517051
-1.9184907718752007
2.188038588301964
-1.4715732997417201
-1.2345893833529207
1.5366549428432665
-1.9106234535913702
-2.0679921266559873
1.1630760047761801
-1.5743046363139745
-1.5167010590083136
1.592773928290722
-0.6761515531282084
-0.8242582662563325
1.0590967575817338
-0.3500630451713994
-0.6494925932311145
1.4725282663700825
0.6053727731294358
-0.3015912276222181
2.4199563726211757
1.0243292178469403
-0.9035556793327226
1.876306032157053
1.6153836208242174
-0.5656052061314606
1.3982203909635975
2.445588499383776
0.42344764194673506
1.5796724456660387
2.3799469015326564
0.9760343639417025
1.5750443351219423
1.681361089889644
0.4615765056696874
2.3072532152159897
1.7117219474738645
0.19254784146205067
1.5191128904586657
1.2903591691276655
0.1311473555319004
0.988169696310398
0.40174324229473884
-0.4224231872302881
0.010037082054956147
-0.12119184824574665
-1.070024382783209
0.612108477148711
0.6741385823382123
-1.2509882863005106
0.1278844374277048
-0.2988500778405227
-2.003935771253368
0.6940698983354223
-0.4534550371195419
-1.096823434903791
0.8190193721747225
-1.2570323791393334
-0.5896377496965776
0.9324135331212895
-1.8474314903059132
-0.44227237080881476
0.3625985376909836
-1.0152403144441275
0.299961676727614
0.4824213078115602
-0.46325798861497847
0.8104775410007178
-0.5225701555518788
-0.25165758380790304
0.2509478491439613
-0.5831845816186704
0.5495946070663211
-0.4720230266407795
-0.5917254712538143
1.391616872782367
-1.4072972547260019
-1.1397550061184925
1.026047720014358
-1.0204768221319864
-0.28839049386738524
0.4632351088416464
-1.0459330811711025
-0.7313328374982183
-0.4592797895994124
-0.3349630021524454
-0.6920417172220416
-1.2963302143966866
-1.3700551522308655
-0.7291460329469409
-1.3471909000349032
-2.194290748103699
-1.2831150721659719
-1.3902178742682842
-1.5053808366767025
-1.3154677973488549
-2.1636994751847998
-1.4697238498381242
-0.4090496452624375
-2.7216828379322826
-1.715479161613074
0.37690089922402914
-3.306557716940227
-1.7943473545327286
1.3291114417317462
-2.812359712437157
-0.8614996059346829
1.7491772580617193
-2.8022814203443343
-0.5949302250903349
2.3120997022949554
-1.9783606651254468
-0.020772710902280122
2.479519915307267
-1.1244159186654454
0.28620087898409063
1.484737480359492
-0.5918193478370363
-0.623079046673964
1.4724480127706177
-1.0999842198751855
0.2865718220791774
0.8875055925667408
-1.260042077168685
0.6042415864477251
0.07541394655441622
-1.3301046000402923
1.3874704034021035
0.31301948195322093
-0.8447368041972606
2.1477503511818825
0.37784578434074495
-0.3802113397758496
2.228535192577897
0.9059466505975411
0.4802543546752759
1.4719234038978422
0.688812347183039
0.9421643324873518
2.1794619292005986
1.208986025322093
1.4036033529055338
1.820102096056019
1.838278657137341
0.6421876989505357
1.0021840520872716
1.9258755407149615
-0.18789297677532388
0.5886338743335039
2.74465178290738
-0.37315708721218316
1.588119720871219
2.57770702708714
-0.5652405045146639
0.9469811361529543
2.09305785516756
-1.1371574108185605
0.22084037293118197
1.7885782050850005
-1.8278760641384268
1.1683992852624074
1.567798016871727
-1.8934437949041287
0.6037745685275051
0.6822737945867238
-2.260046269625613
-0.09430277141654533
0.02535196106008709
-2.094702592448778
-1.054369184404875
0.14869386696593914
-1.8494906339151358
-1.941129112078284
0.042062945573615465
-1.365248716521415
-2.6727078423047
-0.4283328926212494
-1.1442446948035805
-2.1963399437322195
-0.5130777279440759
-2.0182431728069288
-1.8746553805042987
0.37436000204660624
-2.2497363935644468
-0.9312751063016432
0.7631794701401713
-2.6310855160174103
-0.021520539350510855
0.4364999533620728
-2.9487622383306675
0.6951973629339319
-0.2001878056728365
-2.616719147502403
1.3423456728075638
-0.42536801997393725
-1.8426691059582294
1.9478437573926497
-1.0829981930302799
-1.3810089162426216
2.7167359524461063
-0.7776077468735496
-0.7901487060373565
2.526039120855247
-0.6362551088012878
0.14335575117478971
2.715070220097654
0.1168579631151823
0.919516545076867
3.162747214912577
0.22846617815811074
-0.03279837695886302
2.795304808642488
1.0839427419948933
-0.30926328054765334
2.209304663431525
1.015290870946806
-1.1207692854273248
2.770782415854252
1.8482534891819562
-0.9546418933570696
1.8575005762995251
2.002934952473873
-1.3348107303680425
1.974704502539945
1.6555364972098356
-0.3773310475501447
1.4223189635415925
0.822832503898987
0.04993308807827998
1.129932669366121
1.2276463386694805
-0.955156586700929
1.4954552053321328
0.4823689392104795
-1.6426356476908675
2.0843765359828894
-0.05815523665892803
-1.2907198520678191
1.7598416979399776
-0.5961189082364108
-0.5342112463214047
2.15517209481762
-1.420472666679569
-0.30850530892402944
2.090634748264138
-1.374549014411252
0.6553757587863691
2.151717999111252
-0.6232471592460592
1.257722952658794
1.9196836207019656
0.25559980705860297
1.7756928720558707
1.1442185003177503
0.7214087173331466
2.1598786535930388
1.844847397725653
0.5004159319045908
2.7006363053156948
2.2520919187075954
-0.37438016076524583
2.463741296471331
1.6551398716178958
-1.1966026564739478
2.514800387502835
1.8580381706130897
-1.721976203201779
1.6507501156862323
1.0990144313248789
-2.38076436284276
1.7121674235828201
0.26541952942694036
-2.14206048474709
1.2400891867258848
0.4350002045058506
-1.8491377712263979
2.1571294317058927
0.5785555022599889
-0.9422865364994447
2.601885951835341
0.45242514569756265
-0.32273296719221783
1.8140728118212486
1.3100088698978678
-0.18188295082973577
2.363564383556992
0.48162812305449665
0.07942122501355192
2.7610044222071846
-0.3418145331108104
-0.4839226774373209
3.0153514541136524
-1.3233493212842886
-0.529000816584849
2.6499446947632195
-1.4693289662611086
-0.3429565070212675
1.6386116440992666
-1.9967426161006974
-0.45090112302066887
0.7580417146988998
-2.003972282371567
-0.2939989563164866
-0.30792821997543424
-1.891292229897061
0.3633155328689385
0.3268895135171877
-1.6505870373285736
0.6081290859860033
1.37913751978045
-0.6943845459149021
0.7682587437378503
1.5440258276383076
-0.009663781277193572
0.7421420586455527
2.2031043890290367
-0.40795899811361375
0.5374685766697791
2.927378571947454
-0.5778858827227993
-0.023212180764965347
2.0963546465613154
-0.3665160413771411
-1.0501922750798316
2.208862172951946
-1.2681875891212409
-1.2809851272592623
1.9756072825070772
-1.0607481585753311
-2.2484586857516335
1.8607737322989264
-1.2945910354332688
-2.0973936563001985
0.9008161833128574
-1.4183529767002243
-2.227009394123777
-0.10750035211725759
-0.849220109928227
-2.5638284424671576
-0.927357699100606
0.16256102791055071
-2.7211521146060482
-1.0391926046123174
-0.32166712713230705
-3.015109829412647
-0.21828004872258605
-1.3159552106648913
-3.228706517329573
-0.3594679079072812
-1.0208426858117015
-2.9872894479456447
0.5236520164898294
-0.03640450109414857
-3.0876342416679847
0.7958077812767258
0.6753982981039616
-3.2707481723161234
1.4336830127846314
0.8898329693662275
-2.6737211126818474
0.6658350095403034
1.0647292042422345
-1.7837461152515608
0.985334190333859
1.0824695444553478
-0.7613288618060685
0.46208179060036175
0.3954173756388216
-1.4946285985632293
0.565892925844706
-0.4583075040828549
-2.155439919148449
0.3790026385659713
-0.6482342601629592
-1.765700830098466
-0.4578574412560449
-0.7534752685249927
-1.5031394335162498
-1.4922722940059654
-0.6272873410067388
-0.825592033127602
-2.212209368616696
0.0989093918205574
-1.3276840294987393
-1.9166908541641798
0.6201482860253543
-0.9529188870238976
-1.185184685356121
0.20907679775655147
-1.7434037425038758
-1.0040227174859433
0.3552118285662424
-2.339345563995321
-0.24804778701161137
1.4558767693136183
-2.136726799416561
0.06147872593402915
1.074864096562595
-2.256774266272957
-0.8911497365383904
0.8755394718750872
-1.330654799575103
-0.4336234945891792
0.05043256957871807
-0.8358352418868943
-0.37685430242452395
-0.5520272831458691
-1.269263363659053
0.2905460258326514
-0.5814832567091814
-1.5630510445292236
1.3130506004389142
0.2674582660396975
-1.0794664703923385
1.3117463546179737
1.099362637851895
-1.1293620951645633
1.687748895804671
1.341179397139392
-0.17833633809025587
1.1945378868952956
1.6523871175567908
-0.03382829810677149
0.5220268942723197
0.9327870191333384
0.10209549870628372
0.5062702465170226
-0.1770550738343837
0.1268187474853984
1.0719600764338768
0.5474809767803004
0.5591293106220581
1.0562248478069305
0.7496565806868981
1.2503392809812774
0.7486450639993608
0.12705540538859822
1.9012946819578354
0.35469639858784885
-0.8801890986477848
1.8808484757287816
-0.08452755076929212
-1.0834793764806334
2.431214711756389
-0.9853265624598313
-0.38363343050834103
2.955194477078741
-0.3474871362109123
