0.17053424390628544
-1.3113252311268209
-0.6147592850272181
-0.20977920758462243
-1.2503368579444576
-1.6162087768472757
0.02146585197348823
-0.32835735384172343
-0.98087865948678
0.6791296902290362
0.405557218191732
-0.9180405123516108
1.0174379020448108
0.4160406004389378
-2.058159381617112
0.20310625112593647
0.5116593995219807
-2.484105525262128
-0.31477961202774857
-0.3811106586887839
-2.303810246442179
-0.5989804146433815
-1.3098858360494143
-2.5002332611964926
0.019336537321771742
-0.9973469869153558
-3.254145439157699
0.07846856303787905
-1.9594277603061014
-2.9126233041186054
-0.34251394518040734
-2.1231635039921284
-1.9733517884035074
-0.4436396465996838
-2.164664265689495
-0.9818153433692703
-0.4439547708618245
-1.769456937869842
-0.0018815548449834462
0.5724936829461595
-2.214914082118528
0.07882853341826555
1.4544013024753166
-2.266573720613845
0.2741440182952112
0.7943956385964368
-2.3098720998100353
1.0930300502257908
0.12143665607949511
-3.0989057404993967
1.3004757276946515
0.2873832404061152
-3.238930655051288
0.2829208331331805
1.0337712341251608
-2.9241603239499594
-0.3474784605543767
1.604146979256007
-2.1515788786946133
-0.6907128451020912
1.6510523959745658
-1.191416722623124
-0.9426003113081639
1.6279410778019385
-1.8859358639899433
-1.6998994902746578
1.281125628871106
-2.7857796024087085
-1.3725174140476954
0.6140396127229818
-2.161257473506109
-0.8073162420684006
0.6245630938271906
-1.3490246933425727
-1.3972074236359027
0.6462807693853424
-2.1555864386580805
-1.9861410828860975
0.4553234963775018
-1.3228064990477857
-2.226572157708598
0.9483883359316829
-1.4244683921478438
-3.12592542168295
1.333528347412437
-0.9940449595556363
-2.2852978436756373
2.107010347857263
-0.8134511781613805
-1.7356204155491552
1.819002728599554
-0.09988259937093098
-2.2712504870737966
1.5792778760312471
-0.23332379592221839
-1.2615057471193747
2.0360285112427428
-0.5568515575658803
-0.7025084918097251
2.0431399062770113
-1.4094756162979531
-0.16655733558457247
2.4071823039924283
-1.6870599518115303
-1.0792401283571085
2.969448241603139
-0.8180011003600894
-1.2737370828384333
2.427779020345146
0.12010714797336523
-1.549686286588086
2.4849492820545036
0.9344636376945835
-0.8437972279184184
2.988942604000562
0.09532158557606327
-0.6274613918514013
2.411354483156811
-0.15472225913095974
0.1426671565505345
2.0567899534304757
-0.8263516958084118
0.7386498964469983
1.3385196145205434
-1.5096360958526265
0.8419827187697456
1.0179422389532147
-1.4994147583069222
-0.16963387327965485
1.592435213354575
-0.5490261097103679
-0.13438881500491823
1.6692213480990077
0.18941005715058015
0.5824592924270943
1.0918180090202256
1.0172041932252882
-0.06897234964985292
1.3044579912300676
1.0495695049920208
1.0092347136971362
1.6331093134976309
0.7423330726654365
1.8604249197739697
0.8735763506357714
0.7578809243473402
2.574778574511519
-0.06315833180069286
1.0961974297436226
2.1258148567479953
0.08298576590910253
1.8316142119119208
1.4815497783723182
-0.815012623143843
1.5296717821802446
1.693657286290681
-1.79296705922843
1.0031035621192843
1.6340174034225021
-2.219512642628857
1.054457447345843
0.7957385776294288
-2.8736226164126224
0.36178334780516136
1.1512414220826277
-2.807967917764102
-0.26856383808844186
1.932025073830814
-2.5479299282817105
-1.2095417937163415
1.7716872532603274
-2.2330818688312917
-0.7538501617867177
2.5961521320732315
-1.6487213723142529
0.011879154655668562
2.585770076136464
-0.836023786772224
0.6969258208452166
2.6245008071466684
-1.4864404127095519
1.4470546044029635
2.609888312312073
-0.6365251998445045
1.8864219010726198
2.5811265884449246
-0.02996453959817303
1.323854929042665
3.2603743752996635
0.6832538428165016
1.8048698719140164
2.4071970828940397
0.0385793489346396
2.5636815560436417
2.2932370857332938
-0.8940904119431476
2.5636373576936804
1.9107179612593035
-1.617214392276188
2.175339887018075
1.239211717221647
-0.8869051841110304
2.3823577758499606
0.798322851679936
-0.5892975166938247
1.8594923232332878
-0.21461204118060964
-1.076789352112799
2.57431150669055
-0.5865977509528955
-1.8596189424912648
2.26797737092305
-1.3136791015522544
-1.5292528918721395
1.220958143674759
-1.50575646602901
-0.763349205884031
1.9954684280043766
-1.4806733605930442
-0.13762464188653
2.4014776286644532
-0.8984719865300271
0.5812840933083494
1.7308453607343133
-0.9096583158626506
1.2766645948726936
1.616394505818025
-1.7122890551858496
1.7534227265900577
0.828107829915632
-1.402910118650561
1.6674330759752556
1.4737859717144004
-0.6607606578555294
1.6121962832024215
2.541684369359828
-0.26379445837074095
1.4654045065536954
2.785051342967655
0.6233089467886874
0.8415758495780465
2.944176952327176
1.4805015426623773
-0.11614616808380847
2.8303867377870677
1.3637754338075152
0.4013747484612475
3.2383057651046685
0.5832094205385635
-0.26187141731858476
2.97489393872881
-0.07376428913754111
0.2659419336295007
2.2698918255369627
0.5928664441763575
0.478386853452631
1.3653988769450498
0.7462364786792612
-0.4110980390064706
1.5529606425039235
0.7703933861247269
-0.4014179590226912
0.8379856805220729
1.4604286721999902
0.2038759987793038
0.2461679629222019
1.939770667325215
0.6966922123200737
1.0765181357291078
1.65975285718381
1.4671879061816664
1.6866345514886019
1.8413133899869356
2.2737184624745344
1.4027467441653239
1.34158931009484
2.0488560130793005
2.3767735086750084
1.270499014078621
2.3462212220673977
2.629111827749263
0.3697012005955252
2.4537223302996014
2.0663697431637478
-0.45563840318958143
1.9295427299335222
2.402052778828055
-1.2517353666747686
0.901064106376343
2.5475224708187025
-1.4364227752450884
0.08999910425786493
1.9745084704892868
-1.772382911162905
-0.5445219063860701
1.2024470045438742
-1.912318287217723
-0.3639428243163718
1.5000004629442363
-0.8329142292884265
0.5080378106251376
1.1174417523895812
-1.572106054860266
0.8448803885339816
1.2371202362988862
-2.4672028699603756
0.9192272976415304
0.46749467324137156
-3.195719420510874
0.8805145752785211
-0.49281152763189007
-3.5947033738884806
0.036429699993561104
0.04383921177829348
-3.362254804947285
0.8180695576504807
-0.29990266536033994
-2.604828102014218
0.5927227726524712
-0.5276326706062574
-1.6911629300703586
0.8066982481552908
-0.5506348612857778
-0.6546672026213769
0.17000550661487063
-0.5228140553763002
-0.05309421914307827
-0.11042506100404811
0.39650855547253105
-0.49963775761671875
0.1745293561920498
1.28488694258413
-0.1358085904659052
0.8644589225439984
1.8111510683196004
0.1651056863499199
0.9583579438636632
2.0003491443016315
1.0171075336115267
1.7862366275665067
1.9338428454994394
0.4231331996496075
2.146764373028403
1.0651426229131562
0.05474182726004578
1.797386288454751
0.32252483804674686
-0.5068897602502468
0.7202776857798711
0.04669355012958926
0.037922987008958506
-0.13533983275937977
0.3306510038903149
0.3631240749290509
-1.0476284156255107
-0.05049032542633608
0.7869637375782689
-1.9614014361678593
0.1801530259199428
1.089623948504925
-1.8868371890045945
-0.5067056882829094
1.742888297064112
-2.6401228872398383
-0.6166143899179283
1.0386693228496084
-1.5668806830560493
-0.8151990525897613
0.6386436099422147
-1.8738440481639058
-0.12315954079480258
0.048475094738098204
-2.5493991705897296
-0.510983056361058
-0.7563773943050223
-2.7258920568587364
0.39453772205525917
-0.7439844092851947
-2.025192424297823
0.3368040003770948
-1.5257308414624196
-1.4654230770451233
-0.21131925526141432
-0.916130291763006
-1.761648262498568
0.6978537915690425
-0.6650022475211576
-1.349761596870961
1.5371258474316534
-0.5244099312061588
-1.4376007613506154
1.7713817391515843
0.31386791678726883
-0.8092000364794192
1.0060046968081822
-0.09461516291383985
-1.2561645700620787
0.8261530861524621
0.9165944428201899
-1.1041320319941983
0.34158243721141324
1.5970205198587242
-0.9847407267347481
-0.7211209751653307
1.4189448895613281
-0.4765348724762415
-1.4622213160970503
1.0100986007213024
-0.22424828597303897
-1.1830315526701838
1.9912249490173601
0.3838142071882622
-0.5549445191477979
2.503280560262602
0.028713376389311693
0.29295518038989526
2.8355663164748073
-0.47831269311747704
-0.2965270227761052
2.33518422892609
-1.2830007445108993
-0.9633625537464908
2.3886654042799274
-0.8301277207652801
-1.8659962313153517
2.259228780927282
-0.7037698303014037
-2.8511433622468254
1.900458435054589
-1.7062502625137779
-2.4808192335724355
2.0306671058254198
-1.6628419696997319
-1.3623692076639042
1.6264436739109804
-2.2615918182535735
-1.544126420352991
0.8631299585229835
-2.1545377641246177
-1.845737591103527
-0.16116487585575504
-1.3139574119309725
-2.2112617444964315
-0.44375514138364275
-0.5399705465510098
-2.877501865175263
-0.18448293560131082
-0.6165608164265145
-3.3937934514111183
0.6512261344425105
-1.3576101216624323
-2.781878710966383
0.4285025121620707
-1.3928979294967998
-1.6248332476952334
0.4483594993552307
-0.9846659289225616
-2.2519921065424517
1.1599701041565165
-0.3701634773763282
-2.4728437170320947
0.7698716134810195
-0.1067862631517157
-2.1211341682023868
1.623123559484212
0.47421094636886113
-1.3371766770836122
1.3568614840411866
0.0020156394083112768
-0.4810464844865363
1.074744210739436
0.9269622800163747
-0.5235619889281279
1.6023923329659682
0.8007886482089736
0.24691746324703015
0.9368940145684695
0.7376874476704709
-0.6604305484448844
0.6803473776336391
0.2834777089140201
-1.3753885992865833
0.4039936851286477
-0.8297773909088317
-0.8442435713447048
0.27210064220555724
-0.8207926576692441
-0.09278402829851085
-0.3971289875753821
-0.9534767625425646
0.45105043510259735
-1.0184960045001448
-0.9527572914365351
-0.30534467879757754
-1.630531036398966
-0.12915452949232598
0.1869700131518313
-1.6640561156451896
-1.15585434019744
0.39725956228299386
-2.0879539143371035
-1.227470057226075
-0.5357058482172659
-2.47396088082947
-1.8268460551583405
-0.7643457592714412
-1.6949361746463116
-1.6769398925348373
-1.6107862224653908
-1.070170501409088
-0.8924120935386833
-0.9796338938061913
-0.7185847459932834
-1.5463595074755887
-1.0984434664856393
-0.244037910015504
-2.48428315695236
-0.9662415751436131
0.09793770089738599
-2.864083677697031
0.012321188856273792
0.18573175264056999
