0.10125025305250099
0.8203243912416497
-0.5327084876787848
0.11240394599807102
0.20374398319939446
-1.331845571176333
0.6499911457073115
-0.01209616437830386
-0.5210096622611818
0.19762451663136663
-0.7093442555273438
0.021986567468290738
0.18593715887022277
-0.47521539304263105
0.9859902592415697
0.14800845336909885
0.26035743019960306
0.2990529729964665
-0.36039441616455076
-0.06380497650989857
-0.4920886412032426
-0.6372431262136773
-0.34239066782677297
0.4295890392536503
-0.3975779312503436
0.31842565264429984
1.1410335233595534
