-0.7998722029465006
-1.1278077350033777
-0.2768036136779689
-0.1258460134329371
-0.9273404519972108
0.4363985911203466
0.1422544321901143
-0.9195184817714499
-0.5523018253705997
0.36955805154330496
0.038962348097578134
-0.7600748615457312
1.0292006093494435
0.5210087963802872
-0.20154843382274804
0.5593198172012676
-0.31354238572463977
0.11873993428545412
-0.4169510356819395
-0.19925202092384484
-0.2039826463343937
-0.22530655114028628
0.019229328661115708
0.7498273208124896
0.7099984554502348
0.4215725160409244
0.7529271803137753
0.5316938696298029
-0.5110099719296011
1.0954502293283195
-0.3419105928917238
-0.5329346795573582
1.571195975428682
0.20837847421657907
0.2967922557371713
1.6016411461358175
-0.09026954480429394
0.9979179660043337
0.939858371305459
0.06856287299347587
0.6427649832617436
-0.0068048627510560586
0.42504743914811466
1.0071845723528166
-0.860417983364434
0.08899091491779663
0.42143294426019057
-1.6315972638564469
-0.4084599357905969
-0.3585285123677512
-1.1951924109563503
-1.2452251624096125
-0.052104666831657265
-0.7534880208419578
-0.4791638975422327
0.5751731953107322
-0.8238268262086473
