0.25216958367434944
-1.0971401710375148
0.10412622391850848
0.7098092429639813
-0.2100969542715428
0.03403449898954078
0.45496093700036305
-0.7178872656679308
-0.80164410660003
0.3637688257125515
0.27505569223760606
-0.7855574403079861
-0.5723627832330088
0.5864185383152972
-0.5851111617215036
0.11674079945818262
0.5913373600987387
0.13022800567768678
-0.808509879934545
0.30184826282701516
0.3490406213936624
-0.24818938223048825
0.7397498051464286
1.0474211804872584
-0.01345637585853501
-0.18465045927024915
0.7337615606037851
-0.2549309675528487
-0.2846348083778496
-0.22629938244094333
