-0.38010587649796973
-3.2287713977884507
1.664188429522204
-0.3242377601291423
-3.0922723076023555
0.6655758388628765
-1.3559131824297217
-3.172689313022271
0.3213592406175931
-2.1913877065556995
-2.606438721321857
-0.1593353070509521
-2.484371277876926
-1.9916059227353073
-0.9089664644043992
-2.4605160821781107
-0.94137388352112
-0.8762457506732683
-1.7839249015928922
-0.4078543038312351
-1.2432575923919504
-1.8362670377460444
-1.369563147318936
-1.240461683568892
-2.0267954408408992
-1.804849795751266
-2.0803638712586743
-1.290434736270119
-1.7609864969860576
-2.6928658511846866
-0.20350585701890048
-1.9150022629089822
-2.679629531417713
0.7019008460496369
-1.548451605568395
-2.9252596349170057
1.5245126330153311
-0.9317568439902078
-2.960478255619412
1.9933029806839782
-0.03815108493195786
-2.8656203828196625
2.211938992447435
0.9528553678093784
-2.4300360627940654
2.487613890016537
0.028210893923227176
-1.9078307816987012
1.9843983020718519
-0.8958298416080775
-1.8465088614150373
2.1083189588723177
-1.663809611869979
-1.1277620000837036
1.5676041240220133
-1.9523267096597874
-0.2959040484647623
1.4674599981289629
-1.0588075139808535
0.37196524131681497
1.0748733364125809
-2.1030970035467833
0.5308973133606615
0.13778027300566326
-2.166429054086996
0.5287745339952625
0.6264873686077383
-1.8598880314656443
-0.21134102476984942
0.6544734483961746
-2.7423870000435793
0.040233385633683845
-0.12030486602796098
-2.4250326693196356
-0.4159082206415851
-0.3132585018468952
-1.4719887440694985
-0.06447805942067164
0.006880222516279684
-1.7955929730831093
-1.1177891235182065
0.5808285369443341
-1.435210721219406
-1.9953952746040446
0.1843714510632904
-0.6224833709561005
-1.5750315378412778
0.012573294309102603
-0.022725681510375406
-0.8445260457788457
0.9626541010817068
-0.053478927667976364
-0.8404753749839434
1.970640149945742
-0.20251755528858892
-1.2025201908987926
2.9120811626040912
0.15486272909047408
-1.0264844424251067
3.142840205697902
0.6717448477045816
-0.30727823983612884
3.437491664835371
-0.1999901263406334
-0.21452179437413618
3.432591044206299
-0.5998785942919065
0.7915162491020049
3.6529031420059486
0.4657019411784168
0.5778821564744596
3.698323934819166
1.4303289422191128
0.4455448233572224
3.6998262817050622
2.415918728851886
0.06950636669444087
2.9821653433097484
2.559420802454884
-0.5682310246715564
2.4647102279561244
2.7799212622896428
-1.4465156263947754
1.5516061462489714
2.2470063606306345
-1.4530476161573547
1.5347370559330618
3.229161959924456
-1.3328133156896855
2.222635703444007
3.377602603442835
-0.6887891055069695
2.3261433084534833
2.93078074965975
0.30825165291653944
2.558323827102783
2.7172658946750583
1.1904221730334708
2.779924606283411
2.1568522204835294
0.49014744234337787
2.64782917868353
1.0813293519983613
0.6725337762420988
2.3037820800821183
1.510762355919238
-0.2558279897299136
3.371029202124824
1.7191898221424036
-0.5601073288969217
3.245332526270141
1.0583619651684641
-1.2210129119651463
2.4751303957654955
0.9470320458281555
-1.4892040240193039
1.3954219208253682
1.482952700261018
-1.9689912232788644
1.0381744460718931
2.2212843181388497
-2.215467489172221
-0.018931839061822196
2.2216540363653854
-2.6339283560659266
-0.9329520345250938
2.018750019283301
-2.3229017273618284
-0.6091246199938535
2.9356871879591067
-2.2664541439635073
0.15019387575066317
2.6600131715649042
-1.6888446331897096
-0.23411885294981868
1.6503878259750395
-1.8209541342084716
-0.8879092416084613
1.474004531967578
-1.4729748288514701
-0.4372443943944081
0.7283665120450894
-1.6352968474519631
-0.4170100268926712
1.2462859537151851
-0.7926469441226263
0.42170949078112235
1.6107752219037792
-0.07010894185089395
1.2157824331938383
2.0198885542283382
0.017444063239979445
1.7718507684891416
1.1589425948420624
0.4493716772642502
1.6833923030601032
1.5156168639004686
1.51490241481718
0.7659366933083017
1.8425742876234947
1.7781048051057313
0.2828556508206805
1.0020247515802159
1.410434956841639
0.7369414819524117
1.4868547542524913
0.8199580768953484
1.0399685349720003
0.6535931568558813
1.5310025774630558
1.5915456844904439
0.9912610686671933
2.3228750802594007
1.2927091827700938
1.8654923123157408
2.637409662517052
1.9958484821558928
2.2786703653917786
1.9778566648947122
1.5942882572089516
2.9589926538620386
1.377086116973684
0.8505460498256067
2.517395824726841
0.8677431741424729
1.9075708088868109
2.255460654876091
0.8040172694970318
2.5852332262009567
1.7367839946051538
1.3265225259635625
3.07890527214865
0.8429659772169664
1.4641702717481406
2.7790820989089373
-0.03056717647226622
1.3660028752471876
2.210200829009082
0.594109710131937
1.2601785868495732
2.5173140042543825
0.5437796575198752
2.2023611325383143
2.7365653911053487
-0.4063600461884148
2.361840365935575
2.1426879209322136
-0.9651545946078485
1.7072687019933839
3.2566815809457466
-1.006820353868498
1.7075928233824156
3.776891135880956
-1.8120874053963647
1.5770757642909234
4.00371374400528
-1.3619935925225375
0.7203091700968847
3.265946478144334
-1.139153079754199
0.06191321514835857
2.385705079457019
-0.8411846962732404
0.5450452884734319
2.3959967076850446
-1.5088106508408587
-0.0672466547036389
2.225830472625984
-2.0622641846997656
0.7591650498677716
3.0648034902801133
-1.5446982072993591
0.9500177961924441
2.3887468852349056
-1.8695163753807982
1.733197489398778
1.5644382063930786
-2.537494924675905
1.433226212074392
0.6324870920304052
-2.82996756803154
1.0194371996895752
0.2986813190091041
-2.5664722755792675
1.9694338949976784
0.11990084206485836
-1.980402803576636
2.750736820765376
0.4211727047976992
-1.2072001430951482
2.3071851572251694
0.9199625612913422
-1.7432630376012281
1.9809306559402058
0.6781129301213982
-1.1729056695332596
1.1712040173732832
1.5355359195811054
-1.4824153405376792
1.4495091725288327
1.1620986558076078
-0.7106221037626614
1.8479295217503304
0.5375597157113793
-0.601108714876612
3.1132606491838914
-0.21312004619815691
-1.0906978950356592
3.056077334806092
-0.2136673186583709
-0.28187093590370726
3.67273751917662
-0.029366327429576993
0.7262212475544669
3.7803345901168335
0.7026972922956493
1.2983432663476657
3.32547443622851
0.6469312415799691
0.9946297012150116
2.388723695585769
-0.2049751292006617
1.2603704072884172
2.9094523031528765
0.1590987184877131
0.2104897684337887
2.7763987568980806
0.45183214820461
0.23550366676335552
2.0805983072738026
1.0862170298250657
0.24627081839746504
2.735261044467564
1.5508400366610215
-0.6192667548550402
2.972594616160892
1.219487886171655
-1.590152041434005
2.9447280368755346
2.13366278033152
-1.1838322579925067
2.502383616801975
1.8300115817387328
-0.20474974919658295
2.1286765764247297
1.777916926518265
-0.3023632534079497
0.9879462699259104
2.53435425160966
0.07797557267890144
0.3966984423281916
2.635012962825365
-0.5858722852382218
-0.29708677559811575
1.6460288444563151
-1.158082014668347
-0.523838159700879
1.198201301731782
-1.8274056966985086
-1.1190740393236016
1.1466431430456026
-0.856560099745798
-1.270555515996988
0.3269288982199256
-0.774608415626647
-0.6394937853543297
0.7188161455004403
-0.45806255247577105
0.21778026032508258
1.76787450286878
-0.15449058789847958
0.07287580032229396
2.1512567980137356
0.5672918046820251
-0.546994821832122
1.5660052335457584
1.5069591295909803
-0.7561573852687367
0.7912628697493093
1.726540198279783
-1.2585407714142565
0.698975619265441
1.2647300704154407
-2.3977215377806758
1.5390423315379664
1.6067581366595582
-2.736501089350743
2.285002487051621
1.8671627876448338
-2.1320650274107766
2.562199619039788
1.7833386435646963
-1.0638460555983058
1.8987913913804604
2.280911491721447
-0.5384372131976575
0.9950987146223681
2.5741416630338296
-0.7561053922684239
0.02599346893483377
2.2907897707901266
-0.80903368158331
-0.7453764528459841
2.4056511382773507
-1.4348949280427101
-1.7651532424523533
2.2537494295608127
-1.2143898811741474
-2.3690895188118173
1.9757905740798245
-0.42343582750341285
-2.3353321498574853
1.1732895737306532
-0.5015091594033356
-2.381474014120375
-0.1954389131015155
-0.39323712963309015
-1.412721161657674
-0.41968142242240725
-0.1449464762324229
-1.4964364782514488
0.540704156863428
-0.23408198555088955
-1.5095056555683222
1.4902272357692277
-0.5857943223446943
-0.8361131656553472
2.2089041527610385
-0.2631385275618046
-0.052948969539497195
2.3267238887489605
0.39226575073434944
-0.7631522550122262
1.8139088818029143
0.7961226066008259
-0.11254558184059621
1.1693353613308917
0.6589070244522967
0.6261409774703858
0.5272431920527284
0.5824588169033044
0.8796168051369585
-0.17808782316954544
1.0631144322530284
-0.019677467924717522
-0.74730937628463
1.58891769241073
0.014204390029697147
-0.678005034432786
0.6881275309802286
-1.0899640349226183
-0.6617910790209224
0.6452224993375058
-2.145856113845526
-0.6681380327646774
0.27329714793020027
-2.4640049320880526
-1.5178538148257708
0.9724853454215747
-1.7794242644008327
-2.2609965937694696
0.7953663232533956
-0.987681198925439
-2.309260484601537
0.20128764501078933
-1.0792849960424928
-2.5274975418849857
-0.8021891938057311
-1.092524495032977
-2.0579273982717856
-1.7609714671485537
-1.363327751178498
-0.9508355303148944
-1.9677930944989765
-1.9732088927721319
-0.9884358795396743
-2.704846578645971
-2.4603955358835994
-0.7771450766822567
-1.7691868578319914
-2.5818470995591873
-0.1049056697541573
-1.5441020853366412
-1.9860274529952444
-0.08676484964112774
-2.201632583602045
-2.4105951707781244
0.4698971909497828
-2.9034910832691843
-3.233845288835195
0.878547808281175
-2.4384117618623593
-2.4004022068491033
0.7279552762048095
-1.9598078186939365
-1.9227871976398938
1.6221286120901257
-1.992111769354318
-1.6823336363406534
0.7146565692473766
-1.2553420761934606
-1.378261006084457
0.7069427816003782
-2.2289252780589064
-1.0018828856449336
-0.09220344296851317
-1.8499424972050054
-0.596670038622467
-0.6723845684939441
-1.0537118925611848
-0.4195973668541993
-0.46232273628778475
-0.13466610024769546
-1.0660869653389666
0.17523290667545843
0.31905278103379847
-0.8767052988088235
1.0253805552614739
1.2824409160445862
-0.46706633763821825
0.6672859469351456
2.1755283535168917
-0.9915320366494652
0.44778247665257903
3.034577631542178
-1.8099680008887902
0.11176794012028934
2.953615182464256
-2.5674560278474488
-0.5571254248240303
2.5504450560086767
-2.287386411801969
-1.3232578271974653
1.9499830809672674
-1.5000180100924188
-1.8622424366764152
1.5872974928317436
-0.7610509215144322
-2.467885054820876
1.2380563403186329
-1.5704604514439693
-2.802358761169068
1.5277450220544102
-2.3699068728951587
-2.2410564196809792
1.55628342153494
-2.790881116861789
-2.35712769482254
0.6537756659970799
-3.1523693992630535
-2.3707211129369195
-0.27574791607851296
-2.5712052666197476
-1.6740907767241053
-0.04266885821474836
-3.5121870926500254
-1.4444124495075699
-0.11600810689937514
-3.2546487773748516
-0.46245378295981443
-0.3979817545631414
-4.221969562790668
-0.7688066563394542
-0.294161662135774
-3.944509024271385
0.0005373285554085214
-0.9179613283372539
-4.052022569178582
-0.12621758033128666
-1.9790520477114588
-3.0292608150411673
-0.1274496706251853
-2.1971371434436393
-3.3672787917492775
-0.5625254366308678
-1.537714484012059
-3.421929632658449
0.3533050401695628
-1.552606503341011
-4.432124087251813
0.6364637182352495
-1.4891963437225515
-3.9116188964776155
1.376727512826552
-1.897638766652187
-2.880903734416772
1.6006639840365928
-1.8281087700004386
-3.3416472015981005
1.3547948242272105
-0.8933908385104947
-3.9641141455610245
1.0254304731164343
-0.25763124884824784
-3.834247522021124
0.07650549335873104
0.09582698820194278
-2.9197140225083493
-0.14852718484388544
0.3662437996440855
-1.8862236143442779
0.06927768248045771
0.8336347517151426
-1.6206783313310178
0.8682506180515054
0.6954441927613273
-2.4543949308223354
0.7359515365698229
0.3731186498888997
-3.3132149521170438
0.5168558345187884
-0.4680995541441857
-3.099019452055899
1.3675628698062774
-0.009667071152827129
-2.5342111783646537
1.576195738331883
0.769282254370091
-2.1507982103252887
0.9933626475572067
1.4923981480040633
-2.073135204146458
-0.03708681578445257
1.8367162234765542
-1.65287826885919
-0.728530068743289
2.418732331742818
-0.9760035366042894
-1.5883035983279483
2.5853652201565356
-1.6137039689984178
-2.3541531711055312
2.434791374561073
-1.1324876025837618
-3.286984835421402
2.3686069023831178
-0.5982568027650147
-2.4540436125720393
2.240410391090379
-0.19381752220251006
-1.7168276672372356
1.9357070337167772
-0.505437973892066
-1.3523312793178326
0.9462314776253107
-0.8710363036684372
-0.911433050247279
1.7279238642759762
-0.7377118440709204
-0.11982448660725584
2.318455505921802
-1.1038804188098719
-0.4717398189087063
3.2729777300919567
-1.4779106788809047
0.293623301940694
3.8265759370735872
-1.691989952648646
1.0380106462872496
3.1562629401590923
-1.3367248546264088
0.6268604715237872
2.303969012561904
-1.7035530595268489
1.5851287808622383
2.2480890312603212
-1.6994763152996546
1.870156030663242
1.3461094671389509
-1.6626149929884992
1.9523202521084764
0.1754949959523588
-0.9271993129011001
1.0604778528394219
-0.03480250021462419
-0.8266723408820487
0.4698365414072507
-0.800534760280887
-0.19857420067681167
0.4170401200784847
-0.04744836992643901
-0.10295585828795831
0.3121356290120983
0.9956288247549973
-1.225771834693605
-0.046328065717454736
1.4894973990069413
-1.6607679794947297
-0.7586585976016496
1.3709000370570885
-1.3447952217950805
-1.4999206447794764
0.505383988988572
-1.6451454025033518
-1.8083367912677288
-0.30488250406363887
-0.791504904927661
-1.5254344000415812
-0.8338828856875856
-0.31739329188040283
-1.3256012515271203
-1.8351320337396646
-0.5662047462779657
-0.8959121423377439
-2.8618799618896187
-0.18699184273266545
-0.4785583216647543
-3.594386798337226
0.06333446584618213
0.5053358297153535
-3.5553637492348904
0.8976953019300076
0.9118368979419719
-3.198672411683827
1.1944282519477298
0.54591625367017
-2.338568719614536
1.4254384051318323
0.4405831219411945
-1.2318386928271
1.303932132942886
0.7491216203354993
-0.30251704456249234
0.6189874159174494
0.8280603795154949
-0.8419827701988498
0.67635298587193
0.35033498888761955
-1.664999184712986
1.1739251559909012
-0.38979191714341654
-2.1553795693343814
1.089753808289144
0.012016403716573908
-3.145669764779893
0.37019843413494724
0.4067705110923256
-2.6077060292025394
-0.3052904788128399
1.0508793054888315
-2.5482646278318457
-0.5425383456039893
0.03538229685029938
-2.846149408599825
0.2849533335141544
-0.6502815972607481
-2.7602016702371888
0.7217196630761423
-0.8644721559394462
-3.6651545023946603
-0.08375056430243825
-1.446609309039508
-3.5615711014265266
