0.5117745435737515
0.2599286760268625
-0.42891572594309524
0.043958304441508826
-0.6175365558995858
-0.5621700378169165
-0.8316972854487305
-0.5942984176704303
-0.05478188082530111
-0.883851157961249
0.29484286905035945
0.42751522912141154
-0.47758230879063746
0.23550914379750204
-0.47355018138847194
-0.030851304143491413
0.8029823579017643
0.221425980070201
-0.011232977935676711
-0.17208361254787638
0.32162181783660465
0.8585973534678918
-0.5502463230014155
0.035906151918732365
0.8208848327966346
0.34090186234281733
0.5129486470268304
