0.05040111168008679
-1.5707947315516764
-1.126692279617383
-0.38380254245633333
-0.5569823631441482
-1.3003100834787815
-0.6501658945998096
-0.1820562510185988
-0.42327353180294114
-0.3940555957276703
-0.9663216622585887
-0.3053447298767361
-1.0387535114128739
-1.411382080487095
-1.1405795945781259
-1.1512585301423146
-2.3837932963981165
-1.1297818243584112
-0.19341464602175656
-2.5026868566600795
-0.9140184297924351
0.7852144683668438
-2.1355847810270046
-0.8771637950201404
0.16645462147098808
-1.769420816433138
-0.11838452525450058
-0.780196198706888
-1.9160827076236855
-0.3143323689643956
-1.3844677814229043
-1.0887909934264426
-0.30988126379570363
-1.356774178414567
-0.49681051823005923
-1.1723473832037694
-1.0279693278804563
0.5238105663774206
-1.1328052126664596
-1.8514306161020482
0.0016432221955077365
-0.3975993317397799
-1.1364220150906796
-0.3923913483482701
0.49957073187822293
-0.6197218898528677
-0.6231597282080813
1.1856587199361557
0.13695910228381383
-0.5563733545999117
2.1294239066788023
-0.007367900730149882
0.29561900926334705
2.5639924694252967
-0.3749768867474564
0.9987652287620051
1.8588732144906286
0.6123931304623584
0.9204000289607199
2.091093400056803
0.31553515637799917
1.388879947040045
1.3450423326935133
0.30072965107440347
0.2581507277986836
1.4349248453973427
-0.6995784983976768
-0.09925942995895155
2.0187725840111392
-0.7393454573680779
-1.047631685834698
2.092040372800695
-0.08979048702578145
-1.6164772229768782
1.5130919521169968
0.8065079940116362
-1.3321884182912864
1.7664793534420937
1.2877985327862471
-0.9328077008563194
1.0143450478357536
0.5622377437762414
-1.6360098832071475
0.7883311601078961
0.39984073533037223
-0.7588518560508202
1.0055904798375739
-0.3070457403151288
-1.345812710309408
0.45133078736694965
-1.147523855136981
-1.4895769437705118
1.2760408052745102
-1.8429001545819303
-0.7990032545474557
1.0104792668663858
-1.9700631849455255
0.14514161973493428
0.5707153611300805
-1.557927610804227
0.029592603418951893
1.454299644982781
-0.7119955431049007
0.3249590342479812
0.861034310367958
-0.189782744670414
-0.2567308348182224
0.38042922804591767
0.06472023011971847
-0.1588650513019871
-0.6019660422991462
0.8253643955409327
-1.1835645586450791
-0.8187460336945982
0.5734713538631722
-0.39195183708566217
-1.4409163513606975
-0.018290982967686782
0.37903558802429654
-1.294737049222465
0.62680343346691
0.37262019492139714
-2.0730131114419987
0.34075090928558766
1.2837588300414484
-1.8839329921226313
1.0136724924734684
0.7211357792632788
-1.305900906352574
1.2582333636798815
1.1320396993915414
-2.1391689963214464
1.3423265023456377
0.36138052756037703
-2.7804220115187754
1.6058239211624705
0.2940349910656179
-1.7851218327213447
1.8911514983251942
1.1210986603703879
-1.3870279828211802
1.1607340635774335
1.8421427675553879
-1.2573018744813513
0.20794031799059623
2.184120385257735
-1.0952287131207967
-0.40559659503702505
1.3377771947301016
-1.159519393739711
0.3961195491440235
1.3842768905233702
-0.5353518364597185
0.9265474211830501
1.4218095295459143
0.2380368724539556
1.1863134647862148
0.6904686733860382
1.0349964321021643
0.061533770997256196
0.5283158474723085
0.4645937130912713
-0.5630168234702232
1.2632462075587563
0.9212418503526745
-1.4516497547296074
0.9561232613221569
1.0563447928870935
-1.1812998687704368
0.678277185527503
0.2572434710444481
-1.3157274155514382
1.6256666417851564
0.36504384372329673
-1.1194246212855308
1.3578219189090797
-0.5516189648700842
-0.183551086564804
0.7839036807502446
-0.3451465735811683
-0.039787803855122886
1.7475436523529513
0.08032394965959044
0.8509609087279804
2.1123394087591403
-0.30436750168191784
1.4414463943368052
1.2752382006058893
-0.44941751640438077
1.711839974958148
0.5293001143712164
0.2521313332962972
1.3425385623510777
-0.47445753077697334
-0.06322378880872974
0.44990502842545255
-0.999468526805224
0.2735773942551588
0.7482260008859959
-0.05861558894057425
0.7256345070711997
0.7390150567025345
0.555276963671639
-0.2174569416536429
1.6955648819405735
0.3081897410698266
-0.8286273658525223
