0.6679402203009369
0.026536269706453307
-0.8278985620606478
-0.15047331110585221
0.014985308320193878
-0.26032370381242104
0.3548866488231242
-0.8229037706369686
-0.36894007502659126
0.7599970261341887
-0.08993521258131083
0.15750775970402492
0.4677278313378348
0.8035510830543457
-0.20156689465655075
0.06624118594719573
0.42583436401195507
0.6417748862360244
-0.5232333658992735
0.9067261738138787
0.005144801258052217
-0.8355705230328216
0.053715736500652055
0.45489071585277957
-0.040043445224452905
-0.5644142495621789
0.5268580348390687
-0.7674722672808826
-0.754095702627023
-0.127446962333749
