-2.189403932036577
-2.7167972747192968
2.0986863884954983
-1.4373979010323326
-3.098112425242471
1.756158111784903
-1.3878060345871415
-2.7206411550159597
2.6651719548728985
-0.5715603147551935
-2.793771291565847
2.1528426050242264
-0.7144736864155323
-2.002025756328677
2.722713177799995
-0.2774533186392514
-1.0914002580423101
2.465416463133524
-1.032476348257813
-0.48711948224681045
2.7639139552721135
-1.9004087898760211
0.05271054838899078
2.7056454251122073
-1.8297461796910608
1.0172710321056881
3.0506331313502333
-1.7655889391819546
1.6207681082352197
2.2130572404387587
-1.392494706653925
1.1376312412461118
1.3278874342737081
-1.145829911781076
0.2341870096194247
0.7893879376667887
-0.8668256728853625
-0.8499811616853614
0.7990087102012727
-0.586779109003288
-1.8286991634523102
0.5919092786554723
0.08647389858607975
-2.825980431814705
0.443150000978376
0.9729618503394282
-2.5942593690304405
-0.09493328589390912
0.8599850269876188
-1.7495168573777067
-0.6894207843789771
1.0094526586800576
-1.7304381270505949
0.20236362727504376
1.209993703323028
-2.024642590001994
1.061740596842366
0.7176971684763729
-2.2141789299135484
2.086128799181687
0.5748872163406359
-1.46214984918067
1.5728877554707474
-0.5792574078833567
-1.6457313635263713
1.439128752881237
-1.543915271731987
-1.321662585884951
1.16765205518392
-2.3942993361448943
-1.7607762831202498
0.6036510327845912
-2.3706972781026865
-0.8113362979311625
0.1142149411848974
-1.8478946527789977
-0.35280484448265925
-0.643935591083306
-1.7347586070480214
0.7575491799615943
-0.7381257768079758
-1.2995803920952624
1.1224077965705153
0.3868818115466711
-2.213084506040397
1.3170829304596001
0.0009668000221518679
-1.8352151814853122
1.6499326427255876
-0.8391174478232134
-0.8469305857448889
1.709159167915593
-1.0841582681084798
-0.4588999986126708
0.8621991373627245
-1.5307442091469068
-1.2442138159575074
0.19428088039538086
-1.2895151536753595
-1.011430480173604
-0.7918088424475264
-0.9576483617583798
-1.3205056758196265
-0.9586048869957282
-0.026097173448248794
-1.6226002191453133
-0.41387612659413686
0.94899426696435
-1.1193910755655936
-0.5626285732108058
1.6371476693888287
-1.2963964572632543
-1.317922118804469
2.247828715661558
-1.167886124578451
-2.1449039523104796
1.901545238713702
-0.7138891390895037
-2.525169773143661
1.1598909945977263
0.06578878072242962
-2.189562353956259
1.1033949952663187
0.8181153220242308
-3.040191601630347
1.3981177970544376
1.6921229690409472
-2.5115687698717615
1.810691347596208
1.3912266901552721
-1.5073758714601087
2.0146849831099716
2.3513380370616184
-1.8994672118399316
2.1697330822309
2.948060042674934
-2.39676111519208
1.5473760377329149
3.1616008850674913
-1.6525461487423565
0.8856603788994306
3.2059272094969047
-1.4760564566590377
1.8334420733551533
3.116040517994726
-0.542673343882937
2.029897975398974
3.226419392208802
0.34537069417659877
1.7315495296176653
2.5369303051123056
0.6521131327201221
1.227033583921881
1.5072558517163006
0.1735207163269582
1.396375502724928
0.8353856186613378
0.20887425135285
2.022485256464703
0.5488956509404388
0.5029199088633679
2.950141462158182
1.0095553271420286
1.1536082706610793
2.3394640833875084
1.8089389678583245
0.995629877851027
1.8215599325086964
2.3223776888632575
0.0018982475689051056
1.9692958422718345
2.2951630098857607
-0.9795180474287093
1.6590312812778985
2.168802951263733
-1.9012289051764237
1.2471381196951838
1.8928246340649715
-2.396117444770334
0.11386394397401842
1.5461381257913847
-2.5856397068483203
-0.8396053208215065
0.8044368392579235
-2.2777709609874277
-1.618663286990836
0.0035466731516677814
-1.7370317462392306
-1.9832813481223104
0.046429894976156835
-2.0454274047986987
-1.0440357415403942
-0.5237661557107899
-2.518864978358939
-0.40116418308630697
0.2839628722772077
-1.96331642820309
-0.04760869752825091
0.15419699155933314
-1.306180793421379
0.635439779994958
-0.11079280783730253
-0.6941402896263774
1.5242600751104098
0.6340826568796899
-0.8000812971516087
2.226825763838157
0.7693550366439796
-0.4640492256560004
1.2881307387527081
0.9927906925770801
-0.640099817837706
0.2607946826750889
0.9323321287314378
-0.7946308436384945
-0.8285796569248745
0.4361595651617134
-0.7494134175626098
-1.704078801057279
-0.29633861181775456
-0.33094863124302293
-1.756491733944251
-0.3557412621619453
0.05720308373989918
-0.7769201880569104
-0.49890163299467594
-0.5638365686578523
-0.14958993423139805
0.35541234418292733
-1.1143732129315311
-0.2045651181249548
-0.48617498566361117
-1.350242940138083
-0.3916082079225276
-1.5164071614121888
-1.8519842547201275
0.34771232405755814
-1.8695625723781288
-2.4128652437132425
1.0915981730681052
-2.2655610734084224
-1.6514927904796115
2.0360156078672684
-2.8640516399730114
-1.0277927784640641
2.1656990550691173
-2.7292564777036907
-0.041937505229005266
2.043711896659842
-2.335568272238396
0.8450508103846829
2.242132860642976
-1.2743990528886286
0.7146202967898367
2.3161136522479255
-1.7803890609835187
0.21063975448798244
1.5968916123484098
-1.9546034181597307
-0.7443281583269972
1.9482329675765169
-2.506025054483189
-1.0430063949592814
1.30303645515935
-2.780019545112425
-0.1338880424584408
0.7959974508066295
-2.290895705451708
0.29242704260818664
0.06420954451435082
-2.7625595333320465
-0.28832893364445694
-0.6322719271623838
-2.3425879942412675
-0.663298393387027
-1.530651233329251
-1.6563354435149953
-0.08551802166477931
-2.105417481083909
-1.9892425382682164
0.7730896225846484
-2.6391747072331757
-2.6414111467127452
0.08802770819615151
-2.2556751048834394
-2.1861884208275146
0.23408589689588755
-1.2917266206365807
-2.6615747812990986
1.0922932914356904
-0.7745948212051839
-2.225107190251403
1.2591009147788264
-1.8728086032074964
-2.931391904833114
0.9601540135469582
-2.5656699623093284
-3.1724756910143928
0.6896607012257784
-1.6836048425549655
-3.141426533414996
1.7926299420979044
-1.5330031083112179
-2.867607035947425
1.9350899733065925
-2.3617152976899662
-1.9761567761531114
1.8336377526252183
-2.5795908324968373
-1.4236037289742651
2.5785496963177104
-2.0705009453147216
-1.238465394077513
2.5714293011622518
-1.0019194039620727
-1.3494036587577138
1.9800232012371348
-0.12838420827538535
-0.4918560432046045
1.421153927138196
0.24688242739516614
-0.4047985293071367
2.2727233803649254
-0.6034183048606393
0.39018377929571046
2.6795629714413107
-0.750950604932691
-0.3660220540718476
2.507332434407154
-1.3996831491521948
-0.4075512076165811
1.7656123213325936
-2.1483970002737696
-0.9686872477999863
0.9977840285049885
-2.3920387182118383
-1.3974196138735862
1.6225432265614903
-2.0397326616472893
-2.2039830074819657
2.174908218618461
-1.6846783449419345
-2.715709859634952
2.1239482759729325
-0.717337657312158
-2.2305908289230305
2.343646364920991
0.11667748115032038
-1.6494417677832909
1.9166155409195615
0.8205470181607182
-0.9323662387248849
2.5816339896316207
0.6170863128749354
0.09650184920973202
2.4572006243732734
0.4235228762293542
0.5873060933909767
1.8486179853607831
-0.15363061812981885
1.5448880083353347
1.2102085634375404
-0.10481881989646727
1.7693163858289132
1.4567970187368617
0.8784600849572184
1.4640902147522679
2.2617149911986796
0.33366928031361714
0.6354761546939268
1.8923190013433098
0.8923942072321756
0.1450672942512032
1.2945886704057286
1.7831843266092289
-0.5265597492764149
0.27449757921379286
1.7976697144467026
-0.12126817429283981
-0.1212851124268133
2.5100849808764307
-0.33355570926613776
0.8583415763074748
2.5649940543360352
-0.7127981140011302
1.5880245267084652
2.022432185158513
-0.30372810819081175
1.930263307568076
1.2261391945673308
0.4060393335423526
2.2417861469208527
1.8076619826792732
1.3114605683439071
1.8394946497916724
1.6770429472160908
1.0274753338946367
1.0119321116327729
1.2929540164231574
0.2917035918141425
0.41176196714328833
1.217474638935641
-0.40109616157928624
1.1234511247196926
0.9472659143565604
0.3630196190039276
1.1107587157789713
0.2968290842881423
0.7889469182339915
0.8563807497065552
-0.5193663888823038
-0.0052873946961943695
1.4713571921114879
-0.8610566732612219
-0.7643996946757419
1.0431091085176674
-0.5288649055000704
-1.192948070296307
0.15522546956342273
0.0009732803785465621
-0.36268321751074023
0.566604608766823
0.1528812206596415
0.14514934626107384
-0.2233147766798913
0.7044267285450638
1.0031748619275307
0.1524141569182396
0.5103090426095522
0.554872540521009
-0.0528260013469459
-0.29736806179417163
-0.07679456587364011
-0.8727628139789756
-1.0391068822187246
0.38908338813557686
-0.09602212997428264
-1.1875126140302832
1.2504084841786567
-0.37157491540678916
-2.014707457677141
1.4677688201843229
-1.148761040928205
-1.5138593580131026
1.0202637537109391
-1.5877784816027343
-2.381615144261194
1.9594451899966088
-1.3551635696182815
-2.3534027793053416
1.3617062899864156
-0.7599729313885284
-2.875444857639173
1.834205489517967
0.10901747453815702
-2.638239297854385
1.0032495376563708
0.12307559909959079
-3.217174443279471
1.0519100263603625
0.6233187461575975
-2.382826389013183
0.41421459028378155
-0.1669531073027545
-2.377759932505617
-0.210445377605884
-0.8561951489348684
-2.521509121051038
-0.7271322304204624
0.025475003010441102
-2.5717727158911443
-0.08125109479084176
0.8730050512618046
-2.366694154965764
-0.05322705714908428
0.2668913037490718
-3.2930492290679507
-0.4740309586739709
1.1530751453488333
-3.237317372978189
-1.0207717124944329
1.8901142425768909
-2.8828691966478535
-0.00395823195777976
2.039451288241527
-3.0233641543135295
0.9661002139635039
1.8134778213097238
-3.206544728596357
0.7006752892167409
2.741848413677643
-3.1106615164262927
0.29191545927559054
2.5740654020991767
-2.2891442374197677
0.48412487653923997
1.6009711669819906
-2.401226023621859
1.2006943137239035
2.30362263724697
-2.3511327097769197
0.598297819254444
2.0880571322132426
-1.4353262503380915
1.4451148549000974
2.011453826081062
-0.9081064263716424
1.4394750575512825
1.440228525388422
-1.6993211408865676
0.5215795741807124
0.9531874721151898
-1.5349275317078979
1.4444388647373632
0.4812748840720247
-1.4314488324344736
2.065165443164822
-0.35470742926672366
-1.3554627862477016
2.7505783850993293
-0.6345884609840405
-0.6699159028747463
2.963839586074172
-0.8909750620862698
0.34078756947196226
2.7031794431313374
-0.30503536758498945
1.2059826363593913
3.5834998700189225
-0.8104363449972434
1.1901945885142626
3.527170341393564
0.08610519110682947
0.5629290615185454
2.533927935128302
0.08876274823562184
-0.006601429223520342
1.6870836100810402
0.40164734332062796
-0.45117033036224435
1.8071811751315552
-0.6925809236258192
-0.32916656957764984
1.9590469918638402
-1.6204239300729093
-0.573641972291728
2.861655260578131
-1.5616660004533933
-0.3202295843897978
2.1266422801268536
-1.2686556761475356
0.23461307393525116
1.4918245587337526
-1.1299248440343816
1.1060112989101714
1.9607365223888107
-0.48693481476159917
0.545100807631464
1.8835808304189665
0.6045081423239449
0.4068396985477976
2.5135174853919726
1.0443043651753712
-0.09551559626698689
2.597894236120424
0.3629362232129819
-0.9061279717246714
1.924846471930107
1.138296151156316
-1.014621780041199
2.259665923915904
0.6197211020105389
-1.831908756861827
