-0.21806384663726192
-0.29466878439430866
-0.11821221823411919
0.41558728679629986
0.14803226719021878
-0.7428503815791909
0.367030287567148
0.9937800457941189
-0.20188431880935814
-0.4714003505941797
0.5839608955462469
-0.546288479321992
-1.1085861346810142
0.14260773964000512
0.09008135227804129
-0.25827808710390066
0.5399548827854461
0.4407754441468614
0.6233286546324196
0.12981820474328856
0.23138634713337924
0.00784945890914719
-0.34705565579486247
0.8483130776636653
-0.019332337642243187
-1.1783273950963955
0.2865371350236178
0.6618650687535831
-0.7181022004137687
-0.2878579583009106
