-0.10669521956146318
0.37843638513005984
-0.8080422804446075
0.38718372319254746
1.0327203047404838
-0.25467148749849694
0.7425225518592685
0.09559087721721149
-0.35162672943682255
-0.028601948363106977
-0.5372340176486073
-0.43732069341221486
-0.07277382775586358
0.2639020440117251
0.1860543952927347
-0.8786750520946387
-0.023083999018277075
-0.3103539674574144
-0.5139119782177246
-0.6015245749230903
0.43231317213720627
0.4972374992045413
-0.5240767048640645
0.4089626344696528
-0.026285748263555647
-0.08473031464543847
1.1346849563499568
