-2.189228060764634
-1.452231174122892
-1.6623637780237428
-2.377962122126851
-0.4170884549289584
-1.6344754630817733
-1.596455146740952
0.16825272361238064
-1.939281548861428
-1.2638180271671517
0.8560766592824334
-1.4002695679635395
-0.7808785213835916
1.3149599089067932
-0.34896330482931376
-0.6208923125725913
1.0724073586894975
0.42162554346551895
0.010532253507495275
1.4943718501462482
-0.06897491681740227
0.551803462443697
1.8856681426569364
0.5684246309667155
1.0485054066896424
1.3768027061842947
-0.3676058939911144
0.5938314110495729
2.195106111013097
-0.8748335946063881
0.6850490272528543
1.2611920747497523
-1.2645710084614106
-0.34248069740338755
1.093123870995709
-1.159615960491581
-0.9183059428091396
1.5534256983483257
-1.9236418006189686
-0.7187802915038977
0.5374536079657654
-2.0919774952471326
-0.7807658243302261
-0.07442755378444002
-1.340647139555242
-1.6020635344489298
-0.7349571993338614
-1.8200973664455566
-2.092931101435723
-0.40381635928239684
-2.5376197890129983
-2.536420133564556
0.39518209475642885
-2.099326944133829
-2.5719200548267516
0.5621236676567204
-1.0805895855045275
-1.991003639566002
1.1778693647668592
-0.5063884520506243
-1.3166010631971123
1.9856849596710766
-1.0849730907723272
-0.7286561473494645
2.5792332798537205
-1.6326987041312484
0.2986392958482301
2.812399540851716
-1.5797230013347725
1.0134999422441244
2.0834850887909817
-1.7255213267603466
1.5973147008176833
1.3239796294851929
-1.682790777926118
1.2962698288183454
0.3593276074581571
-2.0896970360119096
1.3777701318694835
-0.9460139353604581
-2.161679119604649
2.0407474618787833
-1.1713075085420184
-1.2741211235765315
2.853296854553671
-0.6588293063579141
-1.1822595390481165
2.2125320241149735
-0.20123838252102097
-1.602270075988298
0.837872858679354
-0.3187697433878346
-1.3349291494042146
0.7866897790254308
-1.3760447562052915
-1.6040792900807876
0.3045870076829803
-1.225634328287223
-2.4655678561353036
0.4401674369625325
-0.24242901538238057
-2.3632961381010937
0.2391197146264162
0.23685093037815044
-1.661098145911728
0.33694398821405813
1.0834042134732969
-2.1452866800217243
0.10828783183766796
1.8880610284085935
-1.661070939137899
-0.36062444867727306
2.014505905251967
-0.7501112046384555
-0.7015790259925379
2.126085832211499
0.12921481684281946
-0.3277330584764558
1.8722402634595767
1.0778496653111584
0.20803618009764102
1.0301342549870018
1.197899339814204
0.2856584887622725
0.4424178302376106
1.7269959598631939
0.10194498856813991
-0.4803138761326598
2.0544725408674944
-0.681448605889467
-0.9862098658313715
2.1302278450749204
-0.46001985298833337
0.19043414649627455
2.2857197073026407
-0.4762944155042153
1.0562026152995294
1.8123517071795794
0.116338946413626
0.8383349609488238
2.577629773886586
1.1087283369207457
0.5512211886756799
2.3193886012823794
1.1810329890715066
-0.26729877799773044
1.8039135568634652
1.5116173106452424
0.44969283408815847
1.3487409879376546
1.080804931005133
1.3422027760417947
1.0578846263261965
1.6585632289595074
1.3162749533873228
0.2796268834331517
1.9318260663353126
1.2506488336726391
-0.6134485436533142
2.6681273500808325
0.9326553315527457
-0.16765713895565124
2.1815993158106566
0.3540709247493105
0.5614390117830896
2.864269418730541
0.07110047790555007
1.1150900317546448
3.1963576257805144
0.7581930076534423
0.6376258051656519
2.7160770667448415
1.5965377505475158
0.5407520925208724
2.446362075447104
0.9693072141113802
1.3466818137111773
2.012261989138861
1.9225077230351406
1.192618601952959
1.7212857157205321
1.3064907484768917
2.0246866594216044
0.6610840196814204
1.3748472225985806
1.9238228296169628
-0.11513382949865043
1.9855039260268779
2.0385194137419935
-0.9231986112795696
2.4312509206220794
1.644059746547032
-1.5853349059400306
2.2872751717011974
0.8663625980886612
-1.7786306109704775
1.8634465831945093
1.8102437887043357
-2.599779849468624
1.2720376667206406
1.8793109248691362
-2.4652522560273162
0.27019163863787227
1.8997793724216927
-1.7006122753958972
0.8824998799538315
1.7706964472998261
-2.1409298234590026
1.531985604018642
1.1223947216071717
-2.5436062276228646
0.8906166289002321
0.2153005498708607
-1.8687067340618608
0.18682391563952047
-0.09853508190485594
-1.0632848200778542
-0.47953587818577675
-0.561222887712847
-0.151082900342714
-0.06746414283564794
-0.9268554220118916
-0.22367795354633652
-1.4338350763151284
-0.5052901035200088
-1.1883630251656818
-1.4230194734285617
-0.30503422879940617
-1.845729666501515
-2.159048613079829
0.1752713748291801
-2.435231196146307
-1.384148288364924
-0.21784292107891357
-2.5904625526965583
-0.3817541335460466
-0.4612876037062051
-2.1347975597687254
-0.6171073050955446
0.35157179088038804
-2.6565556810938418
-0.35388806310202253
1.1647643925726996
-2.77712450420183
0.032917035792972366
0.32417280560987977
-2.9654177726199955
0.6706909981120384
1.1822182232967167
-1.928175594123496
0.3274176007137531
1.0808178679383729
-0.9782132410505777
0.6248274996481674
1.1304840517250534
-1.4141168545261278
-0.4064892584445668
1.0016067201422878
-1.9910506341908485
-0.9639476580274899
1.5783082674966826
-1.6324196383551461
-0.973695177279535
2.4810910616556328
-1.5711374347166016
-0.18286522557688747
1.9030695968080145
-0.37376280085224095
-0.4927125499675139
1.2358161123186884
0.4518933600638893
-0.5533010845306185
0.943809036814166
0.1434022103550165
-1.3620761695213357
1.7009665756143546
1.105046219637719
-1.3252310763738187
1.4832182720671936
0.34331989434178667
-1.407810267206199
0.6727382088274683
-0.4506351642923149
-1.9690059422098465
0.23269652111176592
-1.183551926193972
-2.3046339199225536
0.9658406941771893
-1.3506964125044332
-1.680886584116743
1.7735781822306318
-1.5312450204079264
-1.4110648117926061
0.8929538937460414
-0.6793283359786072
-1.3145059477567742
1.2438471500586101
-0.053128060302908245
-2.289036284925445
1.2554661254753765
0.48293734712581454
-2.3632103742316497
0.3656819323497818
1.4918567044761555
-2.035560523678019
0.19367335813376857
2.1905258422795573
-1.4042633354996488
-0.21856654138777393
1.6435121736254132
-1.2933821767375686
0.7302606743718436
2.0924107582270963
-1.5629265781563986
1.5475087176921296
2.7119642070359093
-0.7726451639961799
1.7257422235838291
2.2686797905593687
0.1676659647023933
1.9336101043977243
1.9327625292510822
-0.29331209704432193
1.1981355408905505
2.6779815695696887
-0.9175743623372439
0.6674360414083121
2.4158267820221244
-1.9096681511779454
0.6148699938891515
2.2779117112082794
-2.3408589738675545
-0.29362571362120077
1.5216562174117816
-1.8444105797251928
-0.7508275696609862
1.250796745093886
-1.1513323502293775
-0.07651076700422867
1.8881191401673052
-0.39083626626530443
0.19371925235875884
2.884275117723149
-0.10624135717376335
0.15718672997764338
2.296717081864987
0.03659737348533344
-0.7840901384783938
3.2513571162336032
0.25323676017133234
-1.109465564244151
2.4955983259981376
0.6830558707927641
-1.4704322328912123
1.4987214919832659
0.31680302947833555
-1.1227932536270007
0.7635050779275904
0.16886588326446636
-0.8269231385692215
0.8615725435786563
-0.2666104979858978
0.1454132857470484
1.5951799708195573
0.4734912353352086
-0.25652967193985626
1.528781913387228
-0.3853159436207656
-0.7968868786868996
0.6426396263362723
-0.9389190570442243
-0.7791803725957195
0.14128107954245678
-0.7198594212335956
-1.6354712313629274
-0.7142427531849214
-0.35318501338639835
-2.496643340181133
-0.6711789263682163
-1.383102336868138
-2.1103773074524366
-0.9114847527081664
-1.231457444287026
-1.0039040067606293
-1.2733734219293678
-1.9813763386802388
-1.6209060462532832
-0.40159621159942505
-2.612252147479029
-1.5281158185779797
0.08073432230486459
-2.296006611307843
-0.5379302927091456
-0.06423306285757416
-1.7440458304751623
-1.2839047371926056
-0.9317499386127908
-2.154952094756374
-0.7399682035882356
-1.8581984382778491
-1.9545495470347327
-0.7723997293732009
-1.779632197221321
-0.98409103013064
-0.9365946960432189
-1.5942538855773254
0.07108911623036941
-1.0019986224092114
-0.848231759905627
0.3729536490661836
-0.6033405962039142
-0.09831162357263815
0.47655866147047865
-0.2541144188830295
0.816955877006894
0.7681973432331151
0.3904739160659367
-0.03121731231912221
0.06563144494901375
0.6325735788118838
-0.08580451118197854
-0.6338873779066844
0.18839686585447066
-0.8116216910720165
-0.9107156009217726
0.4449493017043333
-0.9421844352861112
0.2635873354561874
0.34115532411410393
-1.4616460930194057
1.0504776209168383
0.19880459760983465
-1.2271622923985872
1.3419764805727208
1.1658426694685688
