-1.0278774463135583
0.12577840875265087
-0.4100480274655189
-0.25421500336976477
0.7396524065537347
-0.5341419071640868
0.4601905802996171
0.6295689547794703
0.15278756730422502
0.6052575922999919
0.298019259579103
-0.7854818361071796
-0.08667912276096155
-0.21774340243477605
-0.28358926181943805
-0.4877472947744194
0.408494007314609
0.38175204018443093
-0.6051308691867934
-0.5785444566501278
0.49502085030261095
0.25980343986991467
-1.000696907851095
0.23340223988517986
0.25562981345805325
-0.1441286521087394
0.7582551939692039
0.8807683104779159
-0.26039961793483446
-0.007956859089431563
