-0.5952835756581557
2.148765545703866
1.5051699431334042
0.014812523310769222
2.643214457644254
0.8757246483017191
-0.1760336429125721
1.863426364133495
0.22319803539245356
-0.3034294181787091
1.1486749392580828
-0.16200445775970757
-0.30013100682461324
1.1387751004437032
-1.168063252611099
-1.20111460660486
0.6324727805051904
-0.7626067174417176
-1.1507484425922154
0.603963716839258
0.41858503982963047
-1.4258326555233254
1.5526927202165466
0.20864831025401373
-1.9885999813881479
0.6756562127670291
-0.11224207569295185
-1.5120840811786416
-0.2047036673887476
-0.36291046241856445
-1.6852052947961036
-1.2195382256781502
-0.4010364332901166
-2.212025082872994
-0.6992792577435488
0.25737487909830814
-2.051881913698433
0.1688591514198275
0.772059321969273
-1.687194015450874
1.0575246901326718
1.0328912537109418
-0.5733654965358626
1.481415986705807
0.8424271572500098
0.26614900168507283
1.7752310909954068
1.1902644833637364
0.37502277195950534
1.8702795266222472
2.2396033129723465
0.6782940117209839
1.0388879160282793
2.0748799193509577
-0.1124955563116917
1.3535813150345917
1.7737349392083575
-0.4297362979915595
0.4737231684681086
1.0113640416405891
-0.2960399146300444
-0.5158328325713711
1.1000191628118652
0.09846541632530631
-1.282536106616526
0.6734131830791589
0.6920508241323542
-1.1276814881661348
0.007730502087911175
-0.0038188096014531566
-1.8483627409323287
-0.05076697609418677
-1.041951030680087
-1.9669245093329732
0.06076119145570844
-1.5817662776093246
-1.3412416862634253
0.5534914574728449
-2.084062838886902
-0.7199096117660847
1.257864075695809
-1.138712419354873
-0.8503855135480815
1.4081708378487845
-1.2235102691187048
-0.24307855224926697
0.5569632194431536
-0.6120053441743697
0.05675256153556086
-0.2348722948068961
0.10474723293499985
-0.6048043136511637
0.25634044166961123
-0.5914240805283538
-1.1734071977333302
0.16470222693364042
-0.7668573008882443
-0.8089501756112759
-0.6921663495182482
-0.6548625000977227
-0.957456665527462
-1.6969371745910073
0.08641536186554762
-0.9781485341269962
-2.071410895852912
-0.38511716318323974
-0.17760908881503346
-2.3376583013687724
-0.14332024018510175
0.7184960054401386
-1.9858977480139486
-0.6507740406112745
0.10198619877657236
-1.3759054693145516
-1.5572975199090613
-0.5723651964239492
-1.2579248006211745
-1.502320512153115
-1.4381287042424393
-1.7819106917558187
-0.6444313788828803
-1.803160573796558
-1.938386102199651
0.14977591533673246
-2.4400905140034803
-1.7000992905527914
0.8938629296802655
-2.138079980426397
-1.0091189771793465
0.8277953344778227
-1.6485104796669543
-1.8827749706739474
0.1982661096557324
-1.9459311249802467
-2.5985228921297385
-0.3657539244538504
-2.793714830140012
-2.4472013459878994
-0.7848323508535913
-2.682004277067352
-1.5124454704428676
-0.9588552745312094
-1.8589281841344276
-1.0516085991103987
-0.07810407646121588
-1.5410853547206085
-1.2161416376373468
0.11519236897974326
-0.746812384781572
-1.049186039954442
0.8532383381386819
-0.288257420686056
-0.3893078369458184
1.308703199950583
0.23586048292450665
0.36470566724361775
1.059263135328299
0.9334512568019457
1.1873578298423644
1.0214825268411538
0.16926386723098275
1.8065190131767142
0.43063123418971705
0.13938435350740594
1.0313168041377088
0.4221750706060349
0.4800658869387961
0.13309729317085733
0.11080617780942656
0.3870480020547397
-0.7787626835738991
0.2782739403575846
-0.08392269312527012
-1.6423632349855468
1.0311511128122557
-0.7006895056326796
-1.9851165987119557
1.848241095094966
-0.9135050361805113
-1.4965404926799564
1.791572543322907
-0.6703998046766605
-0.6130164960519829
2.197917347403571
0.07944445164070875
-0.8191836980488622
2.072179231020754
-0.004072127014955969
-1.7990314898848807
1.2388710365541158
0.3857312071076728
-2.1846001888490725
0.6063340247224502
0.9750187020745649
-1.3484159516264398
1.0391890220184619
0.6076126685182329
-0.4208089396173249
1.945062311834725
0.772060284463886
-0.08557188630335767
1.2016347184444427
1.1591662782475003
0.25669000303801986
0.14131034138956175
1.0609477358964527
0.549966682424381
0.34521470977832264
1.087011018515679
-0.599799450020959
0.30645886763855806
1.724991345550208
-1.4939779682306857
1.1791208649395952
1.6206782529437693
-1.0350237282899368
0.787488682172348
2.1585449698036605
-0.29107254910368746
-0.10703620818645158
2.856060150111995
-0.09639590616370138
-0.8649444785624999
2.3431980411555813
0.447980532928291
-0.7892217052070197
1.9099277340205505
-0.4697108294607341
-0.24179916037605978
2.522268036689196
-1.0037853558229175
0.8173409942200995
2.606419875392171
-1.090515494643671
1.6524274351207302
2.4557366292850564
-0.6590167030449664
2.024462160195109
1.9890062484904958
-1.4920038486304115
1.159176267597246
2.077538543936771
-1.9395040874447358
0.6865542237316272
1.282685873279872
-2.282005446978086
1.6825513301186772
1.2778958892203804
-2.1384124879986453
1.8097198670088206
0.7897704371450109
-1.3202430238592857
1.3225807025160798
-0.214602173998198
-1.1723834675026117
1.012753770605566
-1.040835213825371
-1.0919827340921298
1.5742219778615583
-1.7393532365437794
-0.4378217689625832
1.691004358488301
-0.8627217792717649
0.493512320172491
0.8867859800497668
-0.7694422061919456
0.839123920279549
1.1859986789018913
-1.6466965607607529
0.6180898349172567
0.9141374691966467
-2.3527692005938743
-0.06177235812940956
0.36343576964378005
-2.2979069622388453
0.7807688243182869
0.8188746657700199
-1.4367030142921153
1.5329649035114288
0.3740439956899458
-0.496388812017922
1.758227983278672
0.05992414973363237
0.34620568314226235
2.0155286747309478
-0.04226151037700126
1.0735690628476808
2.697047084247761
-0.583779610982019
1.85848267216892
2.464908841711743
-1.1644276478609672
1.491200345886909
1.8923424792441716
-0.9384539959358429
0.5407372916366633
2.1374585610992347
-1.3441530046081773
0.01622538196408147
1.4393542562404913
-0.6467960706890801
-0.46655059043539876
1.9295766863094415
-1.6157336971221556
-0.5975572307022545
2.1472231633693113
-0.9513515832914873
-0.760231803615933
2.9046224343568343
-0.3618484798067543
0.1407309021361483
2.888309477764802
0.5575283651278207
-0.15912435339456055
2.6448457314229077
-0.003924549677392073
-0.9703308426541775
2.5737734430923997
-0.3386445157156619
-1.3092444701916912
1.7293615056587035
-0.6913391476331564
-1.8186480597082455
0.9558886910381894
-1.558688203296443
-2.316153143452026
0.7824669670552752
-1.595309591369179
-1.81355099809003
1.62953493892217
