-1.8149581639460337
-3.3335420120567827
-1.9199275249257584
-1.1797211884682879
-3.4809133680353495
-1.1523295752349858
-1.5919994725097864
-3.3678763713698894
-0.199967376120638
-2.283225495702251
-2.868839793539985
-0.762458864612919
-2.43897379952109
-2.572091198140299
-1.7337432355330007
-2.4453602797092655
-1.5468327581001153
-1.9257617885104685
-1.8157625005967553
-0.7448015647652846
-1.8955437955712973
-1.209228686133502
0.17829084010858495
-1.722759138740083
-1.8618014103773943
-0.19804945309844038
-1.0708545103199916
-2.92689152478775
0.21854672912611983
-1.2744880606524964
-2.8972640371257956
1.1477675698861813
-1.6819502987894326
-2.761141717796232
1.8869348679471944
-1.0125066461414935
-2.4294845339056077
1.6383249805473086
-0.18173654967919275
-1.6855006807741857
1.9552900054230158
0.2752957929667583
-1.349548903655228
2.1141820518828847
-0.6245950327476009
-0.8873322378543123
1.2516824982292736
-1.0738378248822023
-0.17196929990189747
0.46729321384375727
-0.9757902193733164
0.4790043070081384
0.060720678821091605
-1.6877530839634345
-0.27861372426026226
-0.2645909299753224
-1.6270181138272273
-0.8956876853200723
-1.0123573843680398
-2.070285471251446
-0.975207643990357
-0.21031821644301765
-2.591359533445658
-1.7214741965179199
0.5329502892491813
-2.5448189873356957
-2.1336804966493603
1.3655214921272862
-2.2801306361621494
-1.4214812046619474
2.13689006398362
-1.8863141153713063
-0.5841521068088589
2.1725525430585484
-1.268652406834097
0.1325680168273186
2.050183746746737
-0.46938972363908493
0.7537952263668647
2.6136467401056582
-0.04943268017114455
0.815297342829638
2.207639691340861
-1.1680250086033608
1.4529758226072393
1.4371890482695782
-1.2580844687936412
1.6010217864464633
0.5125824238371613
-1.6264799024054912
0.7956656793642154
1.061049902535214
-1.8320418315046119
1.1505067381324332
1.9510931187300375
-2.0430918988853106
1.7867070847353752
2.411429439940177
-1.4144540638297811
1.5833269973913977
2.2668387625150883
-0.5629185025711257
1.835193112612707
1.1982496764760366
-0.009268844337032053
2.3807443531893773
2.135278844981462
-0.05467154669035879
2.2508331221438116
2.898475006114975
-0.6825688710068524
1.3145855828128454
3.1617438931924404
-0.887339779489304
0.24334419970820548
3.029120105723365
-0.9439016350801356
-0.7227993235247875
2.7879547009580032
-0.4044979989317779
-0.7246643845294016
1.8939736238337732
0.06545039671449697
-1.5663380511984528
1.3445169546487454
-0.29429131339151504
-1.8730840120208048
1.4533006272154039
-1.2267253425130318
-2.228983972166098
0.7965545996498445
-0.6354243118716911
-2.4865514646022624
-0.1726827024263759
-0.2611704035092534
-3.0109832097927702
-0.26849949505133586
0.5002076829410957
-3.6875106137855616
0.3393125119968023
-0.023353732601904716
-3.187138528334326
1.014174687550301
-0.6511759033073876
-2.7830323680375537
0.4972139575844175
-0.03716026923635954
-1.926733938424246
0.3695760831044584
0.19892489299599536
-1.1120078775480322
0.9428168721230228
0.6037133390034689
-0.32631195001357377
1.4757160726145133
0.9793307394974882
0.5874868467640257
1.454813373619299
1.5405693028942458
0.3645202653873693
1.87019978610453
2.4827469000780744
1.3378007758487358
1.7727230742434879
2.7581062354265398
1.006548143113567
2.32455554058959
1.9165549087509612
0.8327701404560546
2.760347027566203
0.9073993759264823
1.6151940727237193
3.368011117462613
1.0440636041127447
2.348248579545193
2.8678955285345
0.6275217829702107
3.2329803636507184
2.499497739206725
0.41386923669285286
2.7504511053058702
2.1865701295507836
1.2001297713936891
1.7107178079278864
2.3981191062702103
1.2296189684094403
1.3252378762101888
2.0963047686195377
0.5400223298930054
0.7811669793765832
1.4769740931636028
-0.4966513534925719
0.17106837241813325
1.616486219275531
-1.2363072386019107
-0.3427088824189476
0.7501123614367258
-2.029538333282799
0.0785354632728128
0.09902883402899672
-2.4738451810690667
0.802145710721788
-0.5792855989642846
-2.323986684276068
1.6987553496640098
-0.44217863068423086
-1.9468980465060641
2.315724992486348
-0.10649291675519554
-1.2533114966607972
3.03460140143691
-0.5817981720970465
-0.7361445955041456
2.897743426866295
-1.4681256290405957
-1.1501657490725252
2.086036788886366
-2.0237741064877093
-1.2303628233286386
1.1229170990055708
-2.274547416676566
-1.4527282813923788
1.0657493981646813
-1.2954392079259323
-1.65565351871704
0.27409834684036893
-1.6947926454997306
-1.033230739412614
0.15419791239013902
-1.19944129916284
-1.9438938433560744
-0.24433843226553797
-0.8231097043392767
-2.8135781934920865
-0.5047535104943747
-0.003027695077637847
-3.4274013852417187
-0.7587413522470711
0.8334093720668664
-2.841166762728973
-1.2061538387038773
1.0387142243515264
-2.012381990280501
-2.0506944370486737
0.7086786345609623
-1.749520472587764
-2.6673789374220007
0.6073504758850894
-2.459929543579443
-2.183081493341923
1.0512495752400672
-3.217620775041614
-1.4217535962265866
0.46022817395542714
-3.626968776188782
-1.8241021191704163
-0.4058284700939775
-3.169029191855115
-1.1585063390939812
-1.1095719358125324
-2.9751538982788444
-0.7835985829515191
-1.8897538753751408
-2.4781176324833476
-0.5597156210913817
-2.174985429942405
-1.533191671318014
-1.2257906688011724
-1.9581770825431526
-0.7157716884443602
-1.5344740974929272
-1.6680807000999172
-1.7713900071384607
-1.6617207389384316
-2.482789800200486
-2.3375004248148037
-0.9003184260584814
-3.0048187371087485
-1.9731229066060791
-0.2539766584173289
-3.0572904614600573
-1.2003037886693453
-0.9053836560682629
-2.7971820086765575
-0.5596613692585237
-1.6122752422492679
-2.5900328443016063
-1.4042931660652755
-2.1703058316021737
-1.908747007357722
-1.0362361957915294
-1.6158985297491733
-1.131411081791592
-1.0180032343855014
-0.5874855989021484
-1.1976544255196684
-0.9497259524627804
-0.6214397738336835
-0.6264573239749465
-0.15641417094449533
-0.9497375703965263
-0.09768308755668179
0.5789405166454757
-0.9158395382726823
0.33033331113296605
-0.4420856196716107
-0.2420391275321915
0.4187683189513836
0.3246149811777417
0.34143393502045466
0.037164628782413486
-0.42195033258678377
0.8418833925118773
0.6969100738618759
-0.7550401189445775
0.015194425486733722
1.1989937444339653
-0.44872528203963874
0.4662976386274463
1.7452995519647727
0.30761632633851554
1.2056652104032255
1.2128619578263269
0.7659678041984451
2.0916518066543666
1.3096658834836405
0.9181408357882245
2.648844946868844
1.3071291615332483
1.8349825639315784
3.4957755103342993
1.5232762548776912
1.355152815454065
3.792636467522488
0.5710187460708844
1.4701681743335941
3.78118040596637
0.9687214653963506
0.5818932282541752
3.0037466074975328
1.5249694876402893
0.5064700322290526
2.9236106919841482
0.8190950834488209
1.0872110764351663
2.611929876843604
0.7930166608710223
-0.04893868173382888
2.087855480917829
-0.07358200668745701
-0.2532294546421074
1.34710178976925
-0.2705397737452564
-0.9222722838373876
0.4630193160610042
-0.7488676953469365
-1.1425889752189213
0.1591370902550719
-1.2021074929811724
-0.39243599556957715
0.9605635556504105
-1.3180717467447756
-0.6810063537154175
1.421691559496209
-2.068292630829436
-0.5932760549725392
0.4777623592867859
-2.5653874628828177
-0.7159888723079958
-0.12924846955159702
-2.0740843408457827
-0.16819631914889105
-0.5836143323859048
-2.3768194463531196
0.5049213134996882
-0.07010312037206512
-1.575356928484784
0.5762239202691168
-0.6651321065632176
-0.8693230137666982
0.8954980637091199
-0.3754831099733504
-0.29121031727281854
1.320470169327123
0.22043232994137527
-0.45898476561678797
0.6145110699064533
0.8805560678054145
-1.1308285131976454
0.20769870758311332
1.777337143577735
-0.9480193201971969
-0.10124841489418435
2.0259510613500944
-1.078160787066124
-1.0955720067605115
2.417241366373474
-1.6739888798562064
-0.3942683431030858
2.769357433492797
-0.8684477302610822
0.1742899948415811
2.5982110949319352
-0.6495247666170926
1.2553760761542685
2.4987557502754094
0.3045027212963134
1.806483180511959
1.8187821018071602
0.8232658408603482
2.410229468731069
2.2784672606087475
1.6252443231522324
2.697830893471057
2.8679849042476473
2.292672499963965
2.190338381051413
2.3960294330355807
3.0337085041198892
1.6185690814090734
1.4362797035982566
3.246954700416678
2.0033249536471582
1.8647842268823995
2.418399122626939
2.3607998928166336
1.6257489509004381
1.6003205849094735
1.8998943412795606
1.385813689981163
0.6856201680590486
1.54848247378578
0.9021362616379377
-0.07104829818307498
1.1105689659176425
1.9189253064404137
0.5344929113265695
0.6748000352187815
2.5999406679745958
-0.06652386442727558
0.5839400857688519
3.4873615809187015
-0.1991078946926229
0.9116147075076501
3.42336418699748
-1.207975866012554
0.8836957261813585
2.5776971242698448
-1.7163879301314615
0.7772366384674483
1.5825313771732237
-1.8790330393166597
0.4317847958543412
1.2214075835121783
-2.5807257813645776
0.9632566270235138
2.124528942704749
-2.3551800205169338
1.3246153466410433
1.859236056986501
-1.3027327392164358
1.357993258790646
1.337351337348567
-2.0854545215329243
1.8257447646880243
0.9740337525916472
-1.746661874069267
0.8984929073455372
0.5204482624739872
-1.8485982262874143
0.1241589937613511
0.20227075946849982
-2.8320530636835293
0.21439665837345515
-0.6808850890984262
-3.313581594816557
0.30732044936912045
-1.5361523504561543
-3.1563513993523613
0.7687554145190356
-1.5981546041150927
-2.5470779597654674
1.555047536733029
-0.6692756215830715
-2.9527173670935425
1.277833965645748
0.1677386585530082
-2.407113220808442
1.1066335594294603
-0.5275139992105743
-1.8712702364632232
1.5489401983493851
-1.3827511248892568
-1.7871620008371945
0.9950060469474176
-1.5619147707459708
-2.391102222526019
0.11473829236572798
-2.2566202382189755
-2.175568241371624
0.8765368987455974
-2.5202574162787497
-2.125415554822447
-0.11359948295101399
-2.523145327794556
-1.2622090903666654
-0.42500752430116034
-2.8036691601706205
-1.375222746781133
0.5092899141442077
-1.8616441693665187
-1.4089471759839396
0.2954530573853928
-0.8737693158357495
-1.409549896292925
-0.07756079144488041
-1.486756927829112
-0.571202585989049
-0.06940985369962946
-2.0289139148209117
-0.5039588472583909
0.4514295852965382
-1.6768536424360074
0.46823988880349954
1.1032255078712276
-1.984461350325123
1.0474494210739
0.784249815572442
-3.037229403021915
0.4656041893710993
1.0979716143409202
-3.1291070184608354
1.526326150765968
0.8131025046669508
-2.3984939213805636
1.695889246938294
1.4488912075378968
-2.3525209355876617
0.7193550714425836
1.6860421236054164
-2.608450507850262
-0.22893988318846473
1.4878401863458912
-2.2143938390299027
-1.3901812123270398
1.2887088547636794
-2.366776323876854
-2.006970816766096
1.8458524204195599
-1.4718080836032907
-1.6288725592700453
1.906650561586778
-1.5460093964414865
-0.7116122223096141
2.361370817685873
-1.2970548880961201
-0.6447320122013915
1.4512599722342943
-0.6457530378269329
-0.9301346857329409
1.9071008714042708
0.16257727321153517
-0.9144313445118379
1.3061036921376445
0.325571984351084
-1.7673610084768407
2.004812851792183
0.21617323726880955
-0.7976482367568902
2.339070199337258
1.1309634799481274
-0.8435415171603206
1.8473137197393306
0.7214069682623985
0.08253917040755374
1.905995024958182
0.5369527047447765
0.1729681746335514
2.9310503989285777
1.2409964033749847
0.7830446961200678
3.252486837373765
0.7772679053855605
0.8790945687119719
2.299474989697879
-0.0933686920756375
0.40659178449061695
2.306730444666702
-0.32732692737297
1.5304560074798286
1.9440109053642054
0.015870599735824442
2.2886950209053545
1.4139825395072565
-0.053898804603528284
2.606866550780071
0.4569631412838834
-0.8099705702002535
2.3551428893475976
0.9304541963578148
-1.8411649479009562
2.5198708503267975
1.2728756285852905
-1.4082229118287348
1.5321324226539474
1.3361300967133518
-0.8249737570363803
0.8455812659846804
1.3778578956493461
0.2730211874078884
0.6040240327250698
1.1633144285782084
0.6937070028556912
0.5293952031320754
0.3201192775999931
1.2429331631034615
-0.07473153960938073
-0.015392371533512535
1.8789056836839437
-0.6901621509019147
0.7206277681949864
1.7601998916523982
-0.3411258245496148
1.559140393468479
1.477156893314969
-0.30367195048162227
2.507354121912663
