1.857588593058452
0.3299521662404148
-0.24895039912750935
1.5788487819097166
-0.246756495660484
-1.142525185985655
0.9373516765936727
0.34662004655470524
-0.7457218016289116
0.724274343751234
0.8618080195544965
0.06983720397766112
1.2326939790654954
0.11316662687626068
0.5734443625022982
1.3227867922414582
-0.7629353929432086
1.0585378477666008
0.7889325303908623
-0.1012518855737663
1.7167645409463694
-0.22122855966713462
0.15259892096120706
1.7466477471235908
-1.2175078463724667
-0.13637611841375466
1.4668494487995534
-1.2714858849972634
-0.5513735635296504
0.4605781970040327
-1.6457786884828662
0.06260337387512174
-0.4024597279743963
-1.9132189338431107
0.9641015323248858
0.008154271904172426
-1.0902455555636068
1.4148986936179797
0.44686946486131496
-1.313876468335931
0.5739681161226414
0.5510441153453736
-1.053473432624898
0.9095844903913585
-0.38552667950931735
-0.6430970182050461
0.09135933567342955
-0.18460625163346356
-0.2650045656454181
0.8625509572410937
0.17764603644530683
0.25439996879882604
1.5150653009240844
0.8071448000537269
-0.5427213941152402
0.953692268900758
1.221119704836162
-0.3125577774529099
0.05492561349463834
0.8167863048262025
0.36479132761774846
0.4431579140008739
1.0457977129815599
0.31082631801478094
-0.5268275266770507
0.9897497900142177
0.6869832764708376
-1.1001016603564764
0.23888303254774287
0.02219532772319338
-1.5147816049643532
-0.3109441320781813
-0.3058586127737827
-0.7343155529555008
0.24566536488391438
0.21389598481077465
-0.06528847894233064
0.06388869012175975
1.2259945115810036
-0.5373220034765217
-0.22036628142126716
1.0159139727408404
-1.3404346193887708
-0.6723151153060716
0.19481258238010898
-1.1817518913537135
-1.3560940062887643
-0.6386840470383911
-0.6626249352163294
-0.7511589213398924
-0.8756195013127345
0.15849625959242875
-1.0994952471186896
-0.3976865091715618
-0.4893588951371598
-1.698974708736506
0.6028638408581528
-0.28331260856013185
-1.5275364354763952
0.4634611534058608
-0.43905592845755603
-0.6145094757484364
0.006568344151658999
0.4364335010975341
-0.6383578209651295
-0.09713850996234105
0.42888602416284766
-1.7058664466028788
