2.098652971448362
1.2070562566848804
2.160041932265044
2.7283718005367645
1.3202299579268264
1.3711364699417738
2.942797359221648
0.6870023781153791
0.6143064058881833
2.4308686497794945
1.2578980978546985
-0.040098393981071526
2.5342662994436314
2.0110457890942066
0.5805262051226691
2.43504863129116
2.383457510318296
1.6650158948609661
1.6085745424774374
2.0450163190487913
2.273006944295914
1.4337219617711108
2.675378708318736
1.4946994174093495
1.0295856973972557
2.198208708070848
0.7392809476790906
1.375318418123836
1.4194011871019534
0.0042582058201814255
1.8493667729326522
1.392543330708217
-0.8625807297361113
1.3638544910574215
1.0302857062230524
-1.662161259424402
0.6712218108983576
1.027747220311556
-2.5086068785065123
0.16121165956003253
0.06574736109962262
-2.6882278109470814
0.1816831505889098
-0.7370860813193079
-2.1439789328815424
-0.6113629610750264
-0.4469036337809574
-2.7273166928590045
-1.6410601716755782
-0.5050994605833888
-2.6155322597032096
-1.124425643916652
-1.3329402703172704
-2.9673469456453665
-0.0924879811296997
-1.1885128035700625
-3.159321755869246
0.7881910294814787
-0.6930023131635993
-2.9444316010006264
1.2242452766560048
0.1588851267707299
-2.6466875993095456
0.5857024713143618
0.31430219728570163
-1.7868599545017578
1.6187679576423546
0.11146475124208913
-1.3421147939030966
2.188412275196207
0.4530479493715749
-0.6692480648394692
1.5502621738096312
0.2943780240901072
0.11607205224922906
1.6330858646256157
-0.6958052300642024
0.2964427363783368
1.0631049061830096
-0.26061231349809066
-0.6772480902222612
1.295561024243708
0.6362500723722012
-0.8095045313205081
0.6279642285287876
1.49602143897537
-0.8591140357547994
0.5762751312517801
1.6350929552453783
-1.752209666163592
0.09663940780568794
2.524200409674622
-1.8477614939015903
-0.8191376656595936
2.450852335276191
-1.4200471685312328
-0.5593512172025128
1.8947327589251861
-2.226267409033159
-0.11261896269216899
0.8863587498686247
-1.9976084573340835
-0.26312865286550574
0.4894332608903832
-1.0515725715837976
-0.20928644860759954
1.1025687987669943
-0.39006959266068714
-0.6817259407732046
2.025919698127929
-0.4307249721543318
-0.07566341515462575
2.5442894147287562
0.20305488522180126
0.0002793170807332702
2.5274734589458956
-0.8712236455736343
-0.266849372351032
1.678385642735621
-1.1065820488962959
-1.1960141778726971
1.0687753544816851
-1.666160763576372
-1.3630049414472496
0.18040541213258052
-1.9780905206828747
-0.3225160807639863
-0.014220391285484493
-1.9276863593525353
-1.1049039349782437
-0.8927306915795883
-1.8921282945316562
-1.8493380220229245
-1.1796064909139612
-1.2460165675693609
-2.0636315931192426
-0.526897343636745
-1.810365634364185
-2.5497828032143204
-0.8494099999172442
-2.5210138131334316
-1.8052519251575418
-1.3452779513566824
-2.171413435519737
-1.5806463007047453
-2.4094783103094692
-2.453146060350812
-0.6672852962543968
-2.5630964060856125
-2.0858367452609294
-0.6682698925848535
-1.5806660225274036
-2.135446696412824
-0.2719950702023748
-1.0882474223570253
-1.3665902002019146
0.37689636341204835
-0.37713286998182294
-1.3224745135933913
1.0481482820119934
-0.6917429292252745
-2.0241973967144835
1.2489281172924267
-1.4442595951801727
-2.4605691172212616
0.42973553917996
-1.843588712137713
-2.373613278675109
-0.11139261819851203
-2.04324278371456
-1.5185327974684095
-0.629359884553046
-1.7147451602704264
-0.8086381507569543
-1.2608960228542532
-2.0676969666739784
-1.677431955283711
-1.465341879952967
-2.963115016819654
-1.6507933221614124
-0.6013196446162028
-3.4866997360634504
-1.6387772042176725
-1.3696183384419316
-3.855843267463324
-1.1199300863263448
-1.4151220003326257
-3.0659788269418886
-0.48969426651479486
-1.6483754959424601
-2.175062417707296
-0.5799736822530912
-0.7991300210235066
-2.396834617101767
-0.072091860422776
-0.7070448501062355
-2.662034582044733
-1.0856564958990653
0.3043241039798521
-2.8314864624988467
-1.0272315126329679
0.8605300254918127
-2.457971452261644
-1.8382440811873082
0.8085091071369833
-1.3737830935549846
-1.590196757390964
1.7032361747649296
-1.7894835076859925
-1.654562636524943
1.548572536154647
-0.9608760974263336
-1.139245569658785
1.9635455857227941
-1.6841435013011152
-0.659491468483264
1.1792544876425008
-2.1772268687574865
-0.8246510642079766
0.25413294594576746
-1.908659171902829
-0.5365489809343812
-0.2501039515316362
-1.6045741468034371
0.21824997733751353
-0.6522188511252293
-0.7508748649295226
0.1895993672771492
0.12026936125383217
-0.9349716926497512
-0.436435032020465
1.0811237524519977
-1.3759913051140369
-0.4084602390582935
0.9542219141800294
-2.271348203696418
0.06776609385736554
1.437650274684815
-2.356775467988293
0.966146179439373
1.7097116000297279
-1.611614696570028
0.3236448084736962
0.7338633307230658
-1.349320531111115
0.5309421332047063
0.9851581237218041
-1.5730651131434827
1.4617706243329978
1.8722677245110149
-1.00140986169329
1.1383691746226352
2.245200733072939
-0.12770245054494309
0.7307594111953656
1.9452781615236368
0.9341466639989356
0.7592903991092154
1.6736609974582943
1.7073012777317276
1.3462657896439922
0.950610009617036
1.7349203103396955
1.6937277040676049
-0.026215704129904937
1.8011747328640126
2.1162060286037176
-0.5968237874700779
1.3841538135080849
2.7638557172549687
-0.511650997754309
0.5963572362391601
2.245417013968451
-0.3459515047704826
0.30946814664559236
1.4069331732937642
-0.10258415402308398
0.1416792612303568
0.4722876279335596
-0.07499216466584122
-0.5528422580350525
0.9493599911352307
0.8560863340660052
0.32281457714760814
0.7972767256530471
0.5376650312296598
-0.40492739956472307
0.37087570445395
0.5088593725228008
0.54126925499544
0.04077568242532162
0.01622588750698671
0.9187773169139086
0.8573364070396567
-0.21260489542495592
1.9637873778324972
0.9561563079642121
-0.6473573540417976
1.202323397096953
1.5404165555521399
0.3285039612752495
0.8006835721663974
1.88495521057644
1.145226512619332
1.1780824114663295
2.4135856805377505
0.23190829270847424
0.4345375730842895
2.6836215839588045
0.3412755633782847
1.5939016932054695
3.0013444595651992
0.6835283920814047
2.355125654573492
2.4919191797135123
0.4695280201949782
2.671571961304363
1.502623247410328
-0.39159709334519927
2.932415818227726
1.0528341085112591
-0.9834864991986785
2.35099334258483
0.6158057660988422
-1.6381628589874928
1.6822732073426716
0.008038979482226725
-1.0577773608881
1.18824032612729
-0.7170731275222612
-1.9594752830302355
1.181950135109471
-0.7000078526954947
-1.8877682871503267
0.732890614690191
-0.1023905708087986
-1.5979381381110358
-0.29139855425163863
0.23193398139716898
-1.1050218778582979
0.6143995301650536
0.6948879882515498
-0.5971733540645651
1.3664266247741215
0.42067874105754044
0.2805568209418099
1.6641895357055139
0.23495757416912325
1.054836644397828
1.1795471803193252
0.9258379129883549
1.316296146792397
1.0095101952291785
1.612762375974477
2.437069056539466
0.48253467978968667
1.5795142414535683
2.1473316217931866
0.19444190816920878
2.415420862016277
1.5289476991484265
-0.15649494964047309
1.5891273835580406
1.3679195937372843
-0.8387687332097427
2.0277957710454007
1.0530135195673824
-0.7433159310399806
1.0940359406137887
0.6552798003149395
0.0005744129020027917
1.833731337333313
1.2189218052888147
0.09397813033953228
2.5073296295817187
0.9052486188730664
0.7387656369273056
3.5393116771553856
-0.21694133336924004
0.8305809725860744
3.5373074001424274
-1.07825250176203
0.5268978285472604
3.1726709226314
-1.4959714727040188
0.00122290910892414
2.2988056114804563
-1.5055915766906434
0.732544172412719
1.5703012171220425
-2.119842917112151
0.34346504192129795
0.9160247332206701
-2.540319712809361
-0.013892323563441639
-0.04825693399614195
-2.595600428648888
0.2540678770364878
-1.055975985362845
-2.97369685834779
1.1492126176804405
-1.2004871129398176
-2.6505868926431613
2.1170751028036574
-0.6523378669620381
-1.5811015139353723
2.182850359236623
-0.8308937769079959
-2.1293377327911025
1.8368681314775857
-1.675476035821664
-2.840335842110008
1.3517704801802035
-2.1855345681583844
-2.100529805738494
0.8064929858878511
-1.7156260765001348
-1.5855746806312068
0.5079337750673206
-0.9971160737619732
-0.8258528004978825
0.29563834172083275
-0.43094202217770344
-0.9327144228849898
-0.3440578263748033
-0.9336972587861112
-1.9013787755877354
-0.502499000533324
-0.6160923206825337
-1.4334021387092772
-1.0679146375251471
-0.14936004683080498
-1.631633018858526
-1.0473575323101272
0.7586805996266192
-1.3497572537864013
-0.19957088938199274
1.2912070923621213
-0.6422685569492019
-0.5190681577752935
2.0494664615024285
-0.40663480815940745
-0.22614361509995984
2.9525821140717157
-0.2551269901562395
-1.2146907998326955
2.675324695938522
0.3177979314460195
-1.9353148286615558
2.1590218803888725
-0.6147712216851098
-1.8651984481113695
1.8798940706471556
-0.7195308146888668
-1.1885021386189984
1.1005109785370764
-0.7923257532771628
-2.2116419847209983
0.90805414986498
0.15656636449485747
-1.8224786291754715
1.2346935529912624
0.2231647075830565
-1.12984914098405
1.9172809926843837
0.4781234556201255
-0.5185761325162525
2.6832839805022433
0.3028926173589173
-0.12388956458398795
3.5902463716492985
-0.625315134237694
0.021558135538052994
3.8883703939127927
