-1.662214832103581
-0.6392815432775361
-2.1049907529264393
-1.5459099493578243
0.32876173940308095
-1.8470124324220445
-0.6662862991208564
0.751459136947868
-1.6843022798954603
-0.465527551459104
1.5718915200786863
-1.100226485099401
0.17809206092412283
1.3612426146286842
-0.4697827163766692
-0.06725763296229616
2.0037012584477303
0.3350423493583743
-0.42319630705548544
1.712566757939726
1.1808821819061919
-1.0230321682992964
2.085520372746833
0.4371889610850901
-1.376667735301707
1.9923847904354104
-0.5326117218921538
-1.3034534373632392
1.0306440536694248
-0.9494485905767285
-1.0605125319718494
0.00094772771347356
-1.0336624891651793
-0.47055628618159306
-0.7191725602741679
-0.4728894662312428
0.3364253763534494
-0.5148931612586676
-0.7397931461335278
-0.2514396529421048
-0.02027427854922327
-0.14190554883849033
-1.140927317846677
0.4302882224448609
-0.01118664954357019
-1.4924633272665746
0.2261296282285387
0.8608452425913402
-2.0897086578706077
-0.7025743826321621
0.3691021423282292
-2.114499537755692
0.2789667302444836
0.03623879370822444
-1.776243930295754
1.1920481402378988
-0.048121253748606194
-1.1257734287283618
1.1019472643461088
0.7295268323236563
-0.6623700446549251
0.5152081281985694
1.3393291195488937
0.23457768216420086
0.05714848456033148
1.8033909062123386
0.04603611265843388
-0.42418569993040056
2.6679161715962922
-0.7201778634614305
-0.17371465231170435
2.065799148817878
-0.7612393965568925
-0.37372505195943156
1.139042963255213
-0.8996434134980801
-1.135502401196575
1.7639651284332554
-0.3036149100720302
-1.7832237488624627
1.3049348740604516
0.11370497867605654
-1.1384618837147904
1.9593531775921733
0.4973582556408365
-0.6848970478546115
1.2452616030285444
1.4841270889347806
-0.8733313254316408
1.0760655942325397
0.9886147227729032
-0.6591143746745839
1.9690031635720358
0.8723367242112684
-1.538302328865705
1.4746481626036354
0.3835063259480715
-1.6992435860346622
0.5841038504897362
-0.4414257519907353
-1.6431186651340495
-0.04081118047700733
-1.0084924324652444
-1.3503733161895193
0.7338889401985178
-0.9662910712472669
-0.47773525846326004
0.19096898704952625
-0.27648065620573536
-0.8166311293771367
0.4010195590586534
0.08391235534119701
-0.014484260248591316
0.8810179656163889
0.329535343683838
1.0031410055578052
1.3853193712350182
1.269973660528751
0.9128382958661457
1.2577741880977986
1.0939980173405994
0.03660951164744062
0.8214208171059333
0.8798257441120916
-0.8944529167023955
0.2709998346717719
1.3786811033469912
-1.6867430361612183
0.5347315731935587
1.1833376163647078
-1.5382782299754874
-0.3984308153411089
1.8263319021392999
-0.9304681647421094
0.09004875699855419
1.487465288938049
-0.7573769985228598
-0.9562542577162224
1.0019676165969034
-1.4759986158605152
-1.409563492103947
0.23170802709390567
-1.4934503993303248
-0.7824315063226895
-0.10890527039483172
-0.9237696390034321
-1.4717870231212835
-1.2999656135377882
-0.8406173035286529
-1.224532573862249
-1.773660057691352
-0.48367649029373583
-0.5910561531990505
-2.2360707216963753
-0.9303214389851838
-1.3368131837295911
-1.7422858623257451
-1.7246127589260332
-1.037827825238384
-1.3515426682200604
-1.3171075409984903
-0.2102388780077023
-0.7390782230643964
-1.7591644144788288
-0.9942503652776689
-0.9526884496537279
-1.3453727644764124
-2.09819373143017
-0.7621344652256793
-0.2445922425242259
-1.9462694300532974
0.03327975269358314
0.03263455555794996
-1.4728860781942839
-0.33478647997764255
0.6642289994666649
-0.7977104932623531
0.2765122217308891
1.0566001468440893
-1.3824259608686422
0.8466744622390647
0.38241879313616395
-0.9362951158314214
1.2289611664082154
-0.06262554260242284
-0.11581494949327263
0.6370050736566435
0.588997026149336
-0.02915313454139317
1.4345692798719902
0.7372907420556363
0.22164231198471046
2.125964195234857
1.3039228234426257
0.72370508217139
2.368679836802508
0.4611460609948423
0.16436292370867334
1.7298507863643868
0.5819244460953553
-0.6547761262467573
2.293981989855498
-0.250966264620549
-0.5597914253596313
2.8052212553001223
0.6216517303790815
-0.7398808396717695
2.2536725166196976
1.366562042886564
-0.27417509625491837
1.3336215189157308
1.4316050358374794
-0.4615121996923018
0.7662155631952878
2.3266581726498474
-0.3447520405184314
1.4904576058713468
2.0269576108221576
0.35146655854350645
0.7461610051167532
1.3857718764015943
0.5708956555737668
-0.227814013210328
1.1129173296744967
0.5762191640416066
-0.6480062846141387
1.3671026422369819
-0.11355464732892631
