0.796402723437934
-0.03713469142411668
0.09319947416113843
0.12299800648184032
0.5846012997546635
-0.1663813108231623
-0.14540400507322243
-0.2999802560707542
-0.1117255598027204
0.6813674027519766
-0.9093868675310801
-0.38310354714253747
0.4716219460466243
-0.03746041323931548
-0.8630811428206202
-0.12435521080058504
-0.887373396725437
-1.026413667417769
-0.20876820758853226
-1.302998826615703
-0.06595779449388366
0.40116618022041056
-0.8129314475601358
0.5819078938279194
-0.5670384706235132
-0.7009412239371566
0.6631027161366763
0.035619303610531824
0.10325427343924404
0.7152290036482298
-0.7794564697413404
0.35171806429433045
0.20650763344874798
-0.6763179955510569
1.2436467335710701
-0.2537583083924969
0.23894461653324284
1.6181422609632137
-0.0475916429787325
-0.2467798197042845
1.0868444910811768
0.6580662526491923
