-1.496750933046753
-0.753605212315638
0.510427729832414
-0.6209910065450828
-1.174867092852641
0.7187989729261586
-0.682455357178604
-0.9609076491543022
-0.2368830760488696
-0.6827808137682855
-0.2839611356952557
0.5809707834209674
-0.05399161755965239
0.5196341452717932
0.9234415759659744
-0.6312173337972165
0.6772303441398887
0.03730401236793686
-0.9807778530075651
0.6794728897230662
-0.8646269221808282
-0.815913859141852
1.4644997505545598
-0.4264427249850547
-1.5404761964968419
0.8492028593408774
-0.1155500844453917
-1.2058043978154918
-0.03096110952746236
-0.3082207697595314
-0.9473310172063096
-0.5179957501886819
-1.119476806673907
-0.29044420721458064
0.17176861871517343
-1.5233117860243082
-0.020147818304694046
0.925660992109308
-0.6923304897525282
-0.05952672751618047
1.4509027134984447
0.1715563660758165
0.7493928863449318
0.9675317636811777
0.5046628221160392
0.8084029846620758
0.07662587095629356
0.8910231696774045
0.03846907145713462
-0.5894411168107618
1.159537512264443
0.025096596085191134
-0.6616513953529407
0.21264419100617965
1.2149823234621935
-0.24800141366451384
-0.012854132935533022
1.5994129604150598
0.42914168653035434
0.44326953312265605
1.602492204083966
1.358194890813232
0.0941482622379466
0.7369356183785294
1.4962061723252098
-0.38964602482594574
1.1478436477053833
0.5791342342696257
-0.4379365838977958
0.4282262622064445
0.17961689224149363
0.03956535600141363
-0.28372970222945965
-0.19741465717457954
-0.5030180414678788
0.02088813360025933
-1.0035682277285736
-0.8660389165227713
-0.04857067476024555
-1.6475084027873372
-0.1110130286922387
0.24758515837650433
-1.5570022331071836
0.827252691223624
0.9363125939874568
-0.9168192386196824
0.8306200099785686
0.8048690748236533
-1.2811191891910216
-0.3378736000049541
