-0.08650039455115936
2.8561884283072607
-1.091374352393074
-0.8445785748402268
2.8080204201676837
-0.4200611354395711
-0.6406945520424239
1.8836629369558209
-0.26693460530567686
0.040303300083206914
2.5223748124561998
-0.08576155630328983
0.8783529728695816
2.4200581531345233
-0.7095011912146798
1.525976736862769
1.7828220393457586
-0.2443749908699077
1.9117001469908788
1.3728298174569236
-1.0595382691270954
2.6274212081940775
0.9820149232847608
-1.6562024051516786
2.3102316677132078
0.47147127844050934
-0.8621558779031822
1.9503164673329767
-0.09104618633233852
-0.1782809082555523
1.9105925858269819
-0.5511197136488359
-1.088433019871708
1.9139212008036477
0.360985543710835
-1.8965178009488326
1.1672705083152917
1.0238793846987069
-1.6708948063452724
0.8592191335493148
1.3191345039175555
-0.7725009188945234
0.1885288690448246
1.5431670230531325
0.03608594024484225
-0.09294161352531893
1.8125295600112017
-0.9330537374226416
-0.9151447566087906
2.152856770011291
-1.2142661109935076
-0.4960417890412577
1.3545204816896168
-1.5901587237224504
-0.3477424371266208
0.8949835062341922
-0.7324203733017042
-0.3748817371273554
-0.12708364899883162
-0.42781543415832024
-0.35272968881326594
-0.8137234602410574
-0.012957349028213896
-0.06930353960812399
-0.5033532560884173
1.020988384346883
-0.8375288368948003
0.074617165265292
0.38983675607492657
-1.2672266965594148
-0.31887124310408843
1.3201732230064296
-0.5604964194140852
5324795946033776e-20
2.131709019679778
-0.003842986166798287
0.6089917442314887
2.7021121089739353
0.9430026979023524
0.7264449539452923
2.3386002797926815
1.3082740203636811
0.7859513753689817
1.4089614381149105
0.774907852771336
1.555155482893641
1.752374400975014
-0.12329214776895103
2.089763062144849
1.6924322385519848
-1.1468676812218253
2.0002623429143
1.3171644018915962
-1.721382808874981
1.5481976919792135
0.4384594424926759
-1.0596268962348023
0.7968984149526932
-0.06188042358466488
-1.2685601019051724
0.893650310724516
-1.0817768629360944
-1.4818187135100536
0.30504613696434557
-1.9618235579632124
-0.899953983833153
-0.34885291008606173
-2.530506105206339
-0.3079850663032768
-0.6490427798747523
-1.774249842264176
-0.693728357556662
-0.8203865687930704
-0.7884054154348437
-1.5607811387796544
-0.9675389128175491
-0.376216033260825
-1.8084111216732162
-0.24251065983355416
0.32028905203614155
-1.4888075945156074
0.5770201053404066
0.7920328132789443
-2.0011633910129802
0.6668422368681753
-0.09630574169453346
-1.2729211760788794
0.10199352789968388
-0.5312409420005018
-0.6400343409988631
0.06488049804092916
-1.2525347237839404
0.37541410576946865
0.5212021825833533
-1.410021280456439
0.5497649481976206
0.45903514292365294
-0.46147321469175023
1.5014399630145683
0.7205989907628465
-0.47278482981262504
1.1190328939061447
0.27217062580295304
-1.0459228224906783
1.143900688091827
-0.3609703356518444
-0.4323549119521392
0.5297092917047649
-0.38195006829958555
-1.3835758906180056
0.9281917236136585
0.11205454905237976
-2.0487227916815605
1.4151457858566365
0.7845706686277809
-2.6216884940934575
0.44615620574601766
0.9299602988697258
-2.361374299961996
-0.4066504683334207
0.5138117852515001
-2.2974351415266976
-1.1845985728152466
1.212471529573018
-2.43319782379263
-1.9372226983642817
1.1311901687820471
-1.7967573065865738
-2.3905175781844687
0.3293498282733271
-2.1433945265185503
-1.8610433167152227
-0.49524221592509443
-2.3241263843704423
-1.3999278802667077
-0.5157643310362449
-1.4601508165893922
-2.051701243367465
0.33789280434858343
-1.2209321334387386
-2.1038795287316723
1.3097158768762762
-0.8280874465953495
-1.6918629530141658
2.1354851327404734
-0.42785441151393055
-1.217159639066518
2.339173182356623
0.44897734972333714
-0.7892320717012521
1.3264749755148784
0.808907042360557
-0.4181596633434939
2.070406301888886
0.5486806681883363
0.019416082181594754
3.0432365093379046
1.0109942334141921
0.7842145518886189
2.6558582604074252
1.7418315162700948
0.750502667392645
2.1094666523647394
0.8415715993880302
1.533149242233521
1.7322437942721696
1.1091119810779433
0.9667918035657673
1.2691586545136526
0.46282714453884066
2.016534998688781
1.1214270220793485
0.49645145745715047
1.3357290123658887
0.19192868034574656
0.5423522821715203
0.46117670326174887
-0.35349847641576615
0.3116241854048917
-0.18241678012045634
0.6546016100478184
0.3707444120515954
-0.5308347217180552
0.4126069713094785
1.114688755731661
-1.369242245787608
0.5846927145222417
1.7744883457231238
-0.6706264844225897
1.3264217427285612
1.7558278127846072
0.12473346984079368
1.2391068845376179
1.0130495938562536
0.2581263948040779
0.7605085736341032
1.8131531425372562
0.3185403645797665
-0.10385010117682353
2.219783006650678
-0.16399654177254394
-0.9174937570354479
1.9094185106572277
0.2520471297190392
-1.681096729097114
1.597163021570801
0.632071404713699
-1.2698097026730133
2.3774102313238648
0.3873313915830834
-2.257683067712578
2.462389201540535
0.801386699365267
-2.676056268803914
1.5597629332854916
1.312866778407806
-1.7949286934083966
1.8732886889387874
1.5786489378496928
-0.9500076696231742
2.3304562125277055
1.3903315079464187
-0.040737291163172346
1.8814761862676146
0.5411069667422734
0.13185663200378894
1.1700911552893063
0.6763224520786348
-0.8893640555153818
1.446384098697852
1.715876606141058
-0.8254521585044974
1.3522290218529818
2.03890572018577
0.10334626333165264
1.1779710400312782
2.3575326011268722
-0.681614621919909
0.5890986022197429
1.8584354476725429
-1.081551987235374
-0.37032155420004564
1.226649311728695
-1.250792539306562
-1.021647319904105
0.27241436048535955
-1.056932134305182
-0.48608709319856447
0.07703146169751385
-1.438655353799667
-1.2985567459272624
-0.9022443069919803
-1.3811594044196351
-1.727621164014138
-1.677173788174228
-1.762926526871069
-0.9877577495906518
-1.1712920137723664
-2.62686003337605
-1.276102900847018
-0.35653271758436217
-2.2596705731477353
-1.7101464061199023
-0.6840388759658955
-1.95246565762763
-0.7754033838319963
-1.0400497745617132
-2.5901610321237145
-0.31026023947813114
-0.1307913949887184
-2.8666060676239873
0.09036542560836384
-0.25500491780021406
-2.7632215943561067
-0.8957825590991199
0.08450517316717027
-2.0485951577320756
-0.35601043227575074
0.7978141526354987
-2.570187977537622
0.2109926326210288
1.1448113721393198
-1.8692240406943803
0.9290185390301166
1.0902097052439998
-1.552132356643265
-0.045563954007555224
1.2189618801720996
-0.7665457091526304
0.4178239783396288
0.2998151220219368
-1.1058945901968684
0.6312632845436232
-0.03958249446105397
-2.0834686990080833
0.6500774711882403
-0.46111949920525674
-1.4227347562648316
1.2118953020812229
-1.2955664745400768
-1.0093532398807774
0.5969488809228634
-0.7516269673761145
-1.8128316013861223
0.09933160455570823
-0.8326242369017561
-2.382701280572927
0.9721553536324047
-0.05145619413635587
-2.9877719625526002
1.0886905415911514
-0.8851510749274196
-3.331457085030972
0.6184433753067226
-1.694863760212892
-2.730106956861656
0.5209208956772032
-1.6795870262404475
-1.8662356885437414
-0.012090974127609403
