-0.8685141800546818
0.8200462342979112
-0.6131609505135802
0.047466354333062184
1.241714008233768
-0.2762968812281279
0.03662054824915119
0.4680731501692437
-0.9306245304524932
-0.7105487982991993
-0.16920431202971548
-0.7200427207536385
-0.40019176816831403
0.3523633707682983
0.09108943018252658
0.07866360874728498
-0.09466973090203303
0.799217905643971
-0.8700250042070591
0.08465268288292864
0.881349705413889
-1.4933910262567138
-0.6478038574796506
0.6112243583767388
-1.2950720899431156
0.11630498561899562
-0.011164438205347344
-0.5926493648532839
-0.5778620987133468
0.20679099571176163
0.23752043358406646
-0.37251420267392754
-0.34556067631459747
0.9668960136519441
0.1301233264058524
-0.7536023413939177
0.6898319706404866
0.43995477087742135
0.1468393863050877
1.602249592395572
0.1666919198900302
0.01093405966629552
1.139325050654368
-0.6939305964887711
-0.19954895981850207
0.37019828892603535
-0.9685903330945357
0.3988544689018698
1.0616203706004188
-0.2953493177624729
0.7037011884780774
