-0.7227898348987992
-1.0016956356448274
-0.4973010899961603
-1.3700985717392657
-0.4662525202014353
0.1011683055072539
-0.40260934949304766
-0.7674094909515928
0.4354569027275754
-0.5911362371194073
-0.057264255609584674
-0.5611355703693393
-0.17422373637422636
-0.4952023619147144
-1.187470548318041
-0.35161210512883134
0.4993701748307493
-1.2337624595148393
-0.12077735176020124
0.8724821115807464
-0.35006786578727267
-0.06332163561734286
0.9837767760098672
0.6442110230347247
-0.6623773037848353
0.8047774162681505
1.39435864100569
-0.7824927030956974
0.33796373520130785
0.6632253621076871
0.31492206739335704
0.22429702917174596
0.251571444946523
0.062495836500039946
0.1463804772288229
1.158366140715964
0.5252770039901105
-0.611904882651063
0.6902600515337662
1.0269809594500876
-0.23915955863643806
-0.07508681493901678
0.857044865316393
-0.7084140976950022
-1.0382778654570706
0.21884947825099532
-0.7032323334146512
-0.31495605068077126
0.418808600266385
0.19982214892667996
-0.7287483493523016
0.8516884458849502
0.7339429288384488
-0.10891219605908084
0.9653715719593625
0.24772233866279014
0.7571009388947058
