3.239316765872937
-1.1736838338115072
1.2692656055238163
3.9466189416444832
-0.33400188701125805
1.2976049754131747
4.083213423346762
0.5266516663551549
1.6972453387792392
3.2805754713510034
0.8098224035395997
2.260699994406897
3.397615779855622
1.352012155360834
1.402722985837306
3.2460685106199563
0.336288328113894
1.2759144810830068
3.5153150771425423
-0.12693625177727974
2.108331369049412
2.824145767677056
-0.8427400456607015
2.44092325989728
1.8792427783940788
-0.7410242693414388
2.4033551740516716
2.278684165426929
-1.607889296764858
2.744088542994538
3.0465436555568837
-1.9900534461090016
2.0501077497572546
2.7290774454374818
-1.9967507335585206
1.0892938987902339
3.0966520391913455
-1.349621033546839
0.18678039593257656
2.995419693168451
-0.3825309219755572
0.5805358496587396
3.881639896853427
-0.8509931097603036
0.33537086143514766
3.573502980070809
0.03245437756156061
-0.09442035479127092
3.2513770965482163
1.0048948896825125
-0.06368249789995042
2.935661120289874
1.8748557810583817
0.2729899728411281
2.6122099061585833
1.9276490366561683
1.1649161875827994
1.439921785385819
2.2990924170814626
0.9397057779576032
1.9272211794786118
1.8258493298542344
1.9674918150053287
2.439786963593561
1.233090648520143
2.617828750328086
2.4326341750733174
0.3178452509719354
2.410711357471123
2.6129758634648863
-0.4379274704738537
1.5246997525113744
2.290424397548178
-0.9576207301854065
0.8816232699650289
1.6949905506813143
-1.8356243034073312
0.7859711955950966
0.6276681866471243
-1.8416271102165065
0.39042330021850186
0.3688582176623854
-2.6006273300697056
-0.009245294612037111
1.3613655357998262
-2.2966981882823494
-0.06302651654986288
2.1898550640455117
-1.6543817125649365
-0.2095828854565408
2.226241052481083
-1.0641137667542815
-1.0318521998788166
2.8400722447753908
-0.5572748020303715
-0.3170815668304156
2.5633589601782023
0.40303308256715253
-0.12919403095359205
1.5239178362773096
0.6717370892901275
0.5240385029215078
1.749633477865696
0.42608621117317363
1.375927297418343
0.7709055873860596
0.0006873999908795149
1.7299972817855767
-0.14057019930834383
0.3719172033209605
1.5792764836365227
0.3889560588466513
-0.0661150989535263
2.500712452354696
1.2918769370446013
-49065091057555856e-21
2.5526764947886518
1.8935983442645419
0.5943811067901298
3.1383996386945734
1.7132002077398691
0.881355841218578
2.2203849907008237
2.333911042927517
0.9645651137959936
1.756600031584127
2.5979767835732286
1.039975569492277
0.6612009560082504
2.0664298005752992
1.4540616619954778
0.10610985598642782
1.7394720094229663
1.1311530463058879
1.039674772179944
1.02759607982602
1.6216027848808097
1.5509383885265398
1.1757608562074426
2.5640513749166325
1.8124416837034734
1.048980536897728
3.0879451373182514
0.9939363884671091
1.4194374276517148
3.238050914659123
0.010486655516520258
1.3142637198471374
2.9125808161751983
-0.9491109901964989
0.9538396739212704
2.045557188586615
-1.1059810709706424
0.45751141167698195
2.8438492832658966
-1.4562289350305095
0.3269931667357295
1.984994785031198
-1.720218951702398
1.3891387126150478
1.8492652100297826
-1.8035437518853927
2.3049746749693547
1.711142884055616
-1.6071512833247241
2.608367245638316
1.128464282110477
-0.7845672293805926
2.532972940437074
0.19652558189699393
-1.040247172964669
1.7200423143259693
-0.27464046983903806
-0.43474194888222195
2.005699881187309
-0.2704283090867439
0.5004602339849876
1.6954423129729346
-0.7228720342372492
1.4381711549905407
2.382272021936109
-1.3213343970236688
1.6752413031499411
1.944516822456405
-2.294618948155596
1.5537373241478842
2.0343543679228664
-2.6905500758239627
0.6905437793973072
1.3668429706657728
-3.0779775908760265
1.5191610636295196
0.3432633734029485
-3.406384455385974
1.483709926674665
1.0324065014111712
-3.877678237935956
0.8419752185014058
1.7505267454120002
-3.561404797950947
0.11567576836006814
1.7424558814534812
-2.9623124247987653
-0.7562221661688718
1.221539427783483
-2.953939126950929
-1.635290426060694
1.0954518601416208
-2.337894734035892
-2.5091080642308117
0.90414946240578
-1.3802177566377352
-2.498375278144128
0.48641658412049327
-0.46941115454730364
-2.206414669111926
-0.540927945358129
-0.5814736146993775
-2.224597317572641
-1.1642634923465216
-0.8629236804211499
-1.366043611282748
-1.5208349299690596
-0.868760088277133
-0.319758808300342
-1.6753973680093714
-0.05515645838341566
-0.22335139901724924
-1.369688859980212
0.3023232421782825
0.4622467836600621
-0.3660941001139201
0.6311229283520033
0.6345317429654574
0.17558371924660152
0.8565459210934482
0.16210670129684715
1.0754085863657898
1.1796074285442888
-0.10716897785580808
0.5779527878415451
1.7919879516613995
-0.24807094131713275
-0.03560944012409613
1.1326956698320647
-0.8021853401460584
-0.49272605363385236
1.4621394113757769
-1.7458806529748132
-0.7753471881512557
1.9216372590108557
-2.523462316443176
-0.6345458372847039
2.6091295821595293
-3.262427896807716
-1.1090310946723188
2.9376602444364788
-2.5442185537027857
-1.4610199215288087
2.859441223255109
-1.3971357112859393
-1.514199688014218
3.7237452562428666
-1.9229614361899279
-2.306712958311848
3.337717465167866
-1.4340404987574455
-2.054198550027496
3.0760768297010217
-2.429073095544019
-1.6235165044114674
2.668849460411112
-3.2569312740866385
-1.1967497251921786
1.777058219394156
-3.492695177024484
-0.6286971475865686
1.009336519631248
-2.927328559385256
0.0414013022380801
0.9773470246914376
-2.417865980081637
0.22656412557764016
0.9092146062464674
-3.34357346531709
-0.569670134660338
1.079087024461129
-3.9766033502525717
-1.4631121708027002
0.7497286369495272
-3.5292101132256324
-1.1224653676980472
0.1937015952199814
-2.7582981388655576
-1.4892817354629022
-0.37208627089233537
-2.055500224188579
-1.1116025668491647
-1.1859045695909811
-2.2482941970764245
-0.7753548421800716
-1.6711736621196125
-3.096956105352737
-0.5840209215075878
-2.130442612090199
-2.0815250601596733
-0.25062883908429257
-2.059948576106056
-1.318083639680683
0.2225589423418458
-1.6357036174200257
-0.639105682648973
0.400813940264902
-0.6792503023676235
-1.314539006884931
-0.2789932436512329
-0.2000693339347784
-1.0820691512369653
-0.07613684338987434
0.7233608585673308
-0.743715882985518
-0.13004342578814357
0.005313879661682855
0.2831546263144429
0.24435147685863054
-0.542327258283458
0.9995736216976994
0.5829257982029654
-0.8893376508099885
1.9214735948475605
1.3604410568412668
-1.5506743021419898
2.0363619797478547
1.000604754951159
-2.1792722528676953
1.3251732306957162
0.9795456940492241
-2.8633774043705653
0.5473799549230748
0.8654406575823009
-3.34863004158501
-0.3191097573560875
0.7985598663378707
-2.413442453967686
-0.8716315081324265
0.25871771022482914
-2.532623092904853
-1.905158413261964
0.1852516485899766
-2.2711717208968585
-2.833870636279371
0.8628519310804047
-1.7234833972753552
-3.3195549863965255
0.8441827367110548
-0.6793549551497309
-3.150332019129277
0.8104399405734681
0.40122326506815037
-2.798816405277335
-0.1523590151477926
0.19927804396140736
-2.773415100089117
-0.7163644602912159
-0.7108056298324951
-3.0426150682608313
0.05236127494190128
-1.1763998316745683
-3.4670751519744147
0.01070422976155253
-1.1929253821652042
-2.441646550248037
-0.3248329996068774
-1.294034298477065
-1.6152159569969147
0.5927428404918967
-1.8036009962187998
-1.4800477381035138
1.475699492070989
-1.0789909214850353
-1.5658735298922932
1.7471367503021038
-0.2462291012367272
-1.505728419318122
1.8469362610610154
0.7708218729404824
-1.5759482088547185
1.5363054044427413
1.6155071999978174
-0.794436661589107
1.3522415167004092
2.3028003444293716
-0.23729590536650427
0.6533550148977066
2.8500360919070182
-0.3619175727860535
-0.15776414495697716
3.3481062915102013
-0.8299650449017433
-0.4788679776857476
3.487938404055673
-1.707160878400694
-1.0825560968683965
3.69303670350151
-0.9940462677709259
-1.1569999890072118
2.892191362336296
-0.4748128289030806
-1.3128117663562
1.869217895581711
-0.3152056546381621
-1.2124337434929489
1.5063731367963396
0.310114130905624
-0.8432473733450248
1.0968220577189367
1.3262524798046407
0.0026396656015968225
1.2016268702639346
1.2801058607472775
0.5175287922898493
0.8612581291804947
2.0258969693477336
0.8271158232022192
0.832925041830999
1.0385424816927626
1.1236426355299929
-0.2416785613665798
0.6198670894614824
1.510546471247806
-0.8408303073119237
0.18127995929939064
1.1619125152157506
-0.9376012869111937
-0.6574249137505529
0.31467552518520225
-0.41553972507423315
-0.5997967674882967
1.0079962541173852
-0.03806658367344985
-1.000917210266422
1.5102766884023606
0.5097165794012173
-0.5252375318899382
0.804168231795029
0.2964265223593818
-0.1665456546234087
0.8744577605573453
1.0561744625742768
-0.9383533212050577
1.0338164908504677
0.9232826918404026
-1.9918311494102763
0.8439127522473344
1.7734885537485943
-2.7503407996705826
0.08002304618265359
2.4738034371185442
-2.5566315130202613
-0.3978764490580905
2.283070500164587
-1.734482119325915
-1.3958473293822513
1.8374388852119243
-1.5047577939041292
-2.1597055758094306
1.4531460215323868
-0.9623471658486218
-1.7831959408381262
1.0250787656599654
-0.2812238929476332
-1.3755185851044343
1.0762534897667027
-1.197806195187135
-0.6941984329552409
1.5435559858632122
-0.8298161403212715
-0.4548084298142365
0.8597933983333741
-0.5235401544144448
-0.6044381944532706
0.008515775368321175
-0.41287872022048366
-0.35021080342114663
0.7340628152138681
-0.9311771980893997
0.27575710969020595
0.39246612206489323
-1.630049272995913
-0.5768667084841993
0.5258688654471814
-1.878891064368221
-1.1844463785654427
1.1332806147477754
-2.1636007564698283
-2.3642357802803606
1.4841218184197733
-1.8054686721474125
-2.9260767797135947
0.9211049056076943
-1.3538063201761825
-2.781255592999351
1.1903890003816353
-0.32409117998998843
-2.165403943420504
0.4289235902579045
-0.9190796183649528
-1.2135634127351427
0.027775586290361285
-1.1136012556852894
-1.9138341263017105
0.36872307125231796
-1.7511146519559428
-2.0727227368495202
1.0481087619255225
-2.864147423695789
-1.6768362017493446
2.1201784914545674
-2.454213534095277
-2.269069052594033
2.404035294318256
-1.6940416073176534
-2.0928122608561393
2.6216607033178114
-0.7957727684390213
-2.711476452613902
2.1110863526863133
-0.1089828607442273
-1.8421791229947628
2.6974091492860452
0.296824565374866
-0.9739885405600232
2.238528340287619
0.5012168684136082
-0.49517289036291817
1.748797637103303
-0.06254217068138279
-0.1883865889314612
2.3094724463364673
-0.9062247797548124
-0.37163593132711287
2.7846919334913642
0.06609459649448926
-1.1376650409927986
3.317385442369385
0.4783812805908227
-1.645532320932938
2.747179320889984
1.2052388138364858
-2.4818180951375726
2.108782463924222
1.0773258020088616
-2.112164629007286
1.429982372149772
0.3039922055307017
-1.462733416400443
1.7461909471233068
1.1596524475982835
-0.61190263850207
2.055758338157932
1.408015989941165
0.49683549628540735
2.3024111392234743
1.192662121443517
0.21549167349801926
1.819032522896821
2.098308200001917
-0.4033295884821459
1.0486376920228786
2.177822200680859
-0.5606459886699859
0.39564950938809007
2.9055512269840253
-0.6092541311064192
-0.39012905737666886
2.164744426262375
-0.7387674600124605
-0.8471727104285726
1.3577184889922576
-1.3902220604090145
-0.9911912913678693
1.1009714013353644
-2.1734986509891683
-0.3675792797377388
0.21482631343808864
-2.2194464122419952
0.4764971239751245
0.49630095469505797
-2.361012064875736
-0.1327122633468943
1.276646584075639
-3.1018692376991206
-0.3321676116765972
1.76093638933098
-3.0820493637540833
-0.9015493395983494
2.549857721029
-2.4925799896653738
-1.5285803900617083
3.1050265023063135
-1.5700842226305134
-1.218194767162171
3.344581702897158
-1.1979264327161026
-0.3247788040302793
2.920476785222063
-1.5149241634253048
-0.47100314325855935
2.0496181946706717
-0.8176943289746202
-1.3334861500247046
2.196390117282443
-0.24951459995256686
-2.2057976147816674
2.0116764922300914
0.2722468474552406
-2.6594837449273245
0.9645568036829656
-0.6244158970251695
-3.033184747632324
1.3221507918556001
-0.6454042309651238
-1.9147070517809859
0.9469147907887644
0.2080641235543652
-1.5797040400152165
1.331844047442245
0.9533704200577875
-1.1187741771319568
1.0312787291994672
0.5961742494510887
-0.8992835398090939
0.24333685173448244
-0.30121243619439014
-1.232337264962255
0.32410523010491915
-1.1798250989755825
-1.5690211638104528
0.37125542030519076
-1.1718323182262544
-1.7707664552822011
-0.7548907004553997
-2.003585432816158
-1.346297315676787
-1.0632537639584174
-2.377708283075443
-0.48965472366553603
-0.6625103879878063
-2.994476476264171
0.020524597284566605
-0.1595241408603759
-3.080553556515681
0.04428184673084476
0.7583509579713597
-2.7344941824550206
1.0404220105410646
1.0992588531508427
-1.9183012883312316
0.6790157706591441
1.3185415651381682
-1.035016187549714
-0.07422823286584827
1.3948616640886753
-0.9012992367617739
-0.6079600677293125
0.47991306059628097
-0.41044121268720485
-0.9772577642961406
-0.48830575595711856
-0.48599266651343115
-1.9297659308705488
-0.17204879686246352
-0.5635495243006229
-2.97403697266669
-0.6443247110022889
0.24212339339581676
-3.2761556302562194
-1.0902194929462732
-0.04025398425956164
-3.6311388459257508
-0.19287271870608974
-0.28793463704742056
-3.802956237566707
0.8551844461074871
-0.4612128840536835
-3.7852302805720353
1.864998735531104
0.06748531619638844
-3.0803451159274755
2.366444587181683
-0.8957984560663165
-2.949129036655629
2.2715591436305167
-1.777041272171567
-2.488708703365413
2.316928569661905
-2.4607216426220946
-1.9261916469624112
1.7574625516080005
-2.455961966557465
-0.9367914700182507
1.8041764378349927
-2.337312694054912
0.12031176468621896
2.1199339675444073
-1.3162071273223663
0.46172943636491887
2.3000778559925052
-1.8915475219354843
0.37231673203785615
3.1073548364271417
-2.1975885028151683
-0.6921136832730493
2.8665702502297163
-1.7935420869552
-1.491947525297396
2.44744739633149
-1.4039243971491295
-1.8531869167004145
1.5366669864819669
-1.4957874983381279
-2.6859981514626354
1.008121059120891
-0.730177828315226
-2.755310993352235
0.4213258912098443
-1.685842139792358
-2.3812808406224
0.0933275773993362
-2.2446629274811722
-1.4246379899083725
0.038075761637705666
-3.060232128237837
-0.7909477048724826
0.16202430441452265
-3.8307237646860144
-0.18306030994370182
0.18880644336709385
-3.5508942363775713
-0.7787963325351939
0.9594307346529102
-3.2100123279445474
-1.3283625221967732
1.6701132635677958
-3.344799161974064
-1.74983953561661
0.7497037662089965
-2.399203872391149
-2.075484107566043
0.7741145695245668
-2.735123666100649
-1.2323623429579034
0.9463087507798048
