0.9946978096816685
-0.3969321112902819
0.091750290624106
0.44504313798704503
0.12715548134929291
-0.5767343328275593
-0.27334065188631873
0.6093737513850148
-1.0971545748628497
-0.3610544349332299
0.4824190820345759
-0.11383295934950091
-0.9836694099585809
-0.2412825164439399
0.12342259023114478
-0.4586126459436411
-0.2978174937344099
-0.7374617081574958
0.005904804845316118
-0.43115072940626537
0.11700835023125628
-0.3601075500983767
0.13342213374974762
0.831988650296822
0.49437988570279173
0.40722882823239087
0.3872898494638935
0.4967590546033304
-0.39241642587612663
0.9737238443501793
