-0.16715396402602167
0.17146291086823404
-0.8656268725219142
0.6602245783902159
-0.1119890112721417
-0.4140439959053929
0.5235364466675142
0.8828779021305054
-0.28526318666597883
-0.13691461956778128
0.1543628232411909
0.031980364041608436
0.8686638252214729
0.2800300282981315
0.48055706477846877
0.19456432743160984
1.0763558731274678
0.7368664325411923
0.04669571299104909
0.029327598035045165
1.122252430381425
0.4251106811865473
-0.6183207332305799
0.4353052691033744
-0.5565057345046617
-0.5254210816210664
0.5388879107015784
-0.1545474096802952
-0.65626121392676
-0.3482027931740504
-0.9352386256690421
-0.10543370715409711
-0.28203538165012026
-0.7684352184406044
-0.576991388495931
-1.1506772416302062
