1.09338917483246
-0.5658266548312022
-0.08608467898739575
0.8330052249064392
-1.0392707524723335
-0.9117118851788042
0.08800193128238619
-0.5766396403446498
-1.3695011512530917
0.8218242140085834
-0.045301695054602596
-0.9481263894660356
-0.040370153092595146
0.45709600248007975
-0.6767046368193972
0.7911454613516118
0.3669719745829851
-0.07755972806977318
0.1791130030274096
-0.4776967621160967
-0.39306114049439606
0.3291797571534263
-1.0419406249006926
0.4117933950323069
0.6840017165493034
-0.19902936524819276
0.7726352377114366
-0.18710407281208769
0.17421017676283226
0.391194531265307
-0.9035364863682183
0.5682844425850992
-0.09699746456295763
-1.025260766342762
1.538577935750296
0.12115975757256255
-0.10506866441066161
1.1650441390667206
0.06364584180152467
-0.6756756687575861
0.9008029272333867
0.8125515481946203
-1.038603300010789
-0.004345790460783437
0.7211199716380683
-0.22593968725714703
-0.5025644280035214
1.0618185136521767
-0.6181016840598063
-0.7183718850293125
0.20382827796382808
