0.18876505416501735
-0.9587983762125101
-1.7634761747512802
-0.7714824617333385
-0.5626995244386296
-1.973763206893391
-0.6073152335100455
-1.4281321924118502
-1.4528479005363784
-0.06856149619816178
-0.7580768742924905
-0.835957820329568
0.6920056155348281
-1.4615517557460571
-0.6446903636396174
1.2518793940643462
-0.5966662448548472
-0.5567893302811905
1.8921726807866805
-0.042895429522109306
0.05053409130406888
2.3173777192546514
-0.6613970337643647
0.7474638150631691
1.4251227370844486
-0.7109982859159691
1.2754301106427433
1.4671403175352828
-0.9247839862192316
0.3411250649276897
1.0252734283089777
-0.019913991820710446
0.6769278478530121
0.461320655580769
0.5619603676198558
0.9012001019594856
0.8901770486011561
0.8511692366772619
0.1979112224821707
1.300091267662436
0.42971471176300263
-0.6428118363551699
0.7259136557484107
-0.23135342347488846
-1.3967048911907127
-0.21647179466917593
-0.1762846919343134
-1.3681234837285945
-0.9572761396848782
-0.6150004182665113
-1.115734275919354
-1.6980524916370754
-0.5073759712733246
-1.7958793280346916
-1.20888530709849
0.23821869522963546
-2.3221257562536315
-0.5818599876840876
0.8728158409737525
-1.7726087369647765
-0.024784890623015563
0.7777776325615209
-0.8190946990688636
0.19026958479801084
-0.03028327841505893
-0.3815400203926244
0.47640043627571677
-0.752690056817156
0.15627967921760347
0.4630542328531677
-0.6159446993137588
1.0968119908488319
-0.6181565288939609
-0.9118112287241356
0.9340999818694216
-0.23321386589912102
-0.20878388477217377
0.2866845357963525
0.01106522004194781
0.71456560627219
0.08018096206543876
0.37114517169156497
1.5094036286938937
-0.30827154254656347
0.5593371126439438
1.5068183139564248
0.6765602801422264
-0.3887578201997504
1.7068883496229317
0.34934532285860503
-0.17439206869614612
2.0979206609380934
1.2792156025492922
0.556906682085266
1.4771479980561535
1.653927134811625
1.1884971998131049
0.9247452817154808
1.1245216419739694
1.9327050505294208
0.8915133408900459
0.4264068133754428
1.8880660408433791
0.142328435561577
1.1010669716620596
1.020893989801016
0.08621151614682475
1.5931545225479729
0.25793320608945064
-0.3810359808838384
2.1038930452654854
-0.4181660077503463
-0.009760799352713458
1.4397448211757733
0.16572219394090715
0.6146133533126181
1.898882348980221
-0.30031233324358186
1.1077103848436751
1.1918038097921642
-1.0256038670707683
0.8922453509747861
0.4922758023800095
-1.604808469344108
0.41819179813389434
-0.16287522870920884
-2.1236779328623574
-0.18786610382679567
0.5083459628768181
-1.5738903357819591
-1.0662727380680581
0.5716771986957839
-1.7716311001673004
-0.5780572586880973
-0.30510430334368527
-1.3683164431811228
-1.5237794871798749
-0.7237472260396657
-0.39651428924229004
-1.802278836128095
-0.5276891071517392
-0.6850212448179404
-0.9388074228998936
-0.033348038759662024
-1.1030456447979116
-0.2600742539163103
0.4024913641372482
-0.6181185832176644
-0.06832742796930277
-0.49757348952305414
-1.2260515889267662
0.15904059376732638
-1.3903863756329462
-0.9548677688025018
1.0107005593921439
-0.7668189112084822
