0.6852920823018449
-0.6903236897047612
-0.010931693768243591
0.07552874254534134
-0.7149103193160108
-0.7971671058934126
-0.7290956427658377
-0.11588571553730967
-0.7465905879650535
-0.2867442433554341
-0.5149873333445996
0.15091882152564817
0.07624937098876827
-1.3927428296985043
0.36609342657662114
0.3563327724894122
-0.6201907162097201
0.9159069915032442
-0.20279748255947372
0.18451788023698001
0.897100205903038
0.6755709596839079
0.21135271213143958
0.44508752533217383
0.16837856813616814
0.253308949634805
-0.3837741320420402
-0.49807192654890925
0.9003683528625611
-0.6410048393853861
-0.7755446289147232
0.3790330826821822
0.12609121152528074
-0.0007186282850384656
0.9504119981744642
0.26347883034144903
0.45562005628397456
1.1700476280884877
-0.5852086536533234
