0.2952295160611632
1.7905990419725444
0.6399208951573198
-0.5432845994463523
1.4871441720658392
0.549007093117588
-0.41714556495181554
2.0082160087531657
1.192390137679504
0.01990158524799762
1.2082082951258089
1.2681250265874302
0.8557186615222284
0.4036192271161331
1.0945274404227847
-0.17411587522561375
0.20647634330143655
0.8129843793899076
0.06118733731486696
0.024546222312214178
-0.1426481359685237
0.8114127837191191
-0.28125659631554306
0.6042144261954933
-0.09266546939106493
-0.6965885617925709
0.4148650167169593
-0.1505806574751189
-1.8572223108844235
0.4063626169791743
-0.2275853860696408
-2.001209650220179
-0.5235380831801032
-0.7349750627747991
-1.3665379081380287
-0.1857224309257808
0.2319472208216107
-1.2597120719813835
-0.15334458890460684
0.6424659830052776
-1.2193355715592356
0.7421397400075378
0.5089639888420925
-1.3757176202627202
1.7579245888591375
1.1577919872426226
-0.7836527140618703
1.3300231705223617
1.5981048613642783
-0.02541053899119381
0.807573300271935
1.4578317434855879
0.05208715422741602
1.7546995933695964
0.6858959077170873
-0.4802458097414123
2.143069034430486
0.24544127843270272
-0.6183584058964249
1.2613958608450249
-0.7805286881082479
-0.4686489053668343
1.2558529823439488
-1.0121528596043625
0.1965790560917762
1.9173408660664115
-0.010421389243097757
0.16782157682301377
1.859037941013471
-0.2710532804582471
-0.8100795141881009
2.1233375927594227
-1.1242329626911938
-1.2749986342336528
1.7800154152023375
-0.8407747372165592
-1.401428525870221
0.923319858636828
-1.735150321141534
-1.6376926489620331
1.020456867561898
-1.764776124673243
-0.7050134187932161
1.3234887742098673
-1.512775395601554
0.14231240570207762
0.9897511312458841
-0.8509174730852107
0.8388602524667979
1.140878448943259
-1.357281953914729
0.7899693965627523
0.254908331034479
-0.9643199810307141
-0.05435174047240761
0.20077241692409126
-1.6097876554051818
-0.8309314338411806
0.35018083569808955
-1.9207382576202068
0.05763343686177166
0.0948628700275139
-2.136121919721767
0.9900552075026962
-0.27457382603188846
-1.3276434070960748
1.4472189205143213
-0.5799419577949995
-0.1606021686641847
1.8056980671342258
-0.5751706247958945
0.34353151510106616
1.1463142488249447
-0.6369391942865258
0.268411009954058
1.0053471046008082
0.21268545002319672
-0.5807147086985591
0.6698925061699271
-0.3565712351686652
-0.5013445555710905
-0.17596573318964742
-0.7407404329983255
0.25510064642420843
-0.47845301616594527
-1.048974123770217
-0.4547288455391546
-1.156283651203343
-0.9877647831385546
-1.1864667118255385
-0.8018245194004063
-1.531020094673647
-1.619945591103207
-0.5393102198778154
-0.5808265918663112
-1.4238989343874204
0.4853511148529968
-0.6770527204907735
-0.9228839080754133
0.17082772034051005
-1.584875622084748
-0.6923307403973097
1.1003945462815015
-1.3108930156233487
-0.029558602194736293
0.27426380188287647
-1.2306011696314711
-0.07884111247055048
-0.3023756028821542
-1.8802450146495984
0.4065526918794237
-1.2833294297692173
-1.6391372651515494
1.1077186198890496
-1.4133485963896255
-0.8344572648414765
1.247953840931581
-1.088550867562664
0.13126189242662253
2.2025275278057648
-1.4945291773070766
-0.08512115615690012
2.0402706532558597
-1.1077182906563332
0.8439266645405137
2.0759495793457803
-0.45406249131769166
-0.1527135298846079
1.1107827338595295
-0.49197120710311654
-0.5031517127869157
0.9596680562476119
0.539426401438441
-0.3564866015749482
0.9516746431758912
1.4001857119197294
-0.04535226707386816
1.4868042944368334
1.1572400912875616
-0.873290535816507
0.7462053560318973
1.879161303865398
-1.0705072485642289
-0.15631621096788306
1.9556598934116554
-1.4413009296141799
-0.36578099349912896
2.671083693469182
-0.7395587591348508
-0.39006054618984787
2.3819664838667434
0.2230445317075014
0.4076198233214082
2.4442243746786354
-0.25228345206674746
1.5220422273183032
2.3750513952841206
-0.534095057519394
1.9652236433815649
1.4636416522874212
-0.05122482833871985
1.2773718845336484
0.8037562921428365
0.4573597196047042
1.938631913094452
0.4882057286700977
-0.3110862831448463
1.4426917083912707
0.21046533259107628
-1.121951357890127
0.9009652720181942
-0.433010294501228
-1.7658812223494798
0.4603285877681785
-0.9363294413538815
-2.5448286852300877
-0.4795579791198667
-1.245029165245527
-2.145760173711262
-0.34446211263462007
-1.9869526899490955
-1.5271752050540026
-1.127206975197467
-1.8615057480791735
-0.8823164420807865
-1.6161893644598888
-1.8405614588737786
-0.0025812865523971557
