1.2477177360224017
-2.6851920539940104
0.699529996354949
0.4664126038679169
-3.2961464657662853
0.34784951514656703
-0.21683038839414767
-2.6388381065288953
-0.10376145651350986
-1.0204267128978195
-2.331029358326575
0.05559536315897333
-2.105737723690486
-1.9183543044200762
-0.44499258489642046
-2.312148058477553
-1.4800307067775171
-1.1308507001771038
-2.4620498487684133
-0.44686421447957886
-0.9553043018027471
-2.3127077606509667
-1.052826190633512
-0.20976245832109275
-2.557415926332543
-1.6420551660863183
0.6152599913994065
-1.653707158296164
-1.5525478029943263
0.6605137445233537
-2.0404547993566156
-2.6975923424039094
0.41848253737495017
-1.2875136727131404
-3.2908769865070036
0.17017350046497787
-0.430957646533393
-3.1986505534822163
0.7661148807044965
-0.5480024374797897
-2.173908686537475
0.8231118157717927
-1.281792471206292
-2.6830426552621605
1.0954433380103412
-1.0120009341109404
-2.577345551914896
2.0194285423693636
-0.37264361267861207
-2.3980825454919734
2.8692192708156683
-0.16424035098442194
-2.565467666114173
3.8394526523071506
0.5003170086993132
-2.120696084831043
3.2564262461839566
1.0367703733955842
-1.5174835039915093
2.73765201259136
-0.0883570440028342
-1.417509170469735
2.640310472275435
-0.43320979570996604
-1.8776443120593282
1.822695771464133
0.12737221098219345
-2.7224673732471616
1.3686634899785919
0.4251555184246624
-2.2858752493580625
2.333737378396052
1.189065150408099
-2.4231538625459876
1.5642695764298942
1.3569060885837336
-1.7278398916079758
0.8758025461099662
1.7593071689992972
-0.7159455799697844
1.332210543463102
1.1598874585135521
0.017543267721992863
1.5911147105256644
0.4538280513217802
0.8061619236094955
1.0696363107696807
0.09889183917628389
1.0086852015449979
2.059793986190111
0.601984723947984
0.13515729916639993
2.4062178551612616
0.6070124525461258
-0.750957889498279
2.190358336385072
0.7052086368209083
-1.3836213997623572
1.8148823618921912
0.4790192020813734
-1.7298224566644074
1.0386391036814966
0.8362934493945845
-2.0260776067802118
0.17699850156881405
0.35083348111134677
-2.3209172724199543
-0.7703146980100481
0.15270897346087892
-1.8947036209614136
-1.569169365351053
-0.7812587344232274
-1.1157204870813884
-1.3885656269737616
-0.719975458155629
-0.47571672327221626
-1.761366030844098
-1.639682600497936
-0.8557950786117201
-1.6715610024166538
-1.5024183344600224
-1.286124556865389
-0.7719793818649491
-1.5481248253180078
-0.4072603003992532
-0.21256679172817597
-0.782044319016709
0.02051782663261605
-0.07593350410228836
-0.6602699694631885
-0.8985290777278152
-0.15364067898051273
0.027739131275612627
-1.4338050671963483
0.18666200153793955
0.8033921141497423
-1.0060514981958406
0.2745342046381813
0.8532928968371385
-0.8051647463731539
1.1487429011244727
-0.09334664177531357
-1.1082043984112333
1.533908155259771
-0.8467453669151367
-1.1739238897620707
0.789621954976842
-0.05031960353265324
-0.5000102513951402
0.5172185480490578
0.34483573715917026
-0.39228274375724226
-0.2604569695458131
0.025779966061480843
-1.2437614513714113
-0.766223176535096
0.8400573853743268
-1.4904368172803768
-1.125465541774412
1.5527632159151765
-0.8863023011831033
-1.143890844151995
1.5230241940093547
-1.2568860949029685
-0.370793297023614
1.8295095119915747
-2.131920581232842
0.19588922449960816
1.451033287969013
-2.28924062909655
-0.6826907051077982
1.5999618347957134
-1.971592906662275
-1.6267235265697741
1.333984286941914
-1.8485560824558904
-2.5858466579431596
1.6165649871992755
-1.7161531998930861
-3.5862476072521927
1.193423934583361
-0.8935833465420877
-4.0418013357695415
0.43720032612605203
-0.4062441980548742
-3.4827429824256497
-0.43744272181717875
0.04301905143881276
-3.4718386549728617
-0.5074853881388356
-0.9184210301100791
-3.6103617701798725
-1.2264765568777676
-1.0226953049289151
-2.895506477862443
-1.4709375659519732
-1.5743430383182142
-2.1273159715992853
-1.0024944407531646
-2.265908205195364
-2.7168928320676278
-1.6652721830266397
-2.6966178132101097
-2.0686592695733443
-1.6456459004867097
-2.1909927397671076
-1.1542332864460665
-0.6706272015954421
-2.1532012477133264
-0.8412382978302047
-0.7542893033188259
-2.287507208289701
-1.7765583818701032
-0.08243588783567282
-2.326783346943383
-2.403265179104002
0.4501175382540661
-1.540026409753125
-2.68207676549107
-0.2461778735299215
-0.45542142560461363
-2.784017773362261
-1.11688637472388
0.020917714979936247
-2.766729169395315
-1.0632573419316496
0.9574836058842036
-2.720731956270216
-0.26664335814670875
0.38007995588143495
-2.483838194996988
0.8734370100872878
0.6503653176229801
-2.485608982715102
0.6655443030839503
-0.22244026764268135
-2.1407437984023314
0.7085383242091255
-0.5966610883623054
-1.2362397438927373
-0.5207084697595032
-0.4510063809620177
-1.0541973343382531
-1.2358389433166506
0.016495986958309873
-1.0677054270740445
-1.2708395764007356
0.755674421754594
-0.38357304354923805
-1.0562558413668077
0.7429913579680237
0.5146815267472185
-0.29958362117795023
0.7549592522936109
1.25022384245344
0.12393518049974135
0.4226355838511303
0.48399241818513566
0.22746968222182548
0.04248090902525488
1.534080250130969
-0.30355665065623877
-0.3471925497271445
2.264419908748557
-0.8233745752373763
-1.1885648676733027
2.0873585367806924
-1.0976863792871043
-1.8281577293917917
1.35857040023594
-2.1068080043911106
-2.236487614080367
1.246280610680864
-1.956597880137778
-2.844397111066362
2.0666794016276064
-2.4560029913615673
-2.3688412708192867
2.759981330808272
-1.8265728748930925
-1.8417755258153503
2.3317442814140596
-2.825174047425885
-1.867009050406802
1.9282092627579381
-3.350501020124055
-1.6713763918006932
1.1256769479736255
-3.2983081832402728
-1.188596269977536
0.18749064268855578
-3.031968867891062
-0.2490673692830257
-0.20291639753097118
-3.8086312048509887
0.3139830091829558
-0.3823674648287336
-3.3842770117545578
-0.22162089176913397
-1.1266676385768377
-3.0234501960268045
0.681090625282874
-0.8380589368975507
-3.084318335547606
0.6607457967120582
0.10542375550495287
-3.6237670444003633
0.39758174426247156
0.9334853687644591
-3.8407420150781175
-0.5347947518304594
1.3001377873993167
-3.0152070577546652
-0.9387415464389134
1.9545187731801927
-1.98521696398351
-0.6712359504958318
2.2239442504862024
-1.2639311395530073
-0.25772120421740174
2.5743959515678063
-1.0005088697764313
0.4356512963250845
2.070491729993871
-1.1864829885721135
-0.4106633878801631
1.4194637309724019
-2.123978679761553
-1.187375193202091
1.3887976188085271
-2.8056812751333564
-0.685526890806236
0.974620954598264
-3.2084654673889204
0.055151342914334545
1.7616395640771314
-3.014478106866597
0.7451507029491246
2.553424931528389
-2.2242312169540175
0.23684428512157835
3.281920728213829
-1.3702599752515252
-0.07282458532734831
3.670892680107021
-1.15284167674967
-1.2378665862918066
4.031707068344655
-0.34159234529325
-1.6049096651660715
3.5992997956351034
0.5044545927239451
-1.09539049927283
3.475374338201076
0.359760285955335
-1.75721636431914
4.262783999835008
0.06697489118228557
-2.5291363352839595
4.825416032127474
-0.6120521595878711
-1.8143123954799405
4.511464802410319
-1.0677169103018749
-2.2188026179588722
3.821513354239074
-1.5133221932917622
-2.5900027907553156
2.8862121636777123
-1.9651933305282878
-1.8512409034554091
3.4429734257509663
-1.1047363577382614
-1.4735583887484855
2.89240840179268
-0.5830133309038441
-0.7826904992702222
3.2283226255631283
-1.820056789287195
-0.9719742078856016
3.103275628752447
-2.5272148433590886
-1.2069332112641442
2.6721295965570966
-2.7282865409911428
-0.40956291810157197
2.5422836191055787
-2.4417328518434913
-0.06392643826062396
1.5209075234428462
-1.7421996868583618
-0.6566402517447509
0.7484427415349408
-2.3760073881831443
-0.052392734644586256
0.550717278408016
-2.69457643435147
0.6904516725548501
1.1800980840789708
-2.5220819331487436
1.6915202348075973
0.9545793736454843
-2.2353806152854605
2.1199098725540844
0.20496870237711198
-1.7869383969504289
1.660975134185041
-0.7156704085953892
-2.7127326734032335
1.475930143879953
-0.3795399515988847
-2.4267523264227764
1.4880808271553418
-1.3682656455532771
-2.255572022703409
2.4155850273687127
-1.1050799307546832
-3.208966174164272
2.033969067015141
-1.0352248803930446
-3.696155111870886
1.315673460541345
-0.495404457899348
-3.3496826796046566
1.5786945768943679
0.40885078333470115
-3.4889174201545017
1.3264374918460962
1.403532010474161
-2.5854514735358816
1.3243717335651946
1.9830782941874618
-2.21910682934614
1.1760346949407403
2.8520579519736566
-1.6558747549120967
1.2656625445326775
2.3334208510272
-1.3966495116416522
0.6037408816511323
2.964118750857681
-1.90656750452178
0.365581249450695
2.250520488845123
-1.7587653105371435
0.660428948094114
1.3969542860072968
-1.9891423589758364
0.9724023178437501
0.4639638962508045
-2.2391745028275536
0.2783670595518036
-0.4524217553805467
-2.199966984607136
0.4684335284589637
-1.3757433228914768
-1.7179381140343195
1.1711741439784578
-1.959323260294981
-0.7708176000668078
1.7099425318155632
-2.138817133865718
-1.25535275499855
2.2736408410713045
-1.2056092607263684
-1.2999604781796337
2.597560402358913
-0.2724268136378107
-1.0393403575579605
2.61104132974627
0.7412502829972757
-0.4870484919954867
2.3478753312617426
1.607293540414969
0.00886991246572596
1.9163355954982797
2.3443435012211973
0.42505541683729475
2.6688155888617575
1.7831557448755855
1.5063423049673315
2.7537192442120286
1.5303169766303686
2.3848659950995024
2.705368954170986
0.9810783959107288
2.444688900490668
1.9053065883289226
0.42066071569931673
2.5719039676138915
0.9220372165881923
0.4243811076777158
1.964032058430743
0.17939681389747797
0.8839451041904154
1.8777192668257856
-0.6930226517508623
0.38881987352111863
1.3559444158995444
-0.27379959122953207
-0.6161857787188307
1.2547026397884888
0.6674560305379538
-0.3928368768997586
0.3406738497404207
0.6134529188591421
-0.47828794211007214
-0.6390423084297159
0.5093389059489154
-0.8415703828673972
-0.9073771204487943
0.5221000222330671
-1.8184666963446572
-1.0256823970504254
1.2765122407778702
-1.0937814640209929
-0.5513225939732547
1.2036059176787433
-0.2514193368628075
-0.4532743496926635
1.9699899266435235
-0.8546725784530685
0.23128033880414456
2.7185211524255473
-0.7690791733198042
1.0171042338085263
3.3077325796460904
-0.8842629298846368
1.896402225815664
2.904474256268297
-1.1353763754460382
2.05786821526913
1.9705390473038982
-1.5163028257103013
1.5710657217050983
1.2523068293460693
-2.0319117703104803
2.4844219032285633
0.6119286141757585
-1.6922341918501265
3.129104282996399
-0.11970786136690122
-1.8459913718449041
2.983949208545433
-0.8995771917453798
-1.1328938578088992
3.0368649268026076
-0.6410570355283304
-0.2917006826409779
2.587206053184689
-0.5180780190981547
0.7860444525557709
2.8581533352921507
0.1629221067561326
1.4068653295387117
2.511382677756696
1.1554212676385955
1.4838684075845523
2.0107967130585096
1.9035659759467805
1.2620063868474511
1.1260392307450717
1.8500341846645054
1.856154153461265
0.13087924900708114
1.5867748697208914
1.4341685255692989
0.17797510361941649
2.314698619835182
0.9577554816657626
0.3235657463403604
1.3594116658277475
0.30396822938304513
-0.6531006110158041
1.491479582464295
0.9725358793693171
-0.5725725256353995
1.413817113139632
1.7531490812964101
-1.5313212243142398
1.677402947240258
1.1542635006248616
-1.1461626132597476
1.6147397880568672
0.29002777070459884
-0.5067615522752129
2.2000729206932985
-0.024143384579961687
0.07754523064506935
3.0870081160421563
0.14971460572403844
0.9283013653722234
2.7300092122492794
0.7375696522553775
0.955969298939194
1.8077252464847595
0.8255973870868297
1.549302646257443
1.0921655676966213
1.533550557368553
2.0109988590114796
1.6017448199872713
2.140931909425436
2.7876569502108755
2.0781938948025687
1.688123098190771
3.2559893007938756
1.6505403050868659
0.90941547855523
3.3302508943003284
1.7385509104088281
-0.08905142115347923
2.859155472038686
1.6280217289069732
-1.054167475169731
2.248629720154818
2.2441436990632293
-0.5896857171341243
1.337263501561802
1.790018396772653
-0.23811381028953083
0.7735513454096767
2.3312903366223363
0.00661160622599772
1.5217617376228663
2.7245710321510175
-0.2888577579652695
1.0642879309807747
2.3007868171678845
-0.8921192761489037
1.2843834382183221
1.2965318025859192
-1.0484668020065007
1.0257348833557562
0.3142515227249171
-1.1130116539911201
0.07156971710431595
0.15698810183204998
-1.7368665371681338
0.07465125343297668
-0.790057416542004
-1.721095188699212
-0.6377504344391144
-1.5268572208586497
-2.3233190655051197
-0.3285777761932643
-1.859883324062244
-3.240661818056122
0.4294570140251908
-1.3709549367825817
-3.632765423052893
1.1224611908457502
-1.0856693103918973
-3.1123466135328215
2.107975338189415
-1.2510001607693233
-2.846662343726965
2.441915565376238
-0.38438687569915425
-2.51250539210243
2.2097382049135463
-0.4760532371738408
-1.6450710805284514
3.0386448736463976
0.010350672543435413
-0.9114463504731815
3.7454570903241167
0.07859128003954723
-0.5024413909311563
3.9936574459223357
-0.5663359632294243
0.2215075749492431
3.3095955113527924
-1.3406235228159873
0.5920949231095052
2.3818609459994455
-1.4725754743846575
1.1367123332016118
1.7214193460875788
-1.6714874607942118
1.901886668947413
2.015880216676257
-2.3888818305887263
1.1772210271970498
2.641923481666596
-2.0297568735731053
1.9084508885578313
2.3979480175133046
-1.264552715032802
2.493227491301902
2.767830242091594
-0.7616261662801672
1.6858926850158629
3.587870785668824
-0.4358224826282644
1.1862499172123997
3.1795342421707398
0.2484554359901205
0.3211977715482489
2.1033846178862725
0.22183299791509628
0.07387384420420481
1.0998368369129699
0.19314100964561984
0.43258020598938896
1.6241210689102215
1.0926339769389262
0.5464713808120846
2.1729783396335534
1.1472790572014713
-0.44935630825428624
3.085712123610162
0.7647566991850133
-0.406124026270568
3.324835456496467
0.7807175522764719
-1.4850286714679963
3.0458418968898195
0.628830337204131
-2.4538220196730007
2.7437076412233354
0.2140799427338175
-3.334341237459696
2.3608435600441213
1.1527417139977296
-3.389368452284905
1.337953439145255
1.0834122363949865
-3.181513626924188
0.8664968131866235
1.6188340117509803
-2.5701860162322863
0.5708263652798019
1.2649491835179256
-1.6225758455100485
0.5518703421715643
1.5166573036056492
-0.7619624244420345
0.17084463009830061
2.0381689888502503
-1.6210319382896805
-0.12136805589674289
2.2482140078544672
-2.5008373543000744
0.9430382979893188
2.6558159124326184
-2.6106287466532008
0.645329994503381
2.91675503448025
-1.7128243720712304
1.152071142726085
1.913727528713304
-1.8529341561313437
1.768885767373562
2.7603010955709375
-2.2041508393338605
1.6631103125689666
2.868486721708995
-3.16070273089079
1.015602974538243
2.141266460741813
-3.4302863347536214
1.6010589384373644
2.039727984614268
-2.7125856109927273
2.457482825106882
1.4041561571175505
-2.4148527653798246
2.059955181171152
0.518499684765352
-2.758184227656982
1.4339653181762753
0.1372270291865948
-1.9084051587071662
1.8565439266176185
0.44870216368371046
-0.9620981392010329
2.171572916567844
-0.7409329669570303
-0.47034776256595473
2.2998276542284923
-1.385460270093866
0.009583120416478078
2.3082768351824003
-1.605387010851384
-0.8308914394826857
2.366863353844699
-1.2886714913072173
-1.9010541750557937
1.620783427596689
-0.767781649877148
-2.137963489166844
1.2953747283889037
0.03134248671908063
-3.033722416707937
0.5018825698115097
0.5636005209277403
-3.3365336286035467
-0.2617339724316007
1.3898394394406806
-2.9198112010189625
-0.8897201885307693
2.086509671063966
-2.9810516929937796
-1.7939964630296306
1.6298450365021089
-2.834653747828988
-1.9138779827926562
2.140248187173379
-2.0098780895599466
-0.9425667491941725
2.681047750159261
-2.177588669083496
-0.3074100645098432
3.1882620675688425
-1.4854416967735522
0.1347456876652777
3.670221171866746
-0.6373947708795819
0.8562300221417313
3.6377180600476637
0.017720852884503344
1.863985268627633
3.4437661434075264
0.6151054980595683
