1.0290060168408677
0.3820628776492758
-0.2078031762976994
0.3659314938371466
0.6517444923831839
-0.9560269214867846
-0.5767033225564077
0.5523204380509836
-0.5506918162408415
0.1988937813027759
0.9167504785532717
-0.021090911862961567
0.12373325071040735
-0.08554687437215074
-0.2816597485593087
0.8650110046316719
-0.552435810175167
0.17014243009079857
0.49855651300877585
0.22996292334561286
0.6459751863425096
-0.46921743167976065
0.32602559199653697
0.4227494639027038
-0.08755164672013563
-0.5784260092476993
0.5212596701372675
-1.0375667922609633
-0.4106195657713903
0.7854849669802212
-0.7998720136274221
-0.37072652966170216
-0.18211905950133767
-0.11022085348694226
-1.0611120127507603
-0.3462200835045574
