0.5108025835850106
0.27742187861441686
-0.9067394562084037
0.6022281007621951
0.4308768553265456
0.06807678267867863
0.04945223972553927
1.0562762098490008
-0.4655955460943794
-0.284531115537529
0.13422911783387262
-0.32350499860512105
-0.9340564113410565
-0.00785887332914352
0.4062614797782816
-0.26854775246976814
0.7550440402971825
0.4493006946597478
0.026183257571280646
-0.19347841658924286
0.5823697806751443
0.30213100140847254
-1.1494210087956098
0.4870492808827194
-0.47347396736871983
-0.7949986741921052
-0.03278221947127547
0.4698120636645751
-0.5080911290149129
-0.26443579829538705
