-1.2507582348058073
0.991223235697269
-2.7793754727720255
-1.3763036357189904
1.3788779445579067
-1.901898356738888
-0.4483051977198033
1.7492423502014718
-1.9070682169168747
0.5306985459877072
2.0610941807303482
-1.81296245187288
1.5227841583074788
1.752578303238856
-1.7928956793025803
1.9328593392075961
1.3142033612146589
-0.8257103680948428
1.624534144962847
0.5267914614729586
-0.5117326979610517
2.5121433335300694
0.02698494516388985
-0.34216588475477405
2.366287142981349
1.173372374761385
-0.06471343420796237
2.0778478451480407
2.095435038066808
-0.2672566370703764
2.795173059139363
1.7459494271454716
-0.7342315229971469
3.3072106832323693
1.447400652339915
0.06945744903758977
2.767436512189128
2.177120000157347
0.46360556444392403
2.0420729883635813
2.8219329776472244
0.48171863767244166
1.1262962242098455
2.5301661028461715
0.8508744900140122
0.7166691520380526
1.6318580374912832
1.265331100074031
-0.14991976832519655
1.8575514514028562
1.234800952412577
0.36939364108022305
2.131140703792005
0.5615211734758853
1.0121811056900292
2.2808117874979703
-0.12403090842628073
1.0031578539985269
1.8762960666635666
-0.8601767731637762
0.006952248452328336
1.6266073200920037
-1.0669213584552568
-0.6396499505018971
1.009920685928487
-1.2719684388399135
-0.7975009334384774
0.13934620447004295
-0.7457866735518187
-0.7887892012724078
-0.35084094763170803
0.1576826145949486
-0.0704146476655988
0.010832719996816712
0.27214945884749386
0.10395555457240234
1.198527054978292
0.594173023961382
-0.6541232672056159
1.678519525884955
0.5325720945467182
-0.7853266707050492
1.530821403328917
-0.44714778645585834
-1.5918610216787124
1.0639140116328365
-0.7746842019006535
-2.2451015456626093
1.0574815148618206
-0.16950078154751044
-1.656361890139948
1.8917941579026452
-0.06021894814797327
-1.0473810593803845
2.6207412334419202
0.17834503987003564
-0.1835611796624575
2.3189878028449615
-0.3567311940427319
0.5060867319597131
1.4297741236612103
-0.1877576506765738
0.9717274568993662
0.5287151452568276
0.11166860341393442
1.3999214720285282
1.300920161802058
-0.052401845936838
1.9053568881406524
1.866468727098954
0.8323226864140956
1.3647641827429335
2.2259798367505033
1.6989080888408248
0.37073396226929883
2.6124176987024943
1.4334445304142214
-0.6532949684772572
2.676589677860894
1.1636945676676624
-1.503882381316935
2.053619860658946
0.9205535844686233
-2.3599955772182932
1.4519146589706495
0.9353429858933033
-2.2497677652737855
0.3306552661176215
0.7473729915272582
-2.4476175432352223
0.06597476641429256
-0.27730823322703757
-2.2735990605052936
-0.8728052400378098
-0.027288822856114878
-2.266915855407899
-1.3607957567233981
0.8134566921216588
-1.9607908836459178
-0.7831923111154268
1.596364061440562
-1.3857025558124545
0.03249838253477463
1.7680292778095803
-0.3107871578536768
-0.27762925766839375
1.8609864103480023
0.5475021072268614
-0.3801264860412572
1.5964143204848342
1.4604719137992208
0.041164817782010976
1.1131938181097976
2.0231890958455154
0.23467575270624338
0.76658032065577
1.3762342422867695
-0.2486754654395137
0.2748278528563221
1.959781199574661
-0.7335983261609709
0.891902379945738
2.197752298172577
-0.2441654287596415
1.7478813792730556
1.315320055631847
-0.02977334551779863
2.2569753254009313
0.3404158869885895
0.1649167258422135
2.348042955603267
0.10664409648998627
1.1138247292090413
2.022330992050358
-0.7014347048579507
0.9112240737187804
1.0951848385601537
-0.7502330001330865
0.8126618047709888
0.26486294340802513
-1.3654401073818827
1.2419760717863633
0.6605148587356057
-1.5823773408972281
1.20110838565636
1.489914197083624
-0.9467659721843189
1.6010252690636626
2.030337431960477
-0.7329934888807672
0.5638522489289998
2.2656342060964207
-0.9934107230061704
-0.24434984514923144
2.7180386933520344
-1.108600551964331
-0.9822787157070477
1.9036006043309492
-1.6588037944393683
-1.7385649701832568
1.7330113919803285
-0.7965143067502841
-2.1273035710677797
1.3644257829555357
-0.334697039434948
-3.1356578586306876
1.4423626026157728
0.5164647938229043
-3.2822880871794533
0.8770920351268775
0.6282122822310485
-2.735971208514371
0.02769030908212407
1.2237493297027189
-2.590793296815019
0.8074534783716463
1.305204359622454
-2.220715248775711
1.7414986750406938
0.7411773744473373
-1.4852233006097009
1.305829138594125
1.5095200529855386
-0.9658671745891866
1.7586694426742357
1.6870560030939168
-1.6587709296139832
0.9421347669687605
0.7788009758880383
-1.675118373366801
0.2876377281324567
-0.06039268010510256
-1.283216216661766
0.032651189153458826
-0.33469314036422354
-0.7687352306251753
0.9652841051399315
0.4618406780569476
-0.7698953215032236
0.5669134093019152
0.0735872669393138
-1.5350591723156553
0.8821273862252414
-0.00393098279864052
-2.0916718656461732
-0.31681293984835357
0.18194059931427817
-1.3332603080032386
-0.934560949562618
0.7741522404900483
-2.0274709964673567
-0.6907517834392256
1.574310625557334
-2.2552971927140026
-0.1394474183964708
1.6597182293650692
-1.2576791798595834
0.04777355603115614
0.8231653324067172
-0.9666190981575339
-0.24521874040279978
0.022765196575273372
-0.33484938137581866
-0.6433627937374914
0.06639808640680117
0.3048304297712072
-1.3350465284289206
0.11773913482959916
0.6010035491330984
-0.4994589743889327
0.817804364188656
0.04641820654627608
-0.7154532605062714
1.1734789462610478
-0.8910723456367906
-1.341595810120571
0.7146048009074505
-1.7278342571649485
-1.6392606788157404
-0.07815702756068689
-2.198192584043209
-1.2419810692647244
-1.0213568932396249
-1.8297492587751916
-0.6971525606713656
-1.2702271881845861
-1.190058802814801
-0.06880918641395234
-1.7062810976647356
-0.4407136697894153
0.5970106306317625
-1.1972980962532522
-1.3955247425786477
1.1290755386139786
-0.38264946505701275
-1.3919740088397101
1.6000557532815223
0.2556469510826503
-0.8464842630650936
2.376610879152277
0.4882904292333523
-1.87727398069219
2.161653275125537
0.44114941696237003
-2.382871018068737
1.363175532964743
-0.2024520753632892
-2.741102648695063
0.5951697647186368
-0.9992711534038713
-1.8938751211494294
0.40131936989383843
-1.1373682351042154
-2.9233806435585934
0.7192565072779675
-1.7198865684612943
-2.173478993404329
0.8019465320188341
-1.420894021173167
-2.5677760052092187
-0.10338468547917105
-1.9114583752268475
-2.2744510956981387
-0.9295965923188062
-2.0965138701912163
-1.7836399302058525
-0.04098847723526338
-1.738576743504828
-1.4648044807380198
-0.7429658539956611
-1.6054969400635828
-0.14874159327479392
-0.7545586487488537
-1.319577486063594
0.12931074411115853
-0.06663041111990253
-1.0083903201152231
0.14992230698606984
0.8150717588273764
-0.09934791722731941
0.2608301988391674
1.2584201965439004
0.7605059334225083
0.616542452967001
1.5712343603501806
1.4010579546309743
0.9008601343450403
0.8662467929868234
2.104236460103192
0.7187652805993134
1.4808135939404716
2.706594521185677
1.2797324298293058
0.8916268829000229
3.1248839826490413
0.535586371346559
0.36394266323329827
3.0675502089731714
0.7967923022909442
-0.6617656725334284
2.541978058845143
0.9564925498238686
-1.569728834087287
1.9166842095419026
0.3285369138718738
-1.2352449744429672
0.936710505482836
0.7218097715438919
-0.6581595494352791
0.8905844689231766
0.09681380406763015
-1.6059338535136656
1.5778175393096041
0.8192726024581705
-2.0654156984073544
0.7787449997050635
1.0650443655999398
-1.6567691910922262
0.13238509625205927
1.1364800730162354
-2.431655434973225
-0.663213112913181
0.5065030945016828
-2.1876383950633125
-1.3455172019883075
0.29082216280970974
-1.576633430044668
-1.9867130361688448
0.5827502148153438
-2.236731378470354
-1.8754451818251194
0.31171828443723487
-3.188868430103871
-0.8755706245185688
0.16964029689250001
-3.2208137169660556
-0.42524558583608746
-0.4351584263412678
-2.6108591320666323
0.3446313449035429
0.13398540825749164
-2.3555601479761528
0.33717080042752334
-0.7417390444699714
-1.794001870555564
-0.5847755362367293
-1.3477768945593736
-1.644269654954552
-1.3915935295106658
-1.8556039184518291
-1.628171450518495
-2.2843725659535177
-1.4029919247214544
-2.009028120620432
-2.2682609512215155
-0.3457046379122977
-2.0581462467538305
-2.329455267997357
0.2690069511850223
-1.2541946231422352
-2.5134276845279344
-0.6911057374494868
-1.1666139564325442
-1.398664722063488
-0.8646409265330656
-1.6708855132816456
-0.9385678774131437
-0.863551811662577
-0.8570121362826301
-0.7533909633476762
-0.2927159374612244
-1.5675760858613423
-1.3044515766691607
-0.17670531119985228
-2.3451490266792776
