-0.1775110334827633
0.622508783893474
-1.346110546138569
-0.7061486658031259
0.9375735895335447
-0.5040462537075178
-1.2905416028292975
0.8470405095128939
0.32317951008512685
-1.5713919395283618
1.3412170615279726
-0.44942259324054645
-0.7907492953320191
1.682143220599738
0.08184889955555173
0.10710396939928984
1.8137820835602398
0.6306997991265489
0.710364966321097
0.9076538713205352
0.5942165372339232
0.08080518344337595
0.07381160396746078
0.49210366320826543
0.7475195796518288
-0.20668646582899022
1.32017617554336
0.12261286676444792
0.6106115464890339
1.3508262634956367
-0.36749198664686056
0.8269672135620739
0.4069184623720026
-0.6592588158200288
0.15904520009241482
1.0687289499200734
-0.14152801666855086
-0.6401394304643548
1.4246941993218587
-0.6629926494463263
-0.6942920812736983
0.5707744334548089
-1.526418037391229
-0.15657329587900987
0.46876588197130736
-1.6873960988192427
0.36392448420778567
-0.4462328706389605
-0.8465195109330553
-0.12373164954786393
-1.1091844786800356
-1.3995936376694353
-0.6893595607077059
-0.4240443173165327
-0.6797962485630745
-0.014843221656891586
0.0332649906568349
-0.22360231438609754
-0.7532129455370848
-0.25191675406032726
0.1323801671547435
-0.29128781012751115
-1.0862312644350107
0.6789293770755902
-0.39411161762297076
-0.23919092858785138
0.19174952994442399
0.38065168266411104
-0.3587120743036725
1.1054450050152487
0.6125776406404619
-0.41185810973452847
0.3993548275844977
1.3623427138383264
-0.29138560332755964
0.6887843992033866
1.1196996106240522
-1.2047667378724582
1.3256972696795963
1.558993022704724
-0.5355679387355905
1.608321884405539
1.0332816933531648
0.2918413267430452
1.2322813334321565
0.14269623491943934
0.41703293305330946
1.2868014859144843
-0.8580391174606371
0.6777468095922422
0.7143337703208414
-1.1995288640636237
1.4383980616145229
-0.13807900111457663
-1.6190960981775537
1.0684659885023826
0.300772311051831
-0.958505193884096
0.4986290711015722
0.02189352439388941
-1.7139596540158044
0.06714314037086268
-0.9161036091990595
-1.433462309953143
-0.07404305182635329
-0.7802449255031856
-1.1175264204337616
-1.0468191548225634
0.21782296021266892
-1.4841775481101889
-0.899485136810217
0.9187491305765964
-1.3373443115915264
-0.16003430428118331
0.9768566685173657
-0.8460259674425431
-1.0611803692442863
0.9967871790734061
0.13538179676754294
-1.3252226091595132
