0.28508263051246213
0.6754903725651497
-0.8801747300941359
-0.03906188356377166
-0.3115341353413076
-0.9836924851015137
0.3168894593645212
0.03184749041441344
-0.16017934568114198
0.34167915153615835
0.2376281779472909
0.7944503590726131
-0.011762503410939956
0.9144727079061424
0.09051828614567752
-0.5794721199130267
0.3880844801836003
-0.5484412647659267
-0.5443874158835836
0.10241444122617784
0.37178503478390457
-0.22940980900446722
-0.7544837314754034
-0.060956106386677256
0.6530197552944929
-0.6659537478152043
0.4406364990691058
-0.19257726493184593
-0.617966055610859
0.9360537529580868
