-0.11067253195271659
0.3990343308361047
-1.9342642232730194
0.16106323976491424
-0.34124318174991575
-1.3827467367233552
0.18001778160965204
-1.3644482034223648
-1.7066132618365835
1.0715582907507395
-1.9201676089438178
-1.2203804031611918
1.5821747371842607
-1.1282325605701995
-0.674061254435311
1.9457165164673353
-0.6532739438505786
-1.3419283036726668
1.8573774251544661
-1.5105093271841172
-1.6864939616817702
1.0173440239894056
-0.7815147425490387
-1.668243727028271
0.8065745449963906
-0.2010331869221976
-2.2230288234292668
1.5983384575526955
-0.8018742806237391
-2.297411290256451
1.0024595403868652
-1.6528695278138525
-2.201197695379789
0.3522332148405264
-2.3180784306274194
-1.6758223831546295
0.29378180964272904
-2.1173124584591667
-0.652191404405273
-0.4647894938306626
-1.7123444230353098
-0.0017168195321931306
-0.16072847875962462
-2.407961475925522
0.5608790888732568
0.79597373463082
-2.4758019616137075
0.13056552594581797
0.5278755215070439
-1.7775409556718813
0.8337267850289418
0.8941603369275571
-1.5814965647532395
-0.03831980326358776
0.2752521625577856
-1.157642700163637
-0.6173340367674693
-0.4608379103371
-1.6076826550367456
-1.0819463945973928
-1.3120017967135176
-1.316115802992211
-0.5771986304332831
-2.0557900514871212
-0.5899851686251653
-0.6824927272074902
-1.897176354955866
0.10588515768325131
-1.3680088602727458
-1.4305464417032432
-0.015330507537467262
-0.5384082480361494
-1.3016408719360273
-0.6495849531322179
-1.2902090323486057
-0.6540355708495421
-0.3505196627156358
-1.987677660377911
-0.9613582286355543
0.5699248057931323
-1.6962942808223704
-0.49494409874161277
0.22661957672445932
-1.0008775036174193
-0.4787482365450594
-0.717481947749681
-0.6972414021237159
-0.8133099598260417
-0.8575438704256217
0.14634976887200302
-0.48844792284171623
-1.5482636110121337
0.9139647814460771
-1.478293181535676
-1.3975962923717293
0.9187948744971247
-1.867372324621353
-0.3494463850477194
0.213483468887043
-2.0924143493753307
0.5175016285234038
0.5063697567497704
-2.0670645748041303
1.3462966806282153
-0.12956020185385203
-1.580905458205336
0.9786341514793923
-0.8794687378582505
-2.2969424858323215
0.370147314524599
-0.553727560779151
-2.7957668363007895
-0.1194233814957324
0.2181894599705152
-2.3895085282949218
-0.23204744213346304
1.1114585000407948
-1.3191802883275696
-0.41331372469586436
1.236704600380768
-1.7923640767215354
0.05680171525477138
1.8605256521207356
-2.486413929432227
0.6897670655964818
1.400307182610385
-2.201409418009046
1.4808930362312027
0.8948198711272618
-1.465487971729353
2.172145974344171
1.2217891737311661
-0.5222454580031585
2.3196736510880567
1.5672940143312906
-0.6859510342777233
2.1964857628608243
0.5982897279671399
-1.292997247085446
1.4231548498035285
0.3872296957605382
-1.2660744994384328
1.7433255085826378
-0.46549869124040416
-0.38267058224501893
2.177530644469099
-1.1240852832446855
0.19056258977905716
1.5683681914741239
-1.7327456281344076
0.9314075812020335
0.8225291090853052
-1.992409842303174
1.791623699879053
1.0535353341564626
-1.5712461495465178
1.677890697239217
0.14820585253628182
-1.9573142504986667
1.1365633511279105
-0.019877715341980923
-1.0957278105587318
0.43964302693757445
0.6325340955374047
-1.1510496160107906
-0.39874140923785834
1.2980255827108207
-1.11529711253613
0.46389507329880075
1.5047688413247216
-0.7739702654595294
1.2650374786702618
0.9434999961534786
-0.7399879683696324
1.913588643610792
1.068277643895995
0.08635775587012799
2.030134116478685
0.5863809998915679
1.0014920086869625
2.537796679793647
0.3235599403214619
0.14540536662084694
2.2276953125046832
0.6634106416354032
-0.7582312696973567
1.8311880851750277
-0.3331169709398341
-0.39434294142522935
2.0051137644733514
-0.41148781420545516
0.6176092333808754
1.946684620001797
-1.1539076648143083
0.041213249967096056
2.3152323032895614
-1.45837181528455
-0.8182131096396585
1.5996695715075198
-2.0274055527698267
-0.3901026311885745
1.4725172069365704
-2.014843177230175
0.6060520121955872
1.3715706643297774
-1.0618911472105983
0.9415316554420217
1.2282886853959876
-0.48681688748760005
0.17496558214480437
1.0070314327671144
0.367694287552834
0.0331579923615635
0.44778867602517314
-0.18207941363644786
-0.47633909072592423
0.33867954297385344
0.772482711575644
-0.21101641323811476
0.2647804743282038
0.19059105553492445
0.5587619721187015
0.5477473248559603
-0.6000378971293322
1.1013130562954587
1.2375248017029747
0.03834627028356875
0.9792928397121572
1.1622202038090406
1.0109463990262795
0.9162002335483288
0.9045309679139549
1.596732775097744
1.602859431455945
-0.04422923487748933
1.5187325771994005
1.981304150505605
-0.17132067765211337
0.5453822716672414
2.20504790202255
0.038409460190213275
-0.34994793618186826
2.6449282314477003
-0.07179175037222041
-0.8924037141712862
1.8599303284375277
0.5853385287399608
-0.05962077093148154
1.8658303901825262
1.2946221938034101
0.6739558662482231
1.7294917736597917
0.4024497604708524
0.8650403114329123
1.4376651216592953
-0.26564352017731574
1.0831913609309105
0.45792121483505854
-0.8714332997898041
0.9369558023181449
-0.07866124368770616
-0.1840592766714954
1.594896163743023
-0.11505008385564379
0.5274677442155089
1.4774278030372956
0.18380254212720412
0.08004554969407458
1.7229602000886688
1.059753306749523
-0.8091628715771395
1.4541598323469656
1.413234022758121
-1.5623592204326415
0.7733397926875997
1.2791196635485937
-1.6497153216323288
1.5144960662937628
1.9349713932418837
-1.1063752769503494
0.709408544970786
2.1428808737507836
-0.8758682775645603
-0.23484602867508406
1.9431803799919476
-0.48541837969363
-0.377739446997076
0.8843272231189937
0.0740721115953971
-0.9247240614532308
0.19881020751155049
-0.4061596992550316
-0.1499464779147996
0.19751419526545055
-1.0857604255048734
0.34912488113735257
0.4868361672081219
-0.5945844279373235
0.2239623749045513
1.3326513635324388
