1.019508405343709
-1.2334141179429987
-0.0447131155237632
0.8344979264757145
-0.3050888666053518
0.26809981477015643
0.7004856533285614
-0.5506489105893997
-0.708342640835046
0.5532903427853707
0.37364807207927647
-0.407639295446212
-0.22092429235828862
0.7920570120072745
-0.8167464955981208
0.3605515910481517
0.1517977697241365
-1.3501613706254436
-0.24578296961440974
-0.21218382627557184
-0.6605428185959257
-0.8449999986403371
-0.5473697076561834
0.10682863631020283
0.07716784506973058
-0.8957300201062541
-0.010690841901091626
-0.11300264996902347
0.04252323066614762
0.2720831474700118
-0.41419407700875704
-0.4598283454814987
1.041916250068922
-1.0253977137857677
0.2269104617627681
0.7123134150290391
-0.9068832395167576
0.3952665673341315
-0.23663546122905724
-0.23482879505987486
1.0211067052161729
0.18536881440780517
0.6413228547581229
0.6542211559124419
0.5446189755594303
-0.18081088285614152
0.5467328199549203
1.1042429861390635
