-1.4673811338206308
0.11378505878605044
-1.3804006779838351
-1.3728917560613092
-0.5344611078026454
-0.6021864635109558
-2.2967152684976213
-0.17168798869163543
-0.8306498087119376
-1.5553815106328077
0.47372736873974525
-0.39024491656815075
-2.0162842248059456
-0.25873763195391924
0.13710321229234437
-1.4356931924176772
-1.0891224585228287
0.25070199285649114
-1.623537626517999
-0.7719505022663438
1.225490757318453
-0.8650050751223052
-0.6548623339075954
1.8886414135317786
-1.0227790877904415
0.06920195226767892
1.2800897252384145
-0.6162788956723049
0.7979836228617769
1.0724295580849705
-0.07269297039367696
0.02938146924126127
0.6072088549337213
-0.039209426381651015
-0.12149311576165216
1.62792949196195
0.9297381237796695
0.20158348273711352
1.615803435915887
0.6771393702858219
-0.7712398300227193
1.1959644534158431
0.11852128987771635
-1.4012955305774462
0.7086894352882781
-0.6137078295167345
-0.9032435748430453
0.9268217239442709
-0.031236544514830406
-1.1453031371012026
1.6412010694769616
0.7906354413833198
-1.6686457571961928
1.3824366008036786
1.0869127570827408
-1.3322366812434836
0.4862482823745855
1.2203170569141915
-0.8383537443911774
-0.43443448144186025
0.8820594014707731
0.10709642747951907
-0.34170852820437986
1.7302048965859766
0.1986374542093662
-0.5140342403401533
1.8906729432471066
0.4338715921131693
-1.4986309455861753
1.217256566058856
-0.2050215190344811
-1.2388489127507842
0.3806861599413752
-0.719379498729507
-1.0515002834760683
0.5670903198050292
-0.4090838182169097
-1.971239767396212
1.5630105186249974
-0.2550202062618551
-2.1740445391765526
0.9649912390213871
0.4944467330790303
-1.9344551937478296
1.0458553765592198
0.7497240537083164
-0.9900476448088972
1.1828426777208079
0.8244970978711635
0.011102320583318719
0.8901894550689695
0.1540664814357228
0.5121316213942141
0.41906349018525735
-0.6430311935575431
0.2895396605948372
-0.432502282301995
-0.9654248439519664
-0.05071494920394745
-0.7831410350147504
-1.2642894739594874
-0.943331912305948
-0.6720185442689889
-0.36276184844762344
-1.2652006815438404
0.22182619057478062
0.3380831897076801
-1.3403180212120727
-0.2914190008512377
0.009798589975379345
-0.2609991496740347
-1.0274978401244435
-0.06887216908575317
0.15694774481574458
-0.7784572404471342
0.6904958342116232
-0.06454016775924655
0.34540427908632865
0.8283272134087494
0.5342870454040103
1.0815062911013331
0.9824013956090768
1.0102886900283692
0.2382819826576702
0.8988776005416224
1.4954412969704995
0.4439417601744612
1.726797368971975
0.9729464493108828
0.5869342466271505
1.6792685743074163
-0.044677694591183655
0.16287857746160217
0.7718372051623573
-0.5501664135827823
-0.6921096568231517
0.6543936161687002
-0.9391098985078833
-0.5771532802677154
1.5312159100031164
-0.6002953902850302
-0.3548669890511895
1.7960186729291931
0.3823358458301682
