1.2779683649637628
0.8548502573553618
-0.17840429547552095
0.7824817965503259
1.7075031497059412
0.05010030949585919
-0.07547305248092946
1.5536785688216017
-0.4680870365752947
0.8195186526761263
1.4295000869783054
-0.8120232877513598
1.782169517008732
1.4120241001179032
-0.6164727420078405
1.7493727535085466
2.1148770509442505
0.12584545321642504
1.9374355125694398
1.1514134601301325
0.33494680220540896
2.0419436870482883
0.49043130109572136
-0.3682537467973196
1.5234919487060903
0.6624330106228968
-1.1807607782044773
1.3039052461098872
-0.03739005536979474
-0.6428817948759862
0.28840430889253205
0.29593642646567686
-0.5867217636821366
0.628745773466172
-0.5449237260111698
-0.10748318483971789
0.599235578143055
0.12478880035368696
0.5900512882451927
-0.47889323175368087
0.34036063534876454
0.28472925013918854
-0.9358534285916928
1.1735333716718943
0.6891660634653696
-0.8774387117282593
1.0305542088231903
1.6990780568660895
-0.9847634296461861
0.1640595465108196
1.182165532010947
-1.3460311448112485
0.21688857561831965
2.031216053760687
-0.37377007482593316
0.21407642229307366
1.8756317051959666
0.3285876055276467
0.8936453632157808
2.060120053027898
-0.05214390301537182
0.7430762287006876
1.2455238112531128
0.24941941538366424
1.0426231133590023
0.2667521697126124
1.0855855163687234
1.0792648860705896
0.7944154760764576
1.6036906132433046
0.24176954659104313
0.5029783909846667
1.1514503868073416
-0.5381606559242365
0.9635014713390346
0.5897501199967567
0.11121339295397335
1.5132263198527103
0.2476997066991976
-0.6308907445338098
2.1025296250007894
-0.13980459809429666
-1.1821742102850505
1.3662980593010436
0.6122504624086794
-1.4171950979301706
0.8440865288104138
-0.2546958354135921
-1.922195889604067
0.773254749619931
-1.0120266726964011
-1.3371585952343483
0.9174470057506582
-1.7310556797595698
-0.4249726411935478
0.944773144811402
-0.9911789417208086
-0.606496384298535
1.6156535941436783
-0.1845770234421706
-0.17541768339458486
0.9994355707146411
-0.1485199513697949
-1.033663663047662
0.34446020008072087
-0.37006982729153315
-0.2645777675597472
-0.2559790926128225
-0.9116615796906535
-0.3294445928250122
0.315445016066186
-1.794919956977279
-0.7072447213072112
-0.07839541985030375
-0.9948751296904768
-1.3315543221166966
-0.19770691705191773
-1.3284067447073362
-0.845112124687778
-0.9618006301445027
-1.2806206274826002
-0.0782045802750039
-1.65520120347319
-0.8350714363434834
-0.5365105566852172
-2.327470760376466
-0.5574337331402159
-0.6103394225608655
-1.5081247801022233
0.4235953054177033
-1.162538550974616
-1.7631361632251417
1.139813841969813
-1.0416896949540158
-0.9468323511786875
0.7919839843673655
-1.518633202010721
-0.15982691511714764
-0.16421770992647167
-1.8311464184025639
-0.24661020764321812
-0.6670397467511573
-1.588988220564048
-1.0636248396158754
0.21876838603288545
-1.2157149925553643
-0.8118936507161784
0.48728440777254456
-0.2502249814043347
-1.1906606451088335
0.017246019929946635
-0.02826336729978982
-1.9718846868061444
-0.2426301853685305
0.27656601704826356
-1.1026384243268321
-1.2363271806318992
0.01669050850547522
-0.476631226248776
-1.5795751473098125
0.4152426987343026
0.2664461193412425
-0.9429866195949128
0.9802370158666193
-0.29323578995600474
-1.205849317838466
0.9682899838714449
-1.2944832189628768
-0.39424468789430883
0.8670221406125974
-1.9022616906720906
0.4103563984204831
0.618276994622752
-1.5297905770894746
