0.27181920174158325
-0.5549253373088698
-1.8470117735404543
-0.15993321880969477
0.1626684374768815
-1.3405333561015975
0.8371742808655541
0.1461634580215797
-1.425547361632263
0.3820582167482246
0.3164849332887036
-0.4588175188179499
1.1751752403030593
-0.17860956388134833
-0.1739813977204547
0.9845339179876561
-1.1609363310882828
-0.2010458400656745
1.106535586308512
-0.7228983409005377
0.6558347753291232
0.3114269256270576
-1.3211909008937723
0.6344814210392516
0.303908802912949
-0.40111335284608796
0.2832116467375041
-0.17160923440970655
0.3380649262677736
0.21935182918837315
-0.48866376982054066
-0.18278408792863093
-0.5156957487714607
0.36521559994620323
-0.4431900538554939
-0.9586394053663646
-0.289348029665121
-1.1483008677743967
-0.30980257805492684
-0.6167233443080633
-0.5646029986956018
0.47834066603557296
0.025218693801496928
-0.05870620567254406
1.052444397684846
0.5120254642329449
-0.822295266215272
1.4535126809137426
0.9723057115253053
0.03406723919411838
1.3010155643889056
0.6405569364397473
0.41862170566062773
0.39850140534666456
0.1963109056097422
1.1703223542766914
-0.042548837364235606
-0.7176858462766748
1.2658289436068488
0.21497976441269137
-1.2454273064177759
0.24713713861479122
-0.0260413565514659
-0.7822502931398211
0.6005245859006084
1.0744562890267657
-1.638878275982054
0.9748934285569063
0.5765962913097219
-1.460245692648879
1.1076959980764167
-0.42266585464378836
-0.513500472571696
0.7770801581188694
-0.6203957027825219
