-0.247848907164102
0.5953142292234004
0.16355286329075658
-0.3245636513791519
-0.23491300761789566
0.7801328811981212
0.08525227672109466
-0.8641021050214761
0.15440286285968313
-0.44872356190253926
-1.5972365619280213
-0.5085710692603091
-0.6888255748397173
-0.757774568995956
-0.5375996082186268
-0.05175671503942542
-0.25155061911734306
-0.5542010612975123
0.21547499942208878
-0.9988694903398977
-0.6883601084817663
0.9260535070189803
-0.6151175938254984
-0.16185306484803322
0.8366977078161264
0.3846108756925682
0.08351196897816601
1.2728029942815613
0.9004445080458133
-0.797700324777764
1.1204779221492775
1.0766493359716987
-1.8792892359072741
1.9953287278693623
0.5765705708064882
-2.400672935696727
2.3886481968081954
-0.24361117021253342
-1.8542441221297685
2.062551447668734
-0.3988956596954105
-0.8958616825123054
1.5660908246752903
-1.2283089192574332
-0.5217921660922161
2.225655793710977
-1.2036044899569813
-1.51962905274039
1.740176018521314
-0.8063430718768038
-2.337940878226639
1.0696773768865422
-0.1921697726820355
-1.991868329606908
0.06442281818546762
0.06073713537520995
-1.4733688175580928
-0.5807022814778245
0.7888433849535261
-1.3147642282941294
-0.8830354517347782
1.7569880195639815
-1.1152503377319427
-1.174340661261284
2.044027919042797
-0.1524305102962036
-1.4712208680719832
1.2174414052259386
0.06924067258270772
-0.5617521160879979
1.3762105165702627
-0.36289372816993243
0.26608162142001046
0.8761215572032882
-0.8722177420990214
0.923318015322006
-0.09223924280485214
-1.1008375670692072
1.2830160770892638
-0.8725174527726558
-1.5721617040646545
1.1976725514487572
-1.626342067647515
-2.195944492656418
0.33144108298671954
-1.8825131796028434
-1.99256445125798
-0.693785438666575
-1.2213186091538717
-1.3906739245926736
-1.4146774917270026
-0.91583435807718
-1.440490864054692
-1.744188031388885
-0.2856605513436165
-0.691948765726547
-0.89202769002146
-0.12669671677403221
-1.376813557327019
-0.6319162006138427
0.3545465175269579
-2.249729605573956
0.3455172509229594
0.6447977184936218
-2.378763533073172
0.25885034445147803
1.202924192413924
-1.6711213096464421
0.18534558922761668
1.803433591186658
-0.7157675704913034
0.4143324139612913
2.769875980187047
-1.0629841996739766
1.083167203715262
3.241421280154768
-1.4834506928260869
1.0073714408699044
3.763350175289949
-0.6327845029669781
1.8399844940399355
3.4973157850097416
-0.11928896905617531
2.0407066341891382
3.2392002865606666
-1.0912438837401075
2.517648852376412
2.4146491697279537
-0.7957469479873531
2.574472073241297
2.216284384265965
-1.7890606184315236
1.8470983637076839
2.9148836343020865
-2.120921128956648
0.930633075703109
2.3783793071401775
-1.9455328505992193
-0.11328924234574955
2.066641136296261
-1.8230954056570154
-0.6886155057451556
1.4039553350477396
-1.9537312385189578
-1.584277520106512
0.8234668822227029
-2.7289594621022117
-1.3638648249304481
0.100650318822445
-2.9899348445413727
-0.3946164309801255
0.09239142766938375
-3.1871933403398707
0.06644670127411727
-0.7050945712928641
-3.419866154936426
0.4219678373447991
-1.214549621977816
-2.692537525307356
0.06724243959797155
-0.4618345719555296
-2.4633968496348735
0.35841123984775075
-0.8170811100519597
-1.5983269382535443
-0.5604069800635837
-1.2070231163134773
-2.2409505603227076
-1.2008309758531708
-0.5411795969392574
-2.2281733775077877
-1.7757008735774882
0.034187148462974604
-1.711961435256833
-2.04804192300746
0.5699657296701591
-0.8928062720251724
-2.4236936430984333
1.1310568175101172
-0.05768612196504534
-2.041326035166339
0.26224688410760294
0.07038404125393236
-3.0428793937999496
0.4349711781710481
-0.22159009957546316
-2.831211606025236
1.1789017765759446
-0.9130313195714611
-1.8736738019648107
1.385318084038867
-0.786339051118876
-1.228709926620644
0.4894278375829516
-0.8471441026336683
-1.6503001752418496
0.9178827351205732
-1.4902460373316664
-1.9309346730822248
1.7284754894401702
-2.0353069270834085
-2.4857710084966027
1.1873247514819871
-2.6929645833231346
-3.2087483037287514
0.5423909499367842
-2.519963961239298
-2.4696164967202825
0.7027484400106605
-1.8516579351535267
-2.944443385863353
-0.012234416089696795
-1.434244416513165
-2.593732595949319
-0.8695955832488416
-1.3796343303305263
-3.088040543889823
-0.4172137983080371
-2.2841395156079924
-2.287424961701242
0.24775082940639692
-2.6846693677749096
-2.6421918872319874
-0.7094661822044924
-3.2370136697052203
-1.7800197859891362
-1.255023759078108
-3.265662803142991
-0.8237829287201529
-1.7631492061387173
-3.0619345301490717
-0.8782781987771935
-0.8579190217753319
-3.100190620791845
-1.458493949973671
-1.3769559373657239
-2.3151665649572153
-2.122137743263078
-0.8610093037831291
-2.4954023764959845
-2.928828762746764
-1.4063523106964675
-2.4768753542092727
-3.4631891423750853
-2.113338846512899
-1.9024529224513507
-3.416543700394524
-2.5666520026073916
-0.8228761766529246
-2.3439506038269946
-2.293689460266967
-0.5398793013028748
-2.1590274983482827
-1.255416691588696
-0.6748834978614529
-2.2614292497291144
-1.6730424249191287
0.06962786190782794
-1.406018572223303
-2.2154239622163425
0.6722600129936812
-0.7281542045869375
-2.4170941455805544
0.221757147255089
-0.9130613414391437
-1.5328528969961994
0.8574797923572871
-1.0586484758792951
-0.7333563028993271
0.4038036222964594
-1.5776997311291863
-0.06512842457597887
1.0019916539828293
-0.8855387544766979
-0.7925662863659045
1.4087476927718916
-1.3602976203104387
-0.9403200103702296
2.305063830058269
-0.7040469647634376
-1.3161186232883386
3.1343114780147148
-0.36386467952294016
-2.0663529935741374
2.463711766641868
0.5383332633328114
-2.2054094817108565
2.151061751192621
0.9670040856747254
-2.7206558058330153
1.3946712847991694
0.1610921532832224
-2.7348949231095974
0.7713575968197879
0.28617390097431317
-2.58498666429068
-0.21244845393774398
-0.5333171247776501
-3.178200966919557
-0.2055624474161421
-1.1407431374026045
-3.1440927682105895
0.5646226759711729
-0.7750292838720088
-2.6119186714518134
1.1971227176836439
-1.1831270332979507
-1.6955393189517252
1.724444434510605
-1.5961344231905843
-1.1595654968450948
1.0689231080584847
-1.9883999250070614
-0.7726203749756511
0.056381780713625554
-2.511604813496258
-0.46005773625491775
-0.5988013504888279
-3.0902177622120286
-1.3454378792688486
-0.2687190633782643
-3.0896098635981653
-0.5466780922518886
0.36196922002958837
-3.6217922330783336
-0.5171074466309631
-0.661367665841692
-3.467686390348137
-0.8760307309735484
-1.5263416122100497
-2.9417417222826496
-1.571155645244258
-1.1837032696163332
-2.6194510718157744
-2.5795731205740107
-1.6207551407345249
-2.0149546484489287
-3.154415010129126
-0.9881640455685807
-1.3840515501138146
-2.5872337253535282
-0.3282780340248093
-1.348891600861993
-1.6260136150762496
-0.022365372862792998
-1.2681812119143743
-1.885295424900018
-0.9345223154820212
-2.0980398073619186
-1.7028277714152156
-1.668645724034668
-1.468906273242396
-2.5173390960606596
-1.6098587025443671
-1.009244250393916
-3.1965376656848283
-1.0806319182047595
-0.5480354772212573
-2.287265922873598
-1.1818611200717324
-0.7651952097483872
-2.1747800057109363
-2.1084249962026687
-0.01141327807253299
-2.8062518434119474
-1.9178194209485644
0.680500814905417
-2.658295072985609
-1.1297944021505428
0.841793184960864
-1.73776594027022
-1.20252040947028
1.4174728853742238
-2.2776078214089495
-0.5623699543304509
2.3230467523067126
-1.8454955862748663
-0.7355054164839231
2.4337374994927505
-1.0187330062463957
-0.19207843525386942
2.7305110681350895
-0.043013866573580646
-0.2465388040317082
2.455585582803733
0.00713989469879019
0.8438666057707919
1.7154714062631495
-0.6123276833657347
0.4129241218304471
2.1032308530638666
-1.1222151795091677
1.1246917442033961
1.2175561753372819
-0.7527640179088659
1.4451489755955873
1.2725633052806606
0.23698864086028948
2.0283696327159024
2.0269518505422432
-0.10303592681615491
1.7160886830474351
2.9553153532523937
-0.5451753094407117
1.376334632276214
2.559017481757438
-1.0871120093208877
2.1555468541690517
1.6015293781353472
-0.7048055245871985
2.5070673882210404
0.4960563416990532
-0.5208057782346897
2.239015735700748
0.24716696205248284
-0.9306762632014663
1.416336682199049
0.8053799002198915
-1.707347103957708
1.3501894738894358
1.0050967597127303
-2.3263989718489015
0.5127625265401755
0.9036483419952036
-1.0448790873034262
0.6712700937721482
0.6497618550670804
-0.26871503911979927
0.7258441070852706
0.04027330327900941
0.4436863088399356
0.9275272314215188
-0.5804736918887139
1.1410719601657957
0.7832738762163672
-0.3453683739504637
1.8885468817954445
0.23868523803666286
-0.49396689079582
2.534026899993801
-0.624170109065622
0.29759895897207955
3.1126718007052028
-0.29275476830190966
1.2327566211613705
2.798482130647667
-0.5860747923637689
1.693137918182332
2.21067024783434
-1.2688421285806526
2.200854139745798
1.3646141705601924
-1.5305987611557479
1.7032170148366075
0.29308221270898366
-1.4105915210852094
2.2632109182479994
0.6937652292698443
-0.7567054407671389
1.7216982863300494
0.4478105848551774
0.04418684675552511
1.5160886987733264
0.24303807805887379
1.0623885134042539
0.9445141286991466
0.945665551583369
1.5830675501538574
0.03383326977967309
1.5078548505874656
1.2195244906197653
-0.8544542957437486
1.5244165879636342
1.5966612375618132
-0.9199115309990543
0.3610291978879636
1.2131486138909395
-1.1118162814291654
0.21684350265568783
0.35448955303251245
-1.7272764427259317
0.8621332109499482
1.0058159238099538
-1.3669824311301664
1.8913025239916026
0.8937464853256992
-0.6060683247406983
2.337928800817712
1.2568335447193
0.26611585643094365
2.7043917185922246
1.683929876930641
0.9458316600227721
1.9306312543243496
1.9038488208597517
-0.07044569914416192
1.791898271840222
2.1385925918109985
-0.11415595500483358
0.8159338892793866
1.9440200014919187
-1.2319145780725493
0.6921190700201011
2.224177655202941
-2.0659084479004535
0.41548749787866973
1.725898414566113
-2.6765736345917004
-0.15597874549573332
1.130184079569929
-2.7408896239084553
-1.1971389070572653
0.9427407427340695
-2.551157816084601
-2.2498925934875285
1.0035667949874232
-2.2385105597047135
-2.8754042234175703
0.20360525957907818
-3.07337458273137
-2.271434355450041
0.09041608739607984
-3.4277487923242385
-1.789570602705176
0.9550725417222323
-2.993499257058084
-1.4344230530106201
1.8200383488915748
-2.1793416776717667
-0.7700979224592532
1.8726707362202146
-1.6942996671243704
-0.1210985132912048
2.508389809178481
-0.7160061356287787
-0.12863323450466663
2.23266214150862
-0.232482676120107
-1.045109605256604
2.136549213262762
-0.07959157696428308
-1.766230310455607
1.5045277420364787
0.22137638936251952
-1.7519488268026076
0.551793792017447
0.7187208954122761
-1.6266225938081946
-0.3475361815817496
1.8506956305077478
-1.5967113497003314
0.24255046498472635
1.814617930704062
-2.107194970236877
1.136464348147967
1.6441295804374707
-1.5476779051841276
1.955143861900574
0.8420371118601299
-1.3550084470442856
2.641362220844786
1.0908348054826675
-0.6162395569874808
3.3194538427797604
0.1546776295309649
-0.7431146438233219
3.0599760072972795
0.12718884637603342
0.22274427931517543
2.699547890482235
1.1030077704990346
0.6903507730315954
2.9201953527262394
1.9506649369688835
1.326654260814505
3.078164833975458
1.8890740703791378
2.2694643680748516
2.904714672633846
1.880134250627153
3.0795111081145246
2.291863981471257
2.4898130441578665
3.002279550243598
1.52413663334754
1.7789037033773496
3.462295561213327
0.9354478959345832
0.7105778704418944
3.4643816393086877
1.1518820744728837
1.1899875179056953
2.8134895018065884
1.5568752088747102
1.0391385967665134
2.689184665192904
2.569460302520874
1.0931422303599048
1.6724148197839883
2.905142524487356
1.5135464423150347
1.1067754367587241
2.230536673706986
2.2558494832780815
0.6800691601378042
1.5494124929265356
2.1900005650670216
1.1411740502712926
0.46611802072601255
2.462343768103571
2.078042770960486
0.24662107537331082
3.3664570913877214
1.6776490632561973
0.567968289195236
2.8635994238288074
1.282728856023182
-0.2538611851502871
1.8799303651609494
1.6296640235180788
-0.6814209085449034
0.912548534626997
1.660373930246049
-1.1159453718198389
0.5619304491800234
2.200074571129255
-0.0510273171437234
0.24598376333940175
2.856833698013495
0.5947320858777996
1.1161004791508728
2.776181976534652
0.3861126552869276
1.3963315106007355
1.906613396370069
0.2738939325599318
1.3618911386511825
1.437793739403525
1.1830393400793862
1.9051326177834509
2.139480568208917
1.965306766244976
2.5747074247141994
1.4101353255703561
2.2059969238502797
3.357288161543904
1.353055890258728
1.629088819287093
3.2520027431166234
0.8970982005830301
2.586836302774763
2.7626472063775034
0.5653893614435362
3.414259622118373
1.7806965842448232
0.11252136803119557
3.2967210713252797
2.281550899682914
0.4868203367618139
2.3579985022232344
2.5102574929334356
-0.4008174779813776
2.8136903997759504
3.326544625987588
-0.4417682413360017
2.317825793501984
3.0733869075615754
0.4359740411823211
1.7783546757226203
2.979792168973346
0.8291664496085202
0.8824612965863627
2.7477211652216584
1.8268880218744028
1.1019387650332584
1.8773889233674357
2.36077962105508
0.849973279521128
0.9545072560605724
2.153874438318078
0.9505422188665925
0.4196525282308023
1.329934107981466
0.30384273727023464
1.1810299240874271
0.977955728428527
0.6131561090190162
