-0.6563835514720894
0.627639360176992
-2.042123562874077
0.17498666542726596
0.9284426581082066
-1.5484018241405417
0.1528424750509168
0.03475074139574737
-2.025133957534456
-0.3712558557069951
0.32537149017594164
-1.249068972947964
0.6750895445396511
0.19782375209616992
-1.301484616881218
0.8704249717308377
1.2037642226920153
-0.9186783744178252
1.1509396633021887
1.366356416152745
0.11730759447562893
0.1014196447210931
1.6144999570721825
0.2426513619864614
-0.7649783669417592
1.1854289564577902
-0.03913074911795826
-1.2684778977534545
0.41986058102584556
-0.44477455801782656
-0.789642466412001
-0.44728718620619196
-0.5295444861805815
-1.283455543149408
0.1159245603276534
-1.4130959904946596
-1.7207805138211403
-0.41455103102329655
-0.7228508254176147
-1.3473832787432078
-0.3180654447376039
0.09199606588831657
-0.5184767474095583
0.1669833548430696
0.08421966918500426
-1.3314703887425958
0.6237056012820018
0.5339485490023903
-1.731775535426148
-0.10439863785221079
1.168177276098997
-1.152386664644437
-0.9596019065577494
0.93970272332673
-0.7075127858544645
-0.05727003859265308
1.0464765040795658
-0.3973270959384349
0.17791993464675968
1.9376588147091474
-0.0626779692287735
1.1516346718487662
1.7816505202367618
0.5952759836447614
1.3392303220592865
1.049077021331916
0.5037463689231213
0.40809650479981396
1.2984264602872113
-0.25675118797671326
0.895674342426383
0.8813635462249696
0.5756848448906355
0.6093601941838346
0.4695598405737525
1.307815679259675
0.23498496730337756
0.9176029327155951
1.5062007391366954
-0.3119436928815806
0.12148223621803574
1.8458491866942401
0.6564260337973314
0.12827650517260325
1.07171034739879
0.402000227853815
-0.3471695311168901
0.004278608959307037
0.7365607596669492
-0.5681494767450612
0.26616308644467274
-0.1819870847288778
-0.35690455067962373
1.0181594571044565
-0.7026648706873463
-0.7859180038342296
0.2527413244301488
-0.7016401812101523
-1.3397290698135826
0.8858737211737827
-0.6567517130772322
-1.7758126269999766
0.6353209451239743
-1.4649309105992752
-1.1827400638962253
0.38114414703598315
-1.2005246162848056
-0.3002619492850266
0.5469679422392875
-1.3520161641513972
0.8303243910905586
0.08067409522912411
-0.5359515020939076
1.3804432479694926
-0.35863953582913405
-1.4072557609765777
1.2457915460902709
-0.27447996032569644
-1.800448157995993
0.347151835474059
-0.9978433174004735
-1.2110922615653783
-0.02649258203978505
-0.3625987996137184
-0.720284165303033
0.47514510896558243
0.6435253028136892
-0.22443337758753176
0.5210672805497222
1.1074627171158902
-0.6493409062799131
1.3079647407824704
