1.0059502405001592
-0.9737586807818235
-1.1113363168319317
0.007716409491148664
-0.6397376994788422
-1.2790924734535176
-1.076108641707054
-0.5888773413639404
-1.1625995538774652
-1.6402168105793096
-0.33579249599928596
-0.2695797592160532
-1.7426926192444692
0.5729388699611935
0.12277167390104361
-1.1920551239961417
-0.009462943096061072
0.5806947357573167
-0.6673007983421689
-0.6755168059403795
1.154900430683385
-1.4411372131224416
-0.9941027942389623
0.4648408327552705
-0.6151488766265469
-1.4533380903639384
0.5137983022493279
-0.7456443513964336
-0.7857895130138365
-0.24998493477765543
-0.31189031591933963
0.10415664497886355
-0.762084516779494
-0.7397230818465191
0.5618802011084455
0.03281259018900495
-1.3944325551853534
0.5207875958149177
-0.7555508902176121
-1.2932714405718784
1.3463999038128152
-0.2736626665981305
-0.5782532010032093
1.0679354774199628
-0.8734615600455712
0.16881812846056382
0.7038458704758358
-1.3223458645249535
0.26780691582569904
0.5229265063633856
-0.3432123206779631
0.6595368500749212
1.4270188833235293
-0.7960176861094806
-0.06827782685399733
1.6263241945971816
0.03864195629694934
0.8880675698944183
1.2072020222940618
0.20693492365830604
1.0851356349768282
0.6244786253239952
-0.5212095172174074
0.7274419660246141
0.07662167601296163
0.2587526520801539
0.40276577051824597
-0.31084059182786106
-0.46781642787157196
0.8457050497311597
-0.0013099526693712404
-1.3009237936703615
1.5154349619976226
-0.2746502545092806
-0.4308453516777315
1.66624656464064
0.5383704755600328
0.2577110064898335
0.9413664996352055
0.7187823172212122
1.0857264748470392
0.048537655580252984
0.8716001498931562
0.6083751764043173
0.08622173521197181
-0.0019851203165080415
1.110940572400281
0.14927989290557742
-0.6763770881152544
1.7178726200360068
0.8138088999767662
-1.3421213512927144
1.4257027111172416
0.9639395127733589
-0.4399324438705351
1.2408153977632042
1.0259032604878506
-0.8133413695982057
0.267868145372708
0.15175548226281133
-1.1561756187747045
-0.24350588948430468
-0.13533882205454265
-0.1645100306184849
0.17383632076566616
0.22005267747953133
-0.8536492282916176
0.9002330002641808
