-0.09900039778909486
1.5080691611054486
0.27770345997813883
-0.3356803229281499
1.0708199129894038
-0.5849961751044203
-0.5033619271382976
0.5860131395702023
0.26865448497786604
-0.160061654788428
0.1018824762702414
-0.555271124224052
-0.9845875004448982
-0.20833029715292645
-0.09113290893576284
-1.006108841123664
0.39304892517798307
-0.9127473108269359
-0.21311792481000574
0.213953586764916
-1.5168213986554253
0.26872348638053567
-0.5872721231266489
-1.1362447257989798
0.8846836297890353
-0.024278938315308238
-0.6021854934681262
0.7137178694736975
-0.9985900241841993
-0.307766233026253
-0.25617756448449686
-0.8412402618026209
-0.31853051741865485
0.10622161399149893
-1.1370715212720945
0.5312094385241953
-0.8973892932426013
-1.095346731126263
0.38911752059016685
-0.42643725462878546
-0.2970802710768726
0.7517417768893218
-0.2635800295354416
0.0116671990066705
1.692242725973194
0.4516023706614733
-0.48371161539382185
1.201167365057808
0.22598070060390657
0.4437164230153616
0.9224678510175549
1.1455414965442734
0.10645646453858576
0.791835376279771
0.4105066435987703
-0.2576099771779244
0.2701056248072962
0.4550361274695643
0.7307636331981049
-0.02480694729375839
0.4834887724010892
0.764140838991793
-1.0457427893429014
