-0.27519326463963717
-0.7214430275445705
-0.7315403091925979
0.5771360011293322
-0.9109961344157085
-0.2803482664539003
0.5799599129735419
-0.44978657153802204
-1.139322598440014
1.3136196912508609
-0.27982194273686883
-0.467172034964079
0.8106344199121713
-0.2473189906500491
0.3730994770844017
0.5063234181427004
-1.162079998535063
0.7005402689244076
-0.5150308897075547
-1.0182960762244757
1.0748283425897476
-0.14450471448379917
-0.6033659075771015
0.1960889509766903
0.19359193572673114
-0.2937021094507693
1.1694764183113113
-0.7232752029804085
-0.15479815483647993
1.5327393574162869
-0.9471945916742349
-0.1444512255505173
0.5569310724849091
-0.7532480474428921
0.0848644095587076
-0.42311981020977374
-0.9280755405332602
0.867741610288643
-1.044536673554628
-0.15903203690825246
0.26121708694110235
-1.2576091466787747
0.9237627071375031
0.5005405373273593
-0.9599575072676163
0.7620381088623479
0.72496364636685
0.08279787372146627
-0.09241452500523087
0.4224298301873132
0.46783476701861654
0.2073002340289996
-0.020391492939825222
-0.26611965481961386
-0.17382194354153427
0.9415102132556434
-0.3416897434310847
-0.9588722890398148
0.8116187249900388
0.23913393733426436
-0.2037033832074964
1.3915655730838516
0.5179452791500065
