1.7877977833059189
-0.6668639369838119
0.3336784968576288
1.229763369239661
-1.3457557829018216
0.8425410985331722
1.2031654477190348
-1.295171835382546
-0.16211527417245994
0.4296244931727034
-1.919541547002515
-0.1766825343438392
0.2689430006782644
-1.2377390108088056
0.4997150542024163
-0.23492060765323972
-1.2910121626697981
-0.28333559907451894
-1.1739324601284804
-0.48589319724787516
-0.7276755440151854
-1.401835710700361
0.34078609828339446
-1.0675149432951245
-2.0397486017198805
-0.3351516584316948
-0.438946419803237
-1.4106380184998206
-0.612604165376867
0.3449320920824746
-0.49725999747602034
-0.14648499820680963
0.043064874255268906
-0.5930153064458386
0.6462986530380704
0.28742905923620155
-1.3095429348393057
0.2839628497539677
0.03992528900370521
-0.8284817853803006
0.00883293289758172
0.8078055337152323
-1.829140695356151
0.17138546225204246
0.8293488346153696
-1.481323056505898
1.0703818537246679
0.5842865204963665
-0.6677079961764518
1.6685018483397167
0.8250363872610007
-0.25485402067769586
1.7227848169230584
-0.1348951938395905
-0.6658596506594198
0.9488313715554659
-0.8005158658418954
-0.7529135293372113
0.7298280412437461
-1.6976205233099098
-0.42517527246012343
0.12912069939504264
-1.11772642522254
0.24387787758311774
0.6085810034988903
-1.5524588675617281
1.046870005092624
0.5398514873436985
-0.8585369175433786
0.3228186264913137
1.3082682744384164
-0.8151537540799942
0.06368729462978369
0.3671642216336492
-0.41782254249828943
0.39645704287608785
-0.5126678024256621
-0.14660479865483567
0.535502118371266
-1.2588333886052674
-0.8926554886231143
-0.2906715056354189
-0.9357945567217214
-1.3058298846719876
0.5056397206599832
-0.25079307307396353
-1.1675597738750159
1.3269541534232254
-0.349825857642605
-0.5161347263078772
1.141278387952742
0.3774407591637237
0.15659872132471456
0.44779080350258355
1.086501025903352
0.20266604896729587
0.12961960400872366
0.21288294185192977
0.4429194598523385
-0.02018496725070238
0.9389328792243496
1.0595197697280132
0.987734519860989
0.9650773988765816
0.986152093317299
1.5499824949373555
0.16477503513373626
1.065885124561051
0.8945744248805477
-0.466053509100664
0.6773364714197021
0.6090479172132335
0.1724475288485012
1.4866445357933598
-0.04706740533484002
-0.5273921417445245
1.144941713982623
0.8031444366380376
-0.8250585589965063
1.6193578975293403
