0.00716000980589725
0.5244046917597869
-2.510429836581624
-0.004110193650250718
0.8235154808353631
-1.6685072920719182
0.30359314242834184
0.04788714900062646
-1.727694660546729
0.18063616804501917
0.13524941133358837
-0.7706964895807725
0.7349602050416338
-0.7142478197220866
-1.0884693973523945
0.47035693572890863
-1.2746438892316962
-1.9240714016567844
-0.531400180398653
-1.2514540053697034
-2.1954021735119595
-1.196871487658049
-0.7535244848216544
-1.6507426199479203
-0.8343394331256864
-0.729071006375285
-0.7135847688676088
-1.150843312140066
-1.546138020089717
-1.054422374010305
-0.917690834485358
-2.1783425152307476
-0.2972925759083972
-0.3621998357190674
-1.6303402017291884
0.4274895377251566
-0.10018383313805364
-1.0267533242480984
1.124187921801777
0.5874506045020081
-1.4100599899586674
0.3771948787431279
0.4151492540358524
-1.782607794690402
1.316583757115815
-0.03815946066931089
-1.214860449244583
2.012049469895085
-0.5815736924588552
-1.7417486620839964
1.363275151299936
-1.252465193150595
-2.013059467378422
0.6654037738796377
-1.0059591232893703
-1.0114028135415962
0.8276501041174503
-0.5294069578385135
-0.13382219335365902
0.7208950227096822
-0.052748213074210806
-0.6472045858661596
-0.03934888356456027
1.0171370241743314
-0.2781171639617764
-0.21821147021005413
1.2625066559658111
0.708252476195202
-0.5280654047036689
0.688964273262074
1.4338738799226731
-0.9225632097974987
-0.4412274673878242
1.7819761053089342
-1.2324598068481742
-1.1651346162481848
1.0252455298671352
-1.1866433977762252
-1.674856786251969
0.10298786176023202
-1.294389836159405
-1.8480443655156822
-0.8630392620476606
-0.8673379868771651
-1.313017374858371
-1.306191098600303
-0.17199730504590566
-0.3052135069493578
-1.3824007073156919
-0.5972295970809058
-0.31352987052559617
-0.748544426185156
-1.355478928812945
-0.5517277864469271
-0.22541557398562717
-2.1664979194715697
-0.8617284275528814
0.6993103920737699
-2.060048601533516
-0.5375359551996336
0.17439794916124182
-1.281139894354072
-0.5374209097343026
0.19135957049242933
-0.13941959022617356
-1.310276327933384
0.28077623644162525
0.5591519469058663
-1.674219991406383
-0.039494937816524314
-0.2575158831050988
-1.281197776119824
0.8709858365215549
-0.19721902419956874
-0.4764910115818911
0.8675767177296423
0.40167882995253307
-0.2437830971820058
0.9387917458611144
-0.4460053145602815
-0.779039136648629
1.702312646446327
-0.03704780703670837
-1.3489856944272096
1.2679694043439973
0.7389565586784221
-0.8540062853861378
0.5672561032947249
1.363117140422001
-0.32691820902307944
-0.27862660878998147
1.7691504016746111
-0.182297203038626
0.6545835109431705
2.165518696714262
0.6652555908123156
1.1871168800887268
1.984672029956984
0.7393595892681867
1.262811030259705
1.0440318590390316
0.5409473982916059
1.2521959999167058
-0.00943066391739351
-0.004018049179401333
1.8159415166010224
0.5697796563810107
-0.15950748959081665
1.3735071488021506
1.456384890000529
0.20422104526861193
0.47938607131919375
1.1839503445134123
1.1264431507055674
0.4758019491637138
1.463413146066085
2.1865796995460762
0.5513153622510844
1.562785858221856
2.682514482374703
0.4072530909616581
0.614578293558467
2.2466100559296867
0.9796677057953599
-0.18849060156850658
1.8788700734993613
0.1159043977892361
0.025144618637000973
1.1197402689723188
0.40944233019758897
0.5045261876575657
0.2610400481717836
0.32586035872559754
0.28943854730480784
0.8295881987935878
-0.43313846040688225
0.7083697989716334
1.4827145672663233
-0.9293607885023707
0.3681944685371214
1.6946837753326705
-0.1588737728094905
0.9189508757689372
1.8528205049015825
0.9147481795592107
0.7076484723706219
1.5688263668600786
1.3528193026330717
1.563682478265142
