-0.29255229635125096
-1.1958777736819357
-0.1877619294669388
-0.8853329275595883
-0.8710262817431158
0.4878678403310609
-1.1029952268969945
-0.8928073196173616
-0.4661048261059766
-1.1017928234555054
0.1220336383254744
-0.8794950289803938
-0.536039563100863
0.09079481582394643
-1.6686635146003403
0.42302248846357704
-0.0067735689648850605
-1.3661134159647774
0.28764326075978286
-0.10035018787423412
-0.39768152159101944
-0.28000475052341883
-0.6485926400336404
-0.9673508036966151
-1.2411388572689832
-0.6440351454744546
-1.454772651345121
-1.9525588296365106
-0.3334781883195087
-0.6587576647236392
-1.5078528114991059
-0.03496657979893307
0.2582151053707793
-1.3617452121791718
-0.35436085705336
1.2549473047345268
-0.35942511264464316
-0.6975916467339285
1.3307274081178782
-0.6434600636039103
0.13908484273298133
1.7850282105410709
-0.576669752560453
0.12634681033881742
0.8371343947153225
-0.6881848490446476
0.7398019181263751
0.05632900602178695
-0.40889024035949817
-0.2462581016755784
-0.17971379128251633
-0.17710964290131037
0.5463028433335295
-0.8190910776258065
0.25701857863525235
0.9363992753413833
-1.6010378474900409
0.7690279217568631
0.7573326834809906
-0.8046313770103513
0.16224107858196904
1.2230187081674446
-0.1786422823053917
1.1222295219783218
1.080395299264409
0.14943875649259505
1.6516758889218213
1.5308296118108706
0.8739628151010057
1.8215515906614979
0.565297010299001
0.6351127322116893
0.9998656302310671
0.8087817773815864
1.1130565665573344
0.39585652031335017
0.4788221655758103
0.38726164423623183
0.09835429327583256
-0.42602943219805217
0.5519366250705147
0.21185481390325708
-1.3458097664229798
0.7468152869392086
0.8907776743154796
-0.9109527808189484
0.038580787974524904
1.1788118274046548
-0.6064841592920377
-0.9142969917561931
1.4285455430030083
0.18748784025381515
-0.1202385192817764
1.153385331017287
-0.12113385614123
0.7881042035102653
0.2638909963627836
0.1037990455876593
1.3698345553010622
