0.9175164985577323
-0.5447196392648376
-1.9338788408894376
0.12302824082275311
-0.9758540921983536
-1.631772473084653
-0.7588249354495431
-0.7506083756870705
-2.09858746462777
-0.5824790932739661
-1.776663121963417
-1.853968241399925
0.3220632720183328
-2.039354793458675
-1.3182949655615421
1.0146205732162743
-1.683991822051448
-0.6300572583290766
1.7455659842910218
-1.2240852897964618
-0.033814756287753794
1.166649086832215
-1.5552633587411142
0.7439548661382003
1.1176893018253804
-1.0576803085777147
1.550605601864418
0.06710423488196629
-1.5542430760068646
1.8720728091492702
-0.734690654314082
-0.8824747735673966
1.4018182696338521
-0.3554147191774922
0.011646299747944098
1.1473664368820695
0.0028156523793663943
0.37967751938443695
1.9996137228795927
-0.6800842585693108
-0.29808896091350395
2.080855133907492
-1.5666775985249748
-0.47531936146366954
1.5398251972331662
-1.1252879255537156
0.48771758871654003
1.6988983299745508
-0.3978342650998568
1.2049819343024846
1.518280000841583
-1.2553955140202695
1.1398670054033937
0.9469679245726277
-0.379024293432166
1.4362715091063187
0.5948186850760551
0.2526191492803022
0.7274886380262662
0.9460675631930844
0.28725029587763035
-0.30127338756328487
0.7256228087458262
-0.16964037968594026
-0.7366275263744704
0.10832587757531995
-0.9268621825192432
-0.1566110200526177
-0.10228473891924246
-0.9671542712055331
-0.7191134861824412
0.5371443755189531
-1.6143206458665422
-1.652360340627602
0.4131690758943319
-2.0451622694946083
-0.5752293435894396
0.6211827622481245
-2.526052867797135
-0.662688862749651
-0.2651205769160888
-1.8051403735137945
0.0965477569420877
-0.1580093198650656
-1.3925764603295883
0.15153043714056438
0.631806384340421
-2.068789089928683
0.7910275484249569
0.5137399325598637
-1.2388378757070035
0.8269704789454947
0.02317926701784857
-1.279498670456167
1.838329974476841
0.2559623855015241
-0.5603587820875455
1.5732170105790781
-0.41920616984460757
0.27813712595640766
1.8299374572413822
0.04808719749068043
1.187513023388102
1.269839718216947
0.3526312600025751
1.0571902411627507
1.638589877479892
-0.6504477555186189
0.13235255616438407
0.9522126470005284
-0.5274387549680696
-0.28417129407505193
0.5503976396774709
0.24776770980258456
0.36008343965088974
0.008136459534521731
-0.29590881166658667
0.7206119083416566
-1.0273436124723865
0.06376161858286652
0.2722897738044532
-1.2049333865194305
0.7737921140923669
0.19847118887452056
-0.4080675568583386
1.6886759292572813
0.862504187190721
0.12199853764986227
1.5469727284424968
1.2297994941976886
0.4538649777148537
0.6646237859562706
1.8387114983099941
0.13108071055242548
1.2903679132915304
1.516343062523637
-0.6299250611212707
0.7363347855875002
1.4502050609791861
-0.19727029541398594
-0.20223160783955532
2.0921152179063496
0.2874485203099096
-0.5549819896154812
1.9188712667994003
1.2504859998811215
-0.3432895814315261
1.7234170174470318
2.151780669331401
0.028548494466139707
1.3090393423447857
2.0347906412691397
0.954744227823896
0.6049096153839787
1.5364724075099083
1.4903174675833923
1.5201055429657773
1.055625364829235
1.218619722328077
2.0090859391157974
0.6553513217564134
0.48317796345316716
2.281257609275249
-0.37336609168939827
0.146705740733146
1.9839736845798692
-0.6508736975044672
-0.7986988119252904
0.9592140985426001
-0.7570171674774603
-0.9746575037807269
0.4897858826097521
0.06756799026182368
-1.222578446584991
1.4935440440303955
0.08872497297292233
-1.2480933396267124
1.1872704642319154
0.5748422558044767
-0.3924470718402265
0.9644920125061547
1.0040499732777781
-1.3550564862724674
-0.07194714151211042
0.8618770525845922
-1.482317029994034
-0.9111984177535623
1.4172872785849318
-1.3492773391629442
-1.7034001939820818
0.9545957230339531
-0.9088117330907556
-2.264490422993678
0.12941007074985497
-1.1433035156257445
-1.9109089991564627
-0.8357078464395484
-1.2676341723535292
-1.5943087861494214
-0.7784842928441037
-0.5035149061798495
-0.9753338477940594
-1.0579708616343693
-1.07480714099051
-1.3974387463608224
-0.13857519110955765
-0.982388755612851
-0.732215813221382
0.6834467572573456
-0.7813515594055604
-0.7668151528554747
0.2168483957278211
-1.8124040784988735
0.010164922492871226
-0.1640744228614621
-2.013919440429957
-0.3042303347058184
-0.3672592915573057
-1.0888099892964938
0.08716787121139812
-1.2179376856699855
-0.6174609373744446
-0.7292962159615569
-1.4705866423785336
-0.26985304195202126
-0.6796868894418524
-1.6902930770251519
0.7002725371214482
