1.8606080117083406
1.3766620113962311
-0.9083705402127932
2.14575635029815
1.363861525635445
0.16467490960337516
2.2156648721952137
0.3593738965041787
0.1531481614407865
2.629268120535053
0.7963716928300816
-0.760106872802983
2.28454395925692
1.1051226811447115
-1.776415452711536
1.5019063901809528
0.5276857962462017
-2.155382659094672
0.4263385415142149
0.47397947934382495
-2.019520168526164
-0.6238357148602702
0.498613737079995
-2.1047039292280485
-1.2171056961789757
1.1958601308049648
-2.322769010772975
-0.6433991095460441
1.9401971672998621
-1.9538588640789443
-0.3068749559438767
2.6053842627183355
-1.2294535079396354
-0.2538889785774392
2.2741243498546586
-0.3610724810388194
-1.2285289759996474
2.0227757455090494
-0.060729895136484385
-1.418338270379078
1.230995153069396
-0.5673942432553032
-0.5879465461430239
1.627369337791283
-0.9508595854737165
0.3780874092502481
1.7090473917111957
-0.6586325634958292
-0.18898545069319683
1.3674426882371917
-0.12185984389636037
-0.41711670251431165
0.7093752272884295
-0.9649578421205967
-1.3413079794758784
0.709521458067995
-1.3820943359489957
-1.767754812820738
1.6539207515974457
-1.3518367848795876
-1.296245772251351
2.541164958200311
-1.4541432943679313
-1.0031992924311222
3.0585300844913217
-0.648548846028578
-0.8528378303299944
2.9340938356836506
0.35218445579710383
0.2559418241690294
2.781618613865994
0.3984391862698629
-0.4097125129132159
1.8971848946979815
0.5855631398829414
-1.1114727453062205
1.197995274595401
0.4490563724624757
-1.4534818092373254
0.2832864238064813
0.49306408700998006
-2.172656049208835
0.7871975139041417
0.09055894782034186
-3.001646249525462
1.001180912097745
0.5484455498999677
-2.6656159500621532
1.4618499687221416
1.4079406899664795
-1.778212597137728
1.2113934890291378
2.001503945624691
-1.385992457575404
0.4689511133581693
2.569934510998817
-0.6460202355056338
-0.14937128101108582
1.9793567418261795
-0.5920498994197181
0.23712047888951662
1.0631482917042625
-0.31416338204628275
1.195497507344415
0.9967591878098608
-0.18962179784951322
1.8407398051179937
1.598762854817633
-1.041362886185146
1.6917096333666881
1.232888160539685
-1.817750809168736
0.9767776071130382
0.9198801994275204
-2.4038533386183385
0.614069327127143
1.7171559202952051
-3.0574055370765736
-0.12258962450450157
1.5017411633503388
-2.9082295402143723
-1.051786881715793
1.6238808548053572
-3.389326335411025
-1.6162929151887593
0.9559420010910517
-3.2069026844614408
-2.14670475728162
0.16287205374256702
-2.46295219006137
-1.6876279486504842
0.6282873868276311
-2.1942117497885962
-1.200821352366485
-0.21533238252375214
-1.3129979199216832
-0.848476812447952
-0.983931047163732
-2.427712016537569
-0.9838702580610809
-1.079540298620205
-2.9097955074983637
0.02025418501936895
-0.945693541916855
-2.244692985811618
0.8190047955842459
-1.0378565661551782
-3.012649378699227
1.2325658888688023
-0.44353166459163385
-2.765333954254023
1.584736835604582
-1.3737412984436335
-2.1749757766435556
1.0158427946329593
-1.985837765305427
-1.6355545506390041
0.26578212369570126
-2.276277637319386
-1.8576896051770682
-0.6637090362451733
-2.7377242619294915
-2.2331343835205475
-1.6102715490807655
-2.43031539180552
-2.579401192480791
-2.133517316486272
-1.6237248207910713
-2.7727441345490402
-1.7335750718894662
-0.7262968772226595
-3.0504737990071176
-1.1503622432214236
0.11588054824214897
-2.393178016968211
-0.7967049978674653
0.7783363616494751
-2.0513974312792773
-0.47716614670132484
1.7597408569728965
-1.5553175213951735
0.31285746475420395
1.4784029786738178
-2.3741809391763944
0.32348191719093916
0.7618685930484291
-2.316586297389846
-0.1456912294417434
-0.1584697679116858
-1.816786894273258
-0.061056112547938315
-1.1480077686511836
-1.705184581176122
-0.9573143445958295
-1.7379682027953458
-0.9539808628786371
-0.5176543466165225
-2.3749146438373714
0.053133163383263037
-0.49948754967172987
-2.0150315926568907
0.8538631718343437
-0.3574439825209959
-2.398974702526209
1.8543071836582548
-0.39694609330103486
-2.4951566273698136
2.6871298346485553
-0.7427481283649229
-1.9971454793926138
2.410243587099403
-1.1575516027182116
-2.7918459951987256
2.7383885564820862
-0.21461686418982773
-2.9110328988930463
2.4149905074204816
0.2497840221735715
-1.9866818278187348
2.003419991066493
0.34586303622190684
-1.172591228114814
0.901311579186999
-0.04673337492720253
-1.4019975785995848
0.13447864739811427
-0.10948006605082256
-0.9257967918326222
-0.3057512261170588
0.26364663429671076
-0.031205423141853622
0.3805202288228179
0.40148151898169054
0.7513195654537934
0.10841707737406824
0.3796428244822723
1.7491781871686833
-0.635435515192811
1.0185514187315268
1.843821084504258
0.23822129911170578
1.2339645402986377
2.1626188093400196
1.1972970974851327
1.2871044567907552
2.2574763449499273
1.9763670650706633
0.623500074353414
2.035216140784609
2.888290730219155
0.6145569245591236
1.6212109243451547
2.9636780003569188
0.2753722161700221
0.7059575290728385
2.874435984253247
1.3108010189688035
0.8533211605304897
2.585129827333751
2.0165603975506965
1.550919875816497
1.662817355988253
2.3745520695555915
1.7866749829782167
0.6783311331292259
2.2994882323895043
2.0154001186359642
1.3722096790957015
2.1622420739932124
2.7250500268268585
2.1039729314907207
1.6279501455801024
2.326316377183469
2.807842417395025
0.9901965092717903
2.526590114630831
2.717303855240192
0.05728419879151524
2.3809235916547395
2.726981299282785
-0.30521103176683
1.4635206685478073
1.893785095597985
-1.2533518753032205
1.4253767782910987
1.146091022950965
-0.8360488274156105
1.9518785594141723
1.0248473125340734
0.16534864784156095
2.249808633493004
1.809986323708219
0.08576531097151915
2.8447129623042824
2.0487973589882005
-0.6630648303376159
2.2902415183705926
1.562772246588977
-0.04490804975517921
1.5010573848052697
1.3677545121581396
0.2169459930085824
0.6582885329665266
1.4135501594124478
0.9725045334416887
0.4201839334092383
0.46492674627311087
1.7968036801808076
0.33630847363749866
0.6433699729401811
0.9548783190704276
-0.08754393947860063
1.1820457254577432
0.7780065754109379
-0.3693091156431833
1.3400707719724374
1.59924623907632
-0.3087037732334588
1.7170227535856106
1.9798631992952402
0.658805233816957
1.89877454632404
1.4872174417042008
1.4575601214500065
2.1017570674138826
0.7106195852037493
0.9286470057781598
0.9801344587197613
0.6786256837338749
1.4473722640204918
0.6284198613375958
1.7527638365852076
1.294284986367867
0.9541446114816552
2.5619980957773882
1.106267041219477
1.1737435864078585
2.7095611418066308
0.10507328845295053
0.504333180669002
2.728006385217977
-0.618450861072162
0.5842637089966515
2.280046408017428
-1.5259256839705881
0.11332854643985356
1.3802872351357243
-1.6305722578259283
0.6381181890617681
0.6556460943926712
-1.023082538121584
0.7514963074270238
-0.02478479474185041
-0.3814420342190676
0.2200518066261566
-0.42494320711632044
0.27795957108236674
-0.5671361229624241
-0.7052014588233615
1.2759669006826966
-0.699060214630635
-1.1893146910787293
0.2692449743717921
0.2319024213016648
-1.2145744112018149
-0.3696993595801953
0.2878135955641999
-2.0729186641123394
-0.7560661310233903
-0.565060179373183
-1.6126081892125477
-0.7905506018532737
-0.22883935322841567
-1.8644813079772482
-0.025468202842426624
0.23459886439227026
-1.450928395222573
0.8730404987933352
-0.2896358211695921
-1.6491697904497435
1.6142142438701315
-0.7439718669578176
-1.6838437619251339
2.497456573760702
-1.217107761174938
-0.944731440027909
1.9151174237512467
-0.6637623890243846
-0.7056869042675669
2.7724462499950393
0.1575130090557971
-0.496389676329548
2.308456774799768
0.4496549432628923
-0.45914461436990167
1.353492158201864
1.0993531559450633
-0.8791700446752864
0.8264115482302419
2.021393463535029
-0.4834294924755074
0.5414043244472209
2.194899048744485
-1.0882489481973998
-0.14060322312968085
1.5681695880998503
-1.2745755134666295
-1.0362288263340003
0.7715277037502069
-1.0718970374487908
-1.6078104591873321
1.9166434905175778
-0.5347636404836617
-1.538812220476336
1.8738418860772212
-0.30525378683073223
-0.6478154804205062
2.7672842201783463
-0.34715663506444105
-0.15004444065949535
2.5846982360265187
-0.1024748007023503
-1.093589978536458
3.4158511696642457
-0.7606589147885497
-1.1930752062199628
2.366030082682676
-1.1485044111000786
-1.0155929741753973
2.0147465912249505
-1.4313240554081572
-1.846667703773355
2.1478312092422085
-2.0749278891690133
-1.1262844378595043
2.1717987879638607
-2.2530699156062686
-0.15219424282050348
1.5697057094344737
-1.7148864596399154
0.5913066259423865
1.0206486287693524
-1.6327928261371143
1.3766684416452084
0.34894497287798976
-2.3310146432565095
1.063957421597465
-0.6550848651197925
-2.3148050010376697
0.9766634289862323
-1.2158091083190756
-1.9637068595123321
1.6615445871931627
-2.0281748314540122
-1.3649795188860496
1.4623823647198981
-1.4456914412512092
-0.7492601411359213
1.0569223278570503
-1.4286320289184309
-1.707735075492892
0.6731216682601774
-2.0601666968837886
-2.203473761581878
-0.11055097517956423
-1.8888562716036628
-1.717307823146665
-1.1081133795332827
-1.2427904689854326
-1.7486174066123121
-0.23769755088168087
-1.406804668877627
-0.6174829964649521
0.04287915759944787
-1.1735803529876996
0.20572868771524655
-0.563153696592427
-0.60094043266972
-0.5516311415938244
-0.36851901039009244
-0.775696779135526
-0.21849010386744414
-1.2918725133712141
-0.799175206636588
-1.044451056320869
-1.7613933358301352
-1.2161342414239793
-1.4604802163565243
-2.5241989421731414
-0.2879252821457127
-1.2007428608350483
-2.569997298951409
0.6898736725280604
-1.3359236297548278
-2.5061513625311274
0.14404014379292043
-1.7594891582748309
-1.7771906151136707
1.0292379244174434
-1.9997401189528
-1.5323597852481734
1.3171401466233221
-2.1220729066802426
-0.5809695645117644
1.1962439852448354
-1.065516274053668
-0.11184498905672563
0.5810178854269021
-1.9392652023536618
0.2180623870824661
0.2266293434734254
-2.7877769857637023
-0.08015105567113019
-0.7942902224919866
-2.8606977671212674
0.0027829978762450736
-1.078493736097573
-2.47049662206775
-0.8752877171594609
-2.086035756788026
-2.7158078862223816
-0.9779826943761698
