-0.9063655442050582
1.5646505482394955
3.821705901711139
-1.7588314664874092
1.734827714541833
3.3968971529118726
-2.168851657146707
2.483105075381674
2.7536225194095487
-1.9538409025257983
2.803651632151184
1.8093836912201215
-1.1698661215569226
2.3700422885477987
1.3310227010072953
-1.7836404997904676
2.435096029728662
0.5719193237662387
-2.0193934652368566
1.906019063841014
1.3963321986893866
-1.5584095662111057
2.055448840893447
2.189427894994157
-1.2382316052972544
2.5143357860180484
3.11764498675182
-0.3061036746218641
2.1871039939541896
3.380118814502206
0.4226369829367953
1.4763945785306558
3.505133213975158
0.6052894043067715
0.8854567115995516
2.670800750691087
1.356277221005709
0.1618391448754396
3.0133328154843784
0.7947466362022413
-0.7807757700573582
3.2929950584666545
0.0876232829724563
-1.5061251883868838
2.9419814250922456
-0.7589767547513893
-2.037546995135134
2.6209158249800915
-0.27220998967735066
-1.6808260267666562
1.8081042660930233
-0.46694464605265323
-1.0529438945759482
1.2437330257798922
0.0006830176775178224
-0.2824650672256636
0.9735159246744959
0.2357711131450581
0.3589007245970528
1.9187091558350213
-0.24082058272414775
-0.13820165061829714
2.62016898809798
0.8697823624365333
-0.33295323457319453
2.483365828673594
0.39654850790626867
0.054999027937983405
3.294853858869238
-0.2768951335219792
0.8612789940960188
3.5524067928902126
-0.796995366470903
0.7287116297845618
4.45055199025863
-1.7442758213024063
1.1094098443950915
4.164379705033603
-1.46459044503499
0.11830025153125355
4.08225223217653
-1.1195829554600187
-0.5174723608584778
4.670885806919091
-1.3097425898176098
-0.7173004826249121
3.7827768209945964
-0.15684377273854305
-0.632336045591309
3.3381803184400667
-0.43925951017998116
-0.15207047715609934
4.116761685377654
0.3234651963032123
0.4289890111665485
4.2681727396533935
-0.031535873773200336
1.317607738820849
4.367746049522257
-0.09153432355599926
0.6627634616946994
5.123601439618451
-0.22056759992952402
-0.3489952275252502
5.0207639430314615
-0.3304205752839146
-1.056264717715214
4.397646816701001
-0.6926211330808146
-1.7020403337483554
3.4689027522710987
-1.3847250375826965
-1.1440541911647129
2.877888325866505
-1.7030965154225512
-0.19383008684440695
3.171081423374944
-1.2586832382521673
0.39354182543805116
2.37461533820226
-1.6981721847051907
0.23294700422770587
1.4619823027539176
-0.792261528667846
0.09405229037184806
1.6003697100000251
0.1551189515713364
-0.835249924238583
1.7032628003604946
-0.7727539192656755
-0.8031246034595861
2.0187981474366383
-1.7007092757043634
-0.4944783692022513
2.093451359726226
-2.249872711999444
0.3554236531206581
2.427411983131613
-2.769386930986119
-0.3857500402582208
3.0076594298142894
-2.3382683181229256
-1.221090279082491
2.600043098342605
-2.6515681999440166
-1.896030615171227
1.8826158929418333
-2.8836409164438357
-1.352665332641809
1.2115736903136345
-2.980631523551977
-0.28718995067804454
0.7108231140892758
-2.565615945170816
0.35275821826459247
0.6494973680199985
-1.9651143933291486
0.363506711430674
-0.27883699201112794
-0.9482003816264984
0.13746091038610325
-0.35066400618049187
-0.7132839612714247
-0.3169220886123883
0.2705096198405369
-1.3073080897828482
-0.48749629428350577
1.360295684466198
-2.1882452630357627
-0.536666239161977
0.8817279596117048
-1.3880170511625507
0.10122171350267459
0.5830760411730133
-0.5155214189134548
0.4761022519972036
0.333226412315799
0.13462581730611464
-0.293551083863847
-0.008200569371066509
0.3490740492581027
-1.183692600753689
0.013047056539368562
0.0317306340549924
-2.1590404804127785
0.15611378593740105
-1.0270093774118045
-2.3061261925552836
0.14650029193293643
-0.330887786393752
-3.101788422037585
0.16672132234872034
0.20695331220629162
-2.8143703977858423
-0.5782305830297622
-0.1536944757490977
-2.32577698408856
-1.484889173278614
-0.8013151116015484
-1.6603088049883235
-1.755044088717271
-0.847564704907915
-0.6909839770981119
-1.7810672152029976
-0.8932926259518689
0.32116772564786567
-1.8602556930739542
-0.6112846364550855
-0.16943015066786962
-2.6417413947538804
0.08630027541469741
0.2961252259442248
-1.9667540512869504
-0.12295545585516611
1.0356502790943487
-1.5057019032366306
-1.0339319430514082
0.9106666618377418
-1.050257746046017
-0.9440118472341487
1.0657917718952046
-0.18025563019915095
-0.14600922305151418
0.6190631260347196
-0.4934546734789532
-0.3220277268474651
-0.16264939365193234
-1.1367821084205878
-0.3018161162129101
-0.9285199951889325
-0.4221210203486091
0.3282232115336656
-1.752438932296493
-0.7102165134300137
1.0558164652285988
-2.1031918833317755
-1.0867356170193423
1.0389001062464354
-1.333404619692865
-0.5684956036455169
0.569372969482513
-0.4737946965215075
-0.7566634138495917
0.8218601264500488
-1.491810900029477
-1.5488830006585848
1.5390691023490695
-1.8700700999949147
-1.752511458990688
1.0849947386141172
-1.2038676043081624
-2.3589086001508393
2.3412302085287275
-0.81396160328019
-2.227773844043513
2.8816345078502463
-0.07587291646883369
-2.523426519370748
2.582230890620108
0.9744710507533489
-2.317203809004794
2.1307694049657147
0.3223574654545586
-2.5263149835493457
2.374615249518875
-0.16362960310130675
-3.2721302177338507
3.436539720831331
-0.17720018411936142
-3.28180010210691
3.917940845860676
-0.0834206292693868
-2.398565217201874
2.8504197513325193
-0.4554952971413833
-1.5429988662282261
2.6530545483638273
-1.347790609264078
-1.5233607522995332
1.6566552595937905
-1.0444574668145539
-1.571628095057708
1.8614684622565727
-2.129422193886158
-0.840201952429731
1.379545464954642
-2.5942147518550533
-0.15899877510044977
1.083378028286781
-1.863382305041733
0.38520777883820845
1.483886207384905
-1.316526902736331
1.3695686926491324
1.7928233555577813
-0.38214268374429916
1.10708897367097
2.1190522921850983
0.48508217742469256
1.385071101608369
2.032557836804706
1.424444608434672
0.9270507383706977
1.9240875754856477
1.4168175027500078
0.038865209434719335
2.581966766699182
0.7473742665270908
0.518243158663731
2.7411634761057044
-0.16702738567552147
1.051009593508604
2.40114845114901
-1.0533244373050386
1.5504095445641084
2.04331752149153
-1.9871099056278632
1.6727353213124676
1.1050099530366964
-2.2213497882359876
1.302364507469749
0.25306070149201676
-1.670955498225735
0.9877877334017173
0.7391685218074074
-1.5244094498351821
1.8893216033269717
1.6772746900165378
-1.2399417532915182
2.227188535944458
1.8084802100322883
-0.21362925881049985
2.246237267558787
2.1647508137766773
0.6293695064148881
2.628724712713705
2.007882238789573
1.408644341967093
1.9783282156489015
1.3004779131552404
1.9961281174950622
1.3689616246168905
0.5754610300014489
1.6686761043360596
0.9011203531907028
-0.46750613961794346
1.2811697931960797
1.1618687596334736
-0.45866308246379406
1.5151804280420844
1.9280807419308437
0.25100012125381077
1.8172728999983627
2.6471057960473003
1.0757543863534
1.613329796326614
2.3041847633948453
1.3004380754208238
0.5962772995618675
2.2422665761732485
0.9361363021749061
-0.013444854100811953
1.391846732867163
0.6163146052229084
0.4232927442637652
0.7086338967647557
0.8304006935642719
0.4482839288933525
-0.46993920986434506
1.4229503185564154
-0.17262459240640665
-0.6494901547670717
2.480311587511084
-0.16914837446804215
-0.7704761544361257
1.8081044235155663
0.498569136705822
-0.44824314212144983
1.5748778961706722
0.5724952532436505
0.5159743236123423
1.1153230743086762
1.062559877163889
1.15985883229758
0.35482400002968395
1.2098919299670283
1.744345540503068
-0.4378062145265566
0.7939129579237106
2.4970696116748674
-0.8973680571146891
-0.026285841884453542
3.0965775191957343
-1.395282329931294
0.8672416337297982
3.2116793765217024
-2.3990966908296727
0.5570258333839985
3.362456963448694
-3.1881929645313405
0.44090041682398284
2.6999977528434798
-3.374772236745443
1.1102130945264104
2.0055768706877384
-2.483119515720713
0.9692173468447672
1.6436794905298178
-2.587583724566045
-0.17650610681113643
1.5510041088764512
-2.1655245071666944
-1.070852296118194
1.5560947325080778
-3.1442238905409146
-1.0736953344149862
1.9785932004849234
-3.5313914405535862
-1.8960410643669263
1.532634151549928
-2.7915003122239974
-2.270324463415236
1.000792646740332
-1.6486827160541462
-2.1905032585340565
1.2624062348008056
-1.2919007960895423
-1.636314241629453
1.840779054379696
-0.810895279021178
-2.1231447455273567
1.1217390734551371
-1.0575595738854378
-2.98297698492055
0.9449684940594101
-0.971089270743319
-2.7243340751145277
1.805788964398586
-1.7142236252121419
-2.388539718738743
2.302796183291005
-2.3889414900555965
-2.948101250261199
1.7552282362376608
-2.001659445243393
-3.1388561065956746
0.7289232426776446
-1.466775450379821
-3.2239333533678765
-0.13882957179591668
-0.6238261817525601
-3.2322242384899353
-0.7596392538606089
-0.1948304033523642
-3.19024835834356
-1.6677199637443108
0.4089064624046829
-3.296232692995086
-2.471344802111689
-0.16324024385413993
-2.915135310615495
-3.177326818580426
0.6104226991938294
-2.370642185825049
-2.8367326692327546
0.47390256387450747
-1.3700100836832632
-3.03580363885314
-0.3144897736655753
-1.9419995260601368
-3.095368549308478
-0.5714164955754696
-2.5809931978942164
-2.3370905968431894
-1.0273562742578046
-2.623701358392195
-1.4190079178626147
-0.852322712953581
-1.7738666312753155
-0.7064087761568006
-1.3612701008106205
-0.8319159453970734
-0.9204700991382029
-1.738008221785321
0.01833500604559039
-1.2327415784737903
-2.2524667542792742
-0.7952687672880152
-0.9623789376112221
-1.8495976750041043
-0.8186876011511853
-1.756395455343114
-1.5297994373583468
-1.5955035233750177
-1.28693909332815
-1.7838941862020112
-2.546225047472086
-0.7558920520715642
-2.425696598187563
-2.9954844080495433
-0.17210329922771841
-2.002569025126522
-2.1595700186119884
0.2820268329999241
-2.4180586862435636
-1.311248377885178
0.17257522848634027
-3.564521431628302
-1.2008825482398293
0.30688949826599127
-3.8290845008050143
-0.8182405746969028
1.3820612119169917
-3.5443426866165932
0.13343344018525727
1.7695308645068641
-3.2497880869027167
0.8309333380300098
1.0696681280023206
-3.957636175821077
0.17691789234635988
0.8373428051424986
-3.3114272461118475
0.2971849113939389
0.07855265882676832
-2.629508727818036
-0.3119583384404181
-0.01760736844146609
-1.6713540789766308
-0.5821791903044927
-0.13903063080396136
-1.6343676256305586
-1.484678672293414
0.7011059457150427
-0.6180029986304657
-1.5948908401004387
0.18808306218295823
-1.5409103551118268
-1.5572524962679637
-0.2464779245908797
-2.5196878245853878
-1.7035128184488624
-0.672715281391205
-2.370789804361132
-2.2571283126207637
-1.7086945183808007
-1.6637742929888646
-1.6841874058473318
-2.2655918433379303
-0.781501719590356
-1.1660023546346447
-2.623589549652557
0.1340417181140487
-0.8123178247465543
-2.2845141982432664
0.9431071608717524
-0.38383646246075953
-1.8589693704599841
1.191979773879006
0.3571094349268835
-1.2140208265000525
1.7731129953929199
1.1688005985910765
-1.0586024934367295
1.4073421081317332
2.0035401743199555
-1.7110487727851524
1.226967124540141
2.5891623551310095
-2.3224657850440407
1.7986315464530265
1.7444097494899033
-2.5010978190269015
1.6143713836226727
1.117410659056836
-1.941226825207436
2.3355862565984062
0.5818613166395138
-1.488034901021193
1.7444454830090046
-0.20664440601788972
-1.7488640920185312
1.608387571936587
-0.33127147749202795
-2.8194479775192614
1.3508137852502082
-0.5917279498846049
-3.75286195736117
0.5435184824686065
-0.07874147271787402
-4.182700461780488
0.17254590129480438
0.8793479416179106
-4.251159594460313
-0.39336090989136263
0.9170101962578395
-3.482910814145088
0.5265134320649723
0.5583026829601687
-3.364089157901394
1.1783182669950396
0.7824483510961763
-4.23951378675357
2.007639228567711
0.2221996782859598
-4.1619635544675635
2.9685399002177073
0.3441875982440814
-4.052289934711978
2.352935068920209
1.0625485243961954
-4.463577553585134
1.7167263618754531
0.6335644783811116
-5.012073185716821
1.5330651836238043
1.575387040613945
-4.668473483455958
0.882461889432865
1.7185012016502539
-4.154778154462794
0.42195380554057293
1.4567588163473195
-3.0456178143539585
1.205454089849302
1.8598721962216884
-3.2448352558920623
1.5669446938942992
1.5216657318964741
-3.7195258285726345
2.7137158447336835
1.8001366939121497
-3.716435633613894
2.0547583310006865
2.3349961763463005
-3.3164356182254666
1.4925372586114778
2.372674429814009
-4.095008417939437
1.096965374217116
3.3287354223251304
-4.314929648004347
1.1685611511064442
3.050352112061234
-3.4231145911057537
0.5041231179867777
2.621869274642426
-3.9881109684444245
-0.17486284721485698
1.8916057638090922
-3.729326096384847
0.23198919654741448
2.450881358444957
-2.994421637009641
-0.38936039863249927
2.361359514033261
-2.272078474246649
-0.3240593178095449
2.6228090379199194
-1.2827010966092747
-0.909575704325583
3.0670729335331224
-0.5748068280975106
0.0698813873912609
3.301092632061244
-0.6896012230391478
0.7589580537224971
2.8376629684166716
-0.08585391415215272
-0.0035353394280122053
3.3728115611341782
0.31850336664172785
-0.30855811210701656
2.5971159960808174
-0.10171743979949427
-1.1500877336793238
2.260415486938414
-0.15436760254010154
-2.018466305153971
1.6517639659151033
0.00928807724503183
-1.333541261482918
1.5524183903964244
0.7757583844536843
-1.317917612726548
1.2721964716788086
1.6619156782842046
-1.8543145399182714
1.2814315320141045
2.576621097627482
-1.0051029128356717
1.5751496300553907
2.9881996903116157
-0.550141500295255
2.6063949259129036
2.4655105390297805
0.13307590812184633
2.3292215873427815
1.6313024858415939
-0.2161698340781073
3.084777019031016
1.2313474528533583
-0.8858658101154239
2.945838408618951
0.42130150671306776
-0.3904703857422798
2.280798012029993
0.7967359774057349
0.6205530298142053
2.6522237030734273
0.9234441753470513
1.3856290269410187
2.1735261200451084
0.3663896644189865
1.3637694215671992
2.1041523795140433
-0.553258177038284
0.7505635027226008
1.3307757872139097
-1.2620460068522035
0.5190158249907523
2.022564296798176
-1.956694950172312
0.3428535710828007
3.028384431714008
-2.1374203949349426
0.6891096156416212
2.716066231120907
-1.1943949757809371
0.4762708911811275
1.8995686792627982
-0.6625893176540599
0.91190401792374
1.3990448274821985
0.004551529802705777
-0.0968647659679415
1.4117519903672644
0.061980756993960884
-0.5467491716059851
1.7724186345150958
-0.8069779621142866
-1.4953837625298487
1.806511071196371
-1.0702287278552056
-0.845679238910425
1.6187455150123715
-1.7582911400349852
-0.40472594548736907
1.0060170803844246
-2.3720259971808995
0.4444500685656593
1.1682830741633135
-2.1660719281010916
1.2834313400053161
0.9545473738869845
-2.9311881455167317
0.9276861051311015
0.16703586190312972
-2.4824494537135235
0.7071950649341027
-0.30847417107798747
-3.1312277901288454
1.541071312423069
0.25925402511605794
-3.3166959714451507
2.4365280421167483
0.7338172696868939
-3.370599088936002
3.333431228176033
0.7224339784749483
-2.8613001888695266
3.28666947074574
0.6502433229197684
-1.7631159435027006
3.4047074580683008
0.12318458201491898
-0.9173918320471575
3.1301591939725966
-0.30083688470775344
-0.02594986398813235
2.1484984437465084
-0.2207022086113943
0.23854955102194247
1.277517751565546
-0.40483698972456056
0.22527713690593323
0.775231936346908
-0.7846140771665989
0.920312398275307
1.885277048275031
-1.0867286120516095
0.28596955612993935
2.7778906446188247
-1.262586921090057
0.1660471696105041
3.1347401213463546
-0.9293564895978179
-0.7790053769185695
2.344537103414917
-1.0486370000109158
-0.6167350530816547
2.8156833438315725
-1.9036356015930467
-0.583655965332815
2.1065994881990853
-2.0356569861648874
0.09966031852710763
2.2760685388698416
-2.768152019289346
-0.5142816069733727
1.6827550243690406
-2.844602155242861
-1.3257470720559417
1.4170284013157133
-2.8235472221520146
-2.392628818642121
0.6333316616379937
-2.571618779551438
-1.8032165673576097
0.14453257654764398
-1.6954791411141548
-2.0789150454780403
-0.1879197969450226
-1.1751861579096043
-1.334946669067304
