-1.3811235954973942
-0.6225767607332792
1.3611972392236737
-0.9794488009741293
-0.7756947677455407
0.6500847289973782
-0.4646127667576153
-0.8032666123923476
-0.2290959979805769
-1.4234720233298206
-1.264148515794254
-0.20759904124632825
-0.5423918465043042
-1.7518327405513938
0.2895393730796629
0.14373693798370663
-1.3906417353594114
0.9627891766621399
0.20458777948951887
-0.7546807590630299
0.25322153975085626
-0.38824979058940323
-0.1726686326444962
0.7842304427230141
-0.004222293181706974
0.3418217324000709
1.4721986892545555
-0.9075918423500534
0.09785898268117556
1.779928293798359
-0.15948002695075061
0.027219264184348814
2.3368565468459805
0.7849519422228266
0.06540101716947878
1.9980493602680482
0.6830072782919624
1.0143437555741028
1.8672447218951376
-0.3206217403541418
1.2654697800527033
1.725071633517592
-1.1823196260446074
1.101258518835398
1.2510016486430158
-1.4529948649488424
1.592320027684874
0.47023177939692784
-0.5993792401311433
1.600936581460879
-0.11822068254806076
-0.5463588511696718
1.7171044838512162
0.8648255982825876
0.32143635678144045
1.2926241895901611
0.9318656789844827
0.22679991711538072
1.9683165426095095
0.2592043945799967
0.03945323298321196
2.058895661532604
-0.7217631513585203
0.6948858805847349
1.355568364739068
-1.0518736701878597
0.7677660203673236
1.4028199826872263
-1.9942238461115012
0.6088277882925421
0.469800326389079
-2.4126803071854668
-0.15788394692205188
1.1802189001485877
-2.499958388017886
-0.5226034277752546
0.2708994783785396
-2.1127331902411566
0.08026839369955932
0.7726673976897437
-1.479957703931141
0.37292799843808105
0.458186315958244
-0.7656510359975036
-0.4842567085856008
0.8170306040768547
-0.7782805258421421
-1.2306430992328876
0.7596172615439954
-0.10481391200203895
-0.42156087228887246
0.8021123763617959
0.5420408430356555
-1.2993842980372758
0.05297988845909084
0.644123360670368
-1.8813193480877104
-0.614437998667339
0.47259405834066937
-1.4688114134041284
-0.13556716647295183
-0.34140877771190964
-0.696067458414144
-0.16592163627698941
-1.0364826401748706
0.20359770311744935
-0.1754701567644406
-1.5464364152422567
1.0361460025318545
0.5454536810145051
-1.480104662376774
1.0825685509259633
-0.29923253913534636
-2.012960593135679
1.2431604678048107
-0.3225712474716761
-1.0659871832570114
0.30808333492742557
-0.7298792839840065
-0.7121230874470602
-0.17922040778800327
0.08187408904676448
-0.08053044850372357
0.1288098553036896
1.0182322263999075
-0.09018816974183207
1.1334021461595332
1.6178517425723344
-0.018915880336914444
1.674031240898016
1.1895210064551998
-0.8893580185093161
1.9407049382500174
0.26605764046693875
-0.6422063845592382
1.776779596954487
0.21259344245162706
0.33956613926284507
1.2599935360164172
0.4657478216707433
1.205575446543074
0.6928186133343697
-0.3524153340384598
1.1535701672896013
0.5168821119801577
0.41772223951748144
0.44072796034475825
1.1094060720759389
0.5782149681253398
-0.24005270602763557
1.0238286308037197
-0.3200595254341686
0.037839032252629044
0.8785487541742639
-1.2327966999525792
-0.21041410632364746
-0.17592773352525506
-1.5283507478269944
-0.5275775114735851
-0.10008295509509423
-2.0429171082971482
-1.3262866284403092
-0.94342689473359
-1.7903650796764758
-0.9119416811615031
-0.3222271459026266
-1.040734121083624
-1.2237051907292893
0.6224268049535422
-1.3350503141516568
-1.2524202163739828
0.7959146646404615
-2.1652424971159525
-0.7450863371092245
0.44681574430328164
-2.0614536145101763
0.37663404057347005
-0.24189250156543377
-2.279336091165543
1.0319421004148583
-0.8437303176843781
-1.5195585249767252
1.3456311261945928
-0.40554348096244974
-0.5626859003838883
1.6718923907189902
-1.0757189766171336
-0.6691841801096943
2.3113605797410965
