0.6028805285109321
-0.29202450289829857
-1.0473844623549446
0.06308784676142055
0.45625877439247575
-0.6575896503016209
-0.30851286359159025
-0.47840064773348606
-0.6766040989043137
-0.29890837688195576
-0.8334756441107783
0.26674682015978335
-0.48437244616806996
0.12924903221332787
0.10566118378443513
0.1029139160616964
-0.12255900424501322
0.8644028934688851
0.4378504613290737
-0.2483530853672422
-0.06288842695591423
0.32926146796653827
0.6743666330259526
0.2903611731483039
-0.4442005339880503
0.7149384447230582
0.9172945679553787
