-0.14156737882263792
0.9110726675541979
0.8132617993376496
0.36306876485301104
1.3295252595487301
1.4763865082649816
0.8816709480829568
1.6053966132678266
0.6689353692288383
0.5983890044532021
0.8314299344185048
0.13810244256126494
1.6053783282111715
0.7426250771612427
0.2637070118029866
1.730682641099691
1.7495141254815245
0.18084455012014536
1.07901126857068
2.2344840168670053
-0.42152271180851114
0.36353265815559765
1.9899922976346776
-1.0838579406458446
0.0824343675603302
1.2942374074542349
-1.766847800950197
1.1702097664372695
1.0106565468022803
-1.451804153282781
1.1774432915736281
1.2451190556072762
-0.4798934744820706
0.29765455516769374
1.6400983299487812
-0.15964935259490692
-0.4375823227230177
0.8228884948555842
-0.3011563193290901
0.030109199960720704
0.06973069217529537
-0.5710330273257572
1.0429386183564617
0.045357711714835484
-0.21504150727561905
0.7349405702346042
-0.6520698532133912
-0.6205872142552475
1.2207899736040932
-0.30180266622154184
-1.4377529491111423
1.6651396486935992
0.3919493555429414
-0.8739984502869498
1.6654546668268966
-0.5962570247244398
-0.6125470221114386
1.0211981991904613
-1.337132035600505
-0.13974790791819072
0.23890037304352657
-1.2178542221843458
-0.13368807499223984
-0.05540645749929403
-0.7573660372085312
0.8996651980781478
0.10671577530109666
-1.594907067139109
1.6325670000800447
0.4912595327168102
-2.430046988882872
1.0439113746172046
0.507524320497542
-2.1306437570133197
0.03500889678136656
0.8148340779880435
-1.4560876533541391
0.7540814185419192
0.5192950352369267
-0.7618575470907675
0.36448972811820857
0.8247203732289459
-0.7023670889621819
1.369990854667475
1.4859766881543068
-0.16740922163763175
0.6980986592221439
1.1007738574270989
0.7119695777983629
1.1599106643849573
0.2692770693975115
0.15661972035337057
0.9063756752568084
-0.3530987682011726
-0.3752680563524637
0.1549709534755993
-1.2925834866272856
-0.6693567026711567
-0.29030214068849935
-1.3801132289298086
-0.6398790022354364
0.6106147521963674
-1.1941514780223808
0.1818514921551579
0.11678779780094331
-0.5726106888365378
0.005266190620153981
0.9071993577762517
-0.06529066929352191
-0.4119337411365036
1.7083489724973817
-0.180129008951424
0.5595147126234243
1.6641607379230272
-0.6268777889602173
1.4180704697816522
1.4631382666191235
-0.07299528653607404
1.9180343548954932
0.8118822839057174
-0.9190027895137501
1.999735242721613
0.28173662721410314
-1.2980945863633297
1.3417737542108246
-0.36268188124449646
-1.157041929993177
1.0980521863326427
0.6699842406227545
-1.190502012961113
0.6142135770021425
1.5889559770379713
-1.148720512338205
-0.4946955043130241
1.6695756351632418
-0.9179805789962387
-1.3294448362417965
1.170422145100812
-0.23190218297965975
-1.902855934280875
0.6347847713696325
-0.8820852250615152
-1.2835641996746163
0.22602852796518816
-0.34396254077094424
-2.097029064970589
-0.45468527346752735
-1.263878286212889
-1.67298131492892
-0.6600026449597496
-2.0838888222814043
-1.103172210214297
-0.8600401134477009
-1.8457360938807303
-0.14155816068287355
-1.101713757583706
-0.8745105762256243
0.17342798320430547
-0.8049685280094335
-0.43465310657013817
-0.7926568333917745
-0.7267050935296723
-0.514902551016547
-0.24806586219801394
-1.6155674090603453
-1.193095806148674
-0.9341048635642348
-1.3316993158285124
-0.5022585781546225
-1.6148403183950495
-1.3031905808175255
0.42871824606393655
-1.6168006928084335
-0.8685931269656086
0.2580515364588525
-0.7978835404916202
-1.4816060835624407
0.35406914963438146
0.18631473069889273
-1.5009278663358037
0.28299407381392766
0.9283825327739326
-0.6733855647296249
-0.6936797120689467
1.086645748654668
-1.1290055477571899
-0.5448541250539906
1.937942141922729
-0.6497253633744069
