-1.2814829621085129
-0.23513691836213454
1.415236567033317
-1.3280431139016482
-1.2131819698238715
1.6919775318769095
-0.9739388827502778
-1.8095007964556167
0.8997893535251834
-0.7484163420338513
-1.2204832087378492
0.09410790267901485
-0.9038704016857437
-0.2569270429513193
0.2837049576742906
-1.5313420896728192
-0.9473436726260948
0.7092108644152862
-0.53601760359173
-0.7922002572850061
0.9925864898165103
-0.3789505045169203
-0.33644808370053525
1.8406717106848876
-0.48731557240764095
0.1680567813790894
1.0505071888808808
-0.24210519522409352
1.1550794502624488
0.566391999335015
0.6217063678168373
0.964883408510734
-0.1470775752586821
0.4447020115379719
0.2543855282116089
0.6477633379809316
0.3341263009088489
0.3429270553188427
1.6093063873280657
1.1588367964893829
-0.032527149797479414
1.2241671949690893
0.2942380535806264
-0.5016179749445879
1.1145821942563354
-0.015830541051731067
-0.5814843455488681
0.21115878711975378
1.0047628086785088
-0.3380581985734811
0.13764184723848202
1.3410728368221072
0.5561093702610589
0.4456627827891591
1.275054004310529
0.345245751638242
-0.4823186958121748
1.5277111744226894
1.1475635352060278
-1.0799588649909508
0.6893957444427865
1.672317019072691
-0.7924135495515692
-0.16206919118241248
1.1770966234074882
-0.7093583674801098
-1.0222004355633758
0.6636683387135661
-0.6563337986466184
-0.9251373152738611
1.5260952462592956
-0.08216396149561618
-1.094725522245296
0.6856326808375007
0.36523927327118755
-0.3506946650182636
0.3905672105067438
-0.09428380415593225
-0.6870849139556934
-0.29282122989496673
-0.6242907176205212
-0.5099638309954015
-0.621755841357299
-1.563370026301518
-0.2839028334863044
0.3720984761927846
-1.27634468485654
0.5485936409866325
0.7492015484473526
-1.1121739609782135
1.3159252567943942
0.1731591088014601
-1.49012643615349
1.1463626467833832
-0.5678877801725876
-0.8244590043399249
0.7872563203356416
-1.2645020303719725
-1.4519695016366911
0.10550215282667119
-0.9971892868238544
-0.8224931674601279
0.4566530953661988
-0.32608924189521793
-1.4857873355754099
0.4111927045623694
-0.008932103704205475
-0.6047829185601333
