-0.20659406384348172
0.18745630910968
-1.5696012896061684
-0.8016084090257368
0.05642810296167253
-0.8645667887869398
-1.0121468962668665
0.6247997653285892
0.04403641247513432
-1.2015029386168066
-0.4117681278999608
0.18992429555733922
-0.3414430106878345
-0.9582890566150585
-0.2877160238440913
0.32301177773922546
-0.14715690545825771
-0.7527889524738186
-0.25703934420640195
-0.7596655004633522
-1.2592249830501814
0.5282004310913283
-1.0715930376487166
-0.6840470270885198
1.1485507987434647
-0.3687540606035947
-0.320955197089243
0.42553826941877454
-0.7154334775484805
0.2552779857834272
1.1604174736542734
-0.12916879806018458
0.6686621558323343
0.7790420135307994
0.7951903924768646
0.9450251859132373
-0.030767816429635796
0.7509567460264256
1.5392881290879403
0.1893096335257951
-0.015202180236325673
0.916812153358689
0.5846380434574074
0.4272103345115444
0.05260808540108987
-0.13980656514004106
0.7917494553795976
-0.490857163465028
-0.19492671185884575
-0.01502078331831808
0.19394977951308176
-0.15895916211988
0.8059489026953445
0.5407584899187872
-0.7939135229655438
0.1523119193625316
0.8834147525629569
