-1.0180282928705044
-0.06419023142790943
-1.1533485766735747
-0.554606743906119
0.2893574663929351
-0.3894002910699405
0.05776668001161776
-0.3006213165407038
-0.16111525072044008
0.1674725879318788
-1.0479993061713575
-0.46420837276855015
0.3990024190402532
-1.766376016100325
-1.1521007808185852
1.1826815526814918
-1.4961023607879023
-0.539969804629365
2.0354597967669807
-1.8149520186777996
-0.16469373693449213
1.5747872434454837
-1.3361865702311821
0.532975753010473
1.113197956557926
-1.9633011755286476
1.103339080234508
1.6781508803896255
-0.6880233136824724
1.2630716513277658
1.636602341640201
-0.6388655075144959
2.3470485599328326
0.7027656498732678
-0.334598358322401
1.8852438621606664
-0.07161433807224996
0.26512386345675104
1.902095710734042
-0.6393476669496858
0.9085131630145838
1.1898352812499953
0.44537753566665095
0.9303551750440532
1.2769303643588041
1.2302760725404696
0.24465478337094343
1.3386453745964328
2.0780420130694237
-0.06725145401908139
1.7951163232155056
2.0683939757320515
0.06360653139221974
2.840461667328706
1.3656041305169773
0.7900616960674895
3.239438521570285
1.0374997027124633
1.7372432090847214
2.576301918243191
0.6064729103264198
1.7619613597460908
1.5564879191860639
-0.26246617873116995
2.191004283575841
1.5047567990275676
0.14789994712979443
2.7144888432680605
1.028407806119111
0.7399017131215926
2.0214360390990898
0.5772747323831867
1.7698687634314478
1.8504382690770784
0.2029989868453804
2.032432632132261
0.862637324289639
0.20718091777456712
1.3834098241309452
-0.009496603041801305
-0.06891911171575837
1.5629413943039538
0.27848442126523076
-0.8334574443328492
1.3442443357555602
0.7547474296042843
-1.8211805682384075
0.3841029331078991
1.077873172333188
-1.8297214857481243
-0.28490340913156675
1.8296980137411878
-1.3157747551866539
-0.8994649006583924
2.306495288046858
-0.7518583049980406
-2.068249835710114
2.0695697188437374
-0.4159159603290472
-2.0961204089422507
1.2177826791350652
-0.1459358827566865
-0.9846654145327535
0.9214184569043286
0.19303303804683275
-1.632134454321827
0.6087121029492341
-0.5089571747315191
-2.047002369109408
1.328476423926708
-1.0445870790955643
-1.7022213207059496
2.1703450520068035
-1.4022741815910775
-1.7351885364077033
3.0357867047890346
-0.7351298374880374
-1.5614618617139735
2.6723895770520616
0.265241275595973
-0.9182683062865177
2.7743064883984307
1.1027887613574476
-1.7254853543535817
2.2997490522202573
1.5117598927441669
-1.0081175879317392
2.666485753964728
2.098035092153165
-0.6077815389734845
1.9344058522060117
2.7228500035623227
-0.4116716903320751
0.9082129433680494
2.796165549014511
-0.16001962473308123
1.2323902680316696
1.853388509710045
0.278151544129707
2.2665673802164523
2.3951911727843216
0.9526859087679043
2.7539004931436426
1.7027265143056984
1.5366779109269733
1.9793162548858574
1.2460677703079304
1.2167355286947417
1.0493289276515363
0.7556665149636894
0.7950530955035962
0.3063515684285787
0.47675547122705036
0.7464635112056931
0.32945454711581873
-0.5236085805280245
1.543258366499831
1.0565889352413649
-0.40184387160498136
0.9751290949139393
2.165540370782109
-0.3887955879632164
0.5454650834757311
1.2005136901030002
0.011135291495693148
-0.2439140158514279
0.7817917794784484
0.2961010952336125
-0.09242260587361091
1.5954068155121206
0.6530320138457545
-0.5671977972813164
2.490055414897516
0.20257877586874645
-1.1324947256098383
1.844369203680409
1.0042622688193434
-1.5353196846423807
0.9250566397304639
1.265435799740389
-1.9765875914908075
0.2260310063002322
0.3042543991398091
-1.5083082655448325
-0.258594016055548
-0.31491731119287564
-0.56367661708479
-0.6595056867216764
-0.49223450458859946
-0.06150550956594494
-1.1235600519879672
0.33189191612308083
0.7938072658896459
-0.7230386411860049
0.21797065615236572
0.5113534731304666
-0.9750801161053532
1.0798617502137526
0.6512274845027833
-1.702539347123799
0.4606584039827427
1.353080994456428
-2.4838455726907402
0.4207486899325927
1.5717952211809245
-2.738793298840315
1.321652908300696
2.0623599624584954
-2.0361328456386207
0.867659269284722
2.389226772115629
-1.0950219511809303
0.9535589826669307
1.9711201790259811
-1.5505077185167204
1.6806696890413768
1.0904078898451168
-1.3694995812193593
2.094658688258044
0.8518525092600066
-0.6689819121538803
2.741219587843905
1.3548655975988309
0.06453119692919576
2.1680834828986435
2.1088428964906263
0.8438286198671975
2.20855857061556
1.3164681652136156
1.121242805735225
1.6151561231815557
0.4388196117348294
0.8583437673368687
2.503412009644342
0.12476319598087499
0.1344445741398903
2.8809347941340318
-0.30298017205233935
-0.8322825993837021
2.8068657935504033
-0.05430453346362222
-1.2326120397972207
1.9221846461429501
7119627125353085e-20
-2.0525828681773057
1.0804614071619965
-0.41582880594640614
-2.0860465789962057
2.019460069460235
-1.0154951973415651
-1.2659843929224601
2.2823867631387635
-1.2930154837175212
-0.6262270044991081
3.0014816151062935
-1.996293526342616
0.1269118584925555
2.7799814465422314
-2.3330258092261182
0.39806056442328414
1.8979793887900445
-2.3521842419195327
-0.6756628539236725
1.6276517562715995
-1.8564111040491358
-1.2762305097031283
1.0824387782302978
-1.6787625599888742
-1.9423142404100084
0.27773851035045594
-2.056117885656399
-1.1677397419090316
-0.1549354670857971
-1.152109754518822
-1.145726059351415
0.4261280872245544
-0.7684982732895038
-0.07374652841356362
0.41150982096908895
-1.7302657548907487
-0.37365596642157933
0.9407359360851684
-2.6153130643475926
0.057378397471541207
0.9443650504903037
-2.6736292150690946
0.9877134258216128
0.763755065095355
-1.9574481489955255
1.9173529525288437
0.7091707851233913
-2.2669492385133254
1.3988173328704931
1.5738619596245271
-2.21324434225822
1.0952443200437623
2.561388610779607
-1.6703765356043463
1.9674246113339005
2.5231871816586424
-1.2911918828807671
1.4845939863563122
1.8106419112777405
-1.4743742252654515
0.7423489275840992
2.1321289287865404
-1.5774407344809915
-0.44355937291166153
2.098719292233635
-0.6729264929482025
-0.05940483004308546
2.52352481259285
-0.8239399310578108
0.10590057213048273
1.4186321554994876
-0.08094242638019625
-0.19617893833971656
1.012993703705049
-0.6358935172889094
-0.8090397615439265
1.2318799062699708
-0.8015459960459199
-1.7279061032670815
1.2362609919158696
-0.6083888313964761
-2.6421495085870808
1.0761851383443586
0.1734183945901545
-2.627252569668595
0.4608218277980514
0.8623409185431935
-3.2453438563233523
0.8176270962431161
0.47013095415735645
-3.449163032130027
-0.10212819476251445
-0.29268448844980116
-3.8079090204085118
-0.5507919296938389
-0.7233944591610413
-3.2391373890215602
-1.2270173163457547
-1.14006515078298
-3.378244041483211
-0.3934351216170094
-0.46179823232171335
-3.4072842767940306
0.3291728772871415
-1.3893825331655052
-2.8776952805407894
0.4260018613241572
-1.703362882735393
-2.3881571020330523
1.2142440887785602
-2.5571120347722323
-1.8859583760562222
0.8245097277094152
-2.490375258445888
-0.8877299829877849
0.5833773165449653
-2.458227270593383
-0.3185526297534921
-0.2808494361220406
-2.5610262122013157
0.596260392465765
-0.6755609386742769
-2.8321845144551885
0.8835879710004911
-1.5956518638389026
-2.251512373518208
0.2502100318610919
-2.0818900543766823
-2.051333944990124
1.2003641581401006
-2.2092707985261484
-1.2157485092090066
0.6875465079280795
-2.508102127632292
-0.7907102139161433
-0.23775884869600783
-2.755515267084717
0.11222548824552399
-0.5236665248490427
-3.1003940932999803
0.6220200455495614
-1.179746410520875
-2.512798806109292
-0.3910028363709966
-1.1218649253949498
-2.507016235310863
-1.1396753224496106
-1.3271445470387748
-1.7921940522066682
-1.1049799338247643
-1.5276071912674427
-0.8598023888374915
-0.12494758374181625
-1.8239604590861638
-0.548667149042798
0.6503832925844796
-2.402179346980855
-0.4662596750723903
1.0011791271034198
-3.1307161454304713
-0.922359278013489
0.9526857723311023
-2.482612416693431
-1.7037662153250588
0.2547108185335488
-2.6949282349723114
-1.2468427926633938
-0.2691103935982319
-2.908084820857942
-0.47100865848925705
-0.7246003177429551
-1.927489822930586
0.3874567163463481
-1.2204924728584776
-2.366285168518404
-0.4903195883454441
-0.7720822563489749
-2.0573157537251308
-1.339585351161929
-0.3860231551665479
-1.3312562218642923
-1.0877488253521572
-0.03624371441855779
-0.08697561803377665
-1.0821335017846003
1.0474645554772375
-0.4618166165070862
-0.811374715153922
0.5008563900826867
-0.8531693191535318
-1.5747378854127012
-0.6111069236776884
-0.3638472920322934
-1.9346138264582398
-1.4433349992364413
-0.35495585559204934
-1.9940342119049
-1.9736979100881782
-0.062159229620664835
-1.1307852446178224
-1.5209895969288347
0.6678247549643027
-1.6306680739269213
-1.064842219954854
1.5972601867478027
-1.8926645777057685
-0.8960292762684066
2.562031207618434
-1.722905857306983
0.06115852800839722
2.944417014069038
-1.9202732974354386
1.0046742347745885
2.6468566717438278
-2.160849720100782
0.6209529125789134
2.3142456857490354
-1.3626756819797394
0.190724870225714
2.069415289318732
-2.297759339480824
-0.39740856753449
1.1971725866091363
-2.543014576477173
-0.42889946442798443
0.5779718537756087
-1.7241110173874878
-1.0014791511481125
1.4096571071104664
-0.847834791606306
-1.2968458316100762
1.6789093433836029
-0.08356753629441038
-0.24475779707306106
1.7140813079210522
-0.46086567006582235
-0.09519320979322106
1.0470220733882225
-1.0968530980806286
0.5333876715289525
0.413793211149478
-1.4915128641320108
0.9784790699014957
-0.16246677603856158
-2.2482712363080153
0.07666930498957689
0.21475334042482874
-2.3682389249341242
-0.2257255301112224
0.42116128091639493
-3.3497475701951647
0.37038172935049746
-0.07408016056967781
-3.9819653734310805
0.8196326833060834
0.22966493028012067
-3.148411905478327
0.9668644955495755
1.103459037008962
-2.746733648444965
0.8475402326476056
1.746965420376175
-2.0910804428756995
0.819739886207831
1.428412085160757
-1.2548557155910525
1.5766294375810739
1.242298617663824
-1.2253867990420604
2.3257008446191736
0.5440228971079037
-1.7160127809730135
1.7162107437515812
-0.2839557060478394
-1.707470813452445
2.1268850227591103
-1.2406916305379163
-2.0323956859400965
1.2691025017557414
-1.3932505610707095
-1.741825777088278
1.7561620455232496
-1.0097263025124532
-0.9759073344052761
2.1375070804506247
-0.8198652176480293
-0.14128747177213788
2.1879521665225004
-0.2302006215976224
0.6586627386958311
2.078215417060488
0.7410761373060599
1.3098143125399715
2.5210998079876177
1.5219981571160843
0.7493850891809527
2.669795036768772
1.9883031021802124
-0.11300212175604109
1.9025485738916472
2.1454472389578965
-0.7713698572774739
1.8521470363640047
2.1861031800027058
-1.7880949204460905
2.003997861907134
1.3632700164694334
-2.4619111580937605
1.8474659133187368
0.2520324873647365
-2.5231853486645814
2.596408130094533
-0.28343300891357787
-2.143644803316726
2.866207825387389
-0.8443128448332086
-1.278500385116722
2.416662008552638
-1.8045478789419818
-1.116708241016883
1.5704331246976027
-2.3139389477318737
-0.8976134304449447
1.932749524466042
-2.1720928330050504
-1.8808268045754264
1.5119919443285297
-1.667571942689763
-2.634005007710539
