0.9443820811210059
-0.6066276710044111
-1.934472345109801
1.677215609426767
-0.09008765716829233
-1.4544281075058292
2.144940314377496
0.0694493460531203
-0.594570092194167
2.153738018942376
-0.9053622431489508
-0.9892043382099499
2.556662744474154
-0.8779832229415319
0.0014111336215410766
1.433252774598908
-0.7396840140556857
-0.049000771683556876
1.6606329445323549
-0.8705821650014466
0.989277233509546
2.087992394991452
-0.04389954374389212
0.5219534295204742
2.5208610734277035
0.7028960080285254
0.013153602173868661
2.535386982430019
1.6388684364440296
-0.42310712793793576
1.5348907186284748
1.9627120863660987
-0.5566984093487763
1.8565152552094364
1.3868751214455897
0.2899412859301516
1.7291728824357069
0.7135802793567451
1.0195229247559798
1.2409363901112458
0.3858947725178973
0.3354717975447088
0.9746700524910954
1.4247224251345503
0.8494721688614405
1.1559522401930338
0.9527428575234316
1.7267301496349785
1.364054712109068
-0.016396011069261626
1.516067385864883
1.0472005361749905
-0.42539089946999037
0.6758283921024228
0.7625130961383769
0.6440261562860901
0.929411593641557
0.18598022758376379
1.3602567610178775
1.2570064459384538
0.25435470529942383
1.4189866230343817
0.27472064954769515
-0.5721713669848592
0.6614325842621931
-0.17181836769066589
-0.5955542697067204
-0.18263098598146993
0.3419951168419426
-0.009120320577136872
-0.8227144828096677
0.5938567228476904
-0.32293963761512096
-1.6465461731413125
-0.018801038045264534
-1.0781321062217217
-1.8158220626664487
0.5659442902878443
-0.9951550146978095
-1.6515336482723164
1.5459461311625349
-1.2978702958128807
-0.7147402465938651
1.896778128296701
-0.6358714791108481
-1.272816139722509
2.4416728407059276
0.16345419827983843
-1.9010989840234365
2.014599690510414
0.809819011780774
-1.2177327619567335
1.4510532082619387
0.4139048845823136
-0.9186674501139115
2.390706968287791
1.0954047932506668
-1.7157985979897337
2.3495477385547745
0.9140668107382339
-2.1843687494629815
1.4704862355335748
0.12995037711052568
-1.789124163440395
1.0800298938005453
0.9583765932765202
-1.3715191661418358
0.6268611630647275
0.6331538271318248
-2.286463777468184
0.1388988415892749
0.580427182570194
-1.4034538709502635
-0.558397140218242
0.6145962784371665
-0.5923517438479547
-0.06253022460485139
0.45471997418794474
-0.1739557154223369
-1.2500335920667183
-0.23720972954551903
-1.1494215588418493
-0.9114386247588673
-0.9099486997636672
-1.408764391982123
-1.3137639595701491
-0.15358285134766528
-1.9581775497280025
-0.890852074807055
0.45723091911901087
-1.3823748745871351
-1.4493680108037605
1.1339917572271205
-0.8140348939143172
-0.9477060741555036
1.1565745477190097
0.11420733894169778
-0.6492228547893999
1.834782181599581
0.8735311892869876
-0.6952474511028957
0.8548752317887153
1.1428813872340076
-0.34676736880966574
0.37204088512810457
0.3652235056386593
0.013439777521788019
-0.3719366649925148
0.029819656289917174
-0.5110067080619682
-1.211059068580923
0.03474164004891574
-0.3077335553378546
-1.735862671641298
-0.8272658397644257
0.3555447117360642
-0.6765949589614965
-0.9315385433127135
-0.043259079896914764
-1.0809566044670016
-1.8642170413066188
-0.4386551852861472
-1.6127062472334357
-0.9880069095358814
-0.7283412073151766
-1.8680240842255014
-0.5163399092604765
-1.5301021802401915
-0.968116555612509
-0.44664528454464136
-1.1969126587407142
-0.23717926375113094
-0.25337202514570395
-1.9233639757870213
0.2504394948745548
0.5420216788073919
-1.8882568120475454
0.41059695171496646
1.4873087918468753
-1.074743824008088
0.2862188570410918
0.6533784980089222
-0.7718698729088281
1.3313033557665812
0.7914493303281692
-1.3975796268848155
1.2054618090754328
1.923767686922521
-1.4910699351542755
0.20576737584202273
2.2691748810427117
-1.3990974789627755
-0.8502778851484581
2.256902630625365
-1.2107803251598463
-0.24394688070231313
2.6283480204263303
-0.5544178244609479
0.5780704129709736
2.0370155329247344
-0.4253732399675102
-0.32653955580027116
1.6491670237039235
-0.7450365031816661
-1.0972320352205065
1.3044963752965224
-1.18661349788185
-0.5013720105822465
0.4957671173106645
-1.3573102010324862
-0.29888326514863023
1.4197344846955937
-1.6759922418202267
-0.5591580774628504
0.7340856819106596
-2.3388370050702285
-1.215445164360414
0.09342024126959829
-2.0177918895886164
-1.5973401475693927
0.3358770317676017
-1.14764523543411
-1.6021658991405014
0.884221969563744
-0.27678251160230866
-1.9676215286089014
0.11600919647115857
0.1768769503713742
-1.7440844155731567
-0.21607373150979467
0.9021766641344222
-1.3195059724838103
0.669961287488507
0.5371087824838484
-2.2297156636513824
0.9057169064446058
0.7546859913792908
-3.0422838312947857
0.40370732543975646
0.2909494195323943
-2.7067491632071885
-0.6417038785699698
0.3650621789695944
-2.255014216370998
-0.9160949678996866
1.1578097882441682
-2.5688561841909157
0.03036525294294983
1.162969274205121
-1.8512558002709478
0.5883040490203111
1.6249273855403492
-0.784468223207182
0.13033129669443697
1.439745280874318
-0.9264860457620943
-0.9056799115949558
0.8508334429494481
-0.16775738970960213
-1.003788323283693
1.4432701967577062
-0.05128142554293773
-0.22839297410374673
1.326148376431849
-0.26744870641991625
0.7695077165232279
0.8505229555576
-0.8533018895132198
1.5124158496418831
0.5692236669165746
-1.0683501981168235
2.173940724465248
-0.223639456754567
