1.0507393288996982
-0.6596871182694353
-0.7431089948832734
1.3790667435792183
-0.46270510629145
0.19158461285553993
0.43552681202555793
-0.7917967039833503
0.05204075467228136
0.606365696256547
-0.06670573401431257
0.699992685413089
0.7530389606095957
0.20191770881214569
-0.2744131501334682
0.35092375958815575
0.8352811244345589
0.37263449893092865
0.002955109126907082
0.7940575004831155
-0.5503305715084663
-0.9797955120033001
0.9276638474909186
-0.7170788712530112
-0.6459179345027285
0.8648669390063558
0.21871544279527785
-0.11783932208449119
0.03197005029711555
0.04062844025508066
-0.2622985016724283
0.34337873978657907
1.0021297368508277
-0.2372231293243448
-0.6478554661257719
0.7842270797844844
-1.0327490839346825
-0.06131783783441762
0.44682731043076346
-0.8673742626299676
-0.05651074181387167
-0.5751512386975889
-0.5167794900807173
-0.8761559382368215
-0.1600917577381037
0.08136082614700434
-0.3764012637413702
-0.7886059777743496
