-1.0705345702803262
-0.05304093633123749
-0.28964227116471697
-0.46296205692614967
0.6142846839059083
0.13757315194142694
-0.5817010961481154
-0.30122521188503387
0.5437096045294745
0.04833614506065093
-0.5133278784196685
1.2898055449608867
0.2622801180023286
-0.8282472683132741
0.3673021948522423
0.30617750199522
0.13582060574374527
0.5724546482041875
0.4624719025634836
0.6685850471606003
-0.24385979469695834
-0.3110988485291265
0.6157370648677826
-0.866856797119025
0.5380563724424768
0.08364055283866897
-1.0553393683107093
0.8919733433693643
-0.23599799474278643
-0.1559049165662465
-0.08299881154980673
-0.18622866482470543
-0.2992419966305549
