1.102486307456214
3.6602092731743268
0.45055517741797396
0.7966388293857561
3.838232650292188
1.329272146155904
0.4317427296365722
3.0133095888349057
0.8089726599083222
1.498757612337148
3.113242607144445
1.1851067898945649
0.8548081804245325
3.0615933799430306
1.932919930311755
1.2222687080775936
2.145218337568154
1.238542350409782
1.1891056553904757
1.26953316605644
1.5573221690641401
1.837061627197156
0.4989846708667045
1.8518004665444
2.8364108374454253
0.26448778412298884
1.8235453753237998
3.3521380137807104
0.39627648908664603
0.9603966230995234
3.7767661563414956
-0.3598945811609689
0.4693325099490697
3.246339274562959
-0.5050958715640865
1.3065165337801776
2.7200962057762017
-0.6910043296851259
2.133502834637676
1.8760947612883767
-1.1844423038256051
2.28171107400765
1.1988826497039464
-1.7121869064708777
2.417889878970105
1.9988227837560903
-1.794410938286147
2.9555717957056924
1.9515797005004947
-0.8094359665221161
3.2645077264083495
2.5196430175407696
0.043263229817070356
2.7815225131656613
2.45743348944533
1.01754474015057
2.3547003748704234
2.0268927307168396
1.7471278462663171
1.6844219837954353
2.0564451660773253
2.3564669218130474
0.8504195593243215
1.2304686091798775
2.6089193412463745
0.3672616491031137
0.39067185988520164
3.1095452186572983
-0.0024632178286921463
0.5114730871198685
2.9322140852485252
-1.196486459163818
1.3937984980818032
2.4095698894815243
-1.5541311640919249
2.317034936079695
2.080176206230601
-1.3534145863894822
2.5816718405684975
1.4338475241887798
-0.6089684229376604
1.8467295512838584
1.1033023397046455
-0.0061600668417383445
0.9898867651766305
0.979056934498818
0.7069051501301916
0.45198585886012216
0.554972171905852
1.2911879631944467
-0.3214220249913553
0.4954519413576543
2.1781558496443245
-1.3096218669455226
0.7493835949514974
2.001550081598991
-1.5717166493254011
-0.011407876803036725
2.636922943891293
-0.772648357339864
-0.34299039076105187
3.0628749357108216
-1.4105027808918569
0.020625141386122012
3.6098304347892753
-1.9293586102297908
-0.6845807723192714
4.077766782706514
-0.9446837405350956
-0.8231558083132047
3.9209426019207423
-0.024895774107809285
-0.6167710813567875
3.543437754623404
0.2757893626078129
0.2770776244226089
3.8093063894101946
0.08438140017782093
0.9223144781369278
3.03126453180209
0.3111700392869597
1.301589900944781
2.126925300551165
0.9853163525996852
0.4185603234225584
2.2570850253179953
1.0236276582326915
0.5382488584050107
3.1832387710967804
0.29482330311244953
-0.03726956108375025
2.78174464950609
0.34846071467636774
-0.39993581032717007
1.8161823767182224
-0.02143254337334409
-0.7337438689624912
2.292772300372807
-0.8685383364026141
-0.24304346766711107
1.8578435752642006
-1.3595888147301376
-1.0559692384530484
1.2212542754401237
-1.1806940779893713
-0.19639045341052155
0.6008708889546769
-0.8584969473400484
0.46893706912440936
-0.08448986737366099
-0.676751009512086
-0.40765876200483003
-0.3297121791049445
0.11659858306665766
-0.743412223553989
-0.6993822190204814
0.9062944285533926
-0.26365478740447656
-0.492382293603552
1.6776708018505038
0.1637338239596523
0.0008963472392447829
1.6543457893200306
-0.6778382463455107
0.632311021154972
0.7489746126280571
-0.5240844484639388
1.0329628747361945
-0.18303107523730283
-0.11089004417186854
0.9661333121694096
-0.5613691686860941
0.6675195564332943
1.287280534100582
-0.0900738240492322
0.9009077923928607
0.24538665924139116
0.5238060838156322
0.08793517385289579
0.4828937360622444
1.3217736913436007
0.11737098149119744
0.8694893750562341
2.258961525167111
-0.36432889024301435
1.257330062739747
2.410898952815425
-1.2196351662440532
0.9298157459585734
1.7206751587076805
-1.695312670219989
0.45031340018940924
0.7207755323719842
-1.7270349978848076
0.7687741805726873
-0.13459862498113742
-1.0180607401431194
0.47907757792855715
-0.316074550808503
-1.070392196465355
1.3663360018040105
-1.1564211747779123
-1.185838991538062
2.148190168323477
-1.6837872407689325
-0.9373986003160035
3.144021102310575
-2.318712123626883
-0.23037584396944089
3.277480535298026
-2.5636598722169377
0.10737579106959866
2.3482284031266314
-1.8204828805232451
0.03193083599488472
1.6056097009967105
-2.312642893253965
0.872005124385011
1.5330755668755718
-2.7677762592836466
1.8223495182563652
0.8383346987849033
-2.087773076551414
1.9912568955529886
0.07754331757643947
-1.4268769795731318
2.390572376102541
-0.8968792542118545
-1.656770117397864
2.5953189899939537
-1.8016939035060004
-1.3196959695536488
2.086020379121181
-2.6876379069919905
-0.28482538536896973
2.5236003719252142
-2.855926663595002
0.71516718265856
2.6442996301034087
-2.7854438720578436
0.9577944805452867
1.9173776027634764
-2.2183481720963893
0.3642750676567572
0.9659530010779255
-2.3971893271042033
-0.51338813703996
0.6397706973306218
-2.4744812718121034
-0.7032476387870776
-0.22583978423603848
-2.7262259814435237
-0.6665859023297188
-1.4327253847809158
-2.940077362565778
-0.4240633386073288
-1.9892571802468346
-2.124792718978472
-1.3458436970242857
-1.8165064476252983
-2.2977214548343055
-1.9032004188183695
-1.6115060967616877
-1.5083279495270308
-2.2550118069539424
-1.2541252048387974
-0.6704327616371341
-2.79685292655132
-1.3106420889362633
0.19000069686129237
-2.0010253080644453
-1.6171770074049352
0.5931444398747396
-2.0386776271965297
-0.7259126973219979
0.432048499925375
-1.8611401514493309
0.14203461210452606
0.09068007316612396
-1.4144458113307448
1.263160395611706
0.012598009231820516
-1.765660858420209
0.5922088542741225
-0.8595033452874711
-1.5305634078513217
-0.3382585657404528
-0.7996212772952666
-0.6861186016200135
-0.5151603656011744
-1.2347580696388973
-0.814896956198179
0.06565593399399419
-1.908001054080125
-1.4002382907966857
0.8534793752579504
-2.114458948098454
-0.5215770695600559
0.9756314090721209
-1.5960415378175377
-0.35074053778111397
1.8706646520447225
-1.165055167855341
-0.6056132300388589
2.782198636687143
-0.7290169485923672
-1.4494663728700123
3.055155668922763
-0.19622362037967203
-1.6298504314462972
3.7888236252517276
0.31615445900744304
-1.1705791327674648
3.87743046244345
-0.5520930465305379
-0.38323658601343524
4.337049436119808
-1.079931016967133
0.5038215435875124
3.9492785705469777
-1.1631336534149013
-0.029439679969091435
3.5902063397561794
-0.5443666903170902
-0.4090427447608118
4.4732316897187285
-0.06857152580711551
0.26584114549450577
3.853490457005478
0.5993323436987315
-0.36489777975871296
3.2780129857057396
1.1271844490865688
-0.5256232617544291
2.684155832671423
1.972123050910076
-0.5234551719642658
1.68452427104721
1.7773034250139024
0.196092048651656
2.127041341142184
1.6597695113291455
0.2978553618518128
2.1351344276939064
0.5527825889468498
-0.5538726938332263
1.6974440596897127
-0.08914031912530812
0.3157160209686749
2.2285210473188704
-0.5221970605043497
1.3136293593201032
2.4739528518741456
-0.5713714079150822
1.9502663763125252
3.1363764051489933
-0.0438345409150771
1.2958501539191107
3.6533089082264403
-0.5758535487346655
1.3302637590502606
3.4263379219079604
-1.5656019257692837
2.0264060470965712
2.9578643981937875
-0.9396391332790887
1.9498587931308309
2.195763557343926
-0.1578777843353428
0.9951093837931426
1.7927280989179366
-0.12116990047156276
0.9372400586304813
0.7645888297693408
-0.3917383921291466
0.006149561546030831
0.12240362202860978
-0.4332866943617409
-0.9551631321380217
0.21787411406382112
-1.0103576455504577
-1.7605747385112729
0.14381683287530883
-1.5953232647882587
-2.5531065446699754
0.11835160638223759
-1.036752955563577
-2.812936728964385
0.2753832953444511
-0.036694129986998086
-2.451056433236862
0.14184633783380812
0.9244317293825953
-1.3516028301423013
0.6534036319343397
1.0685537779864207
-0.9217481751085238
1.5457580051244733
0.7505550663832352
0.3084619873373458
1.5182078619092614
1.0991740062591013
-0.35795344535546664
2.2512305714717336
1.223861440112537
-1.358394684026338
2.292453653636704
1.6011583635325513
-2.282198859718104
2.1248611926650454
1.794226050225354
-2.0882500669417783
2.544062377816947
0.8756676245628674
-1.3023851363661256
3.1178568992576556
0.9738754632898349
-0.7874366493301541
3.4033342890023794
0.3338108219211608
-0.31202705552416565
2.6944005731882945
0.19234339093689218
-1.2705305364465467
2.1978296631284984
0.48043898224229314
-1.7047252632160026
1.6579180406114158
0.9980684951386333
-2.4746874392792013
1.0528251491853076
0.5850762229873773
-2.706336206640375
1.1858193989517372
-0.36446961670297895
-2.0212441491475284
1.515170010246835
-1.0319910673272275
-1.1922153515314915
1.3557010270727803
-0.7210980958229858
-1.2843100237102905
1.7057430884752944
-1.544658104681879
-0.746101251137812
2.679376573723886
-1.9419351719523565
0.3396554937711989
2.409308695327813
-2.020677998329186
-0.2922737941953757
1.620861981890123
-2.236299081889618
-0.5992119793321815
1.5075827308174123
-3.1656081762586292
0.20748987903012814
0.8076784869476471
-3.3114664583896256
-0.438143662052576
0.12033236541153834
-3.672253494745591
-0.8190205285599986
-0.8180534447378713
-3.761281859145335
-1.5802484666884056
-0.9113542473844227
-2.8629310340656446
-1.3210546073990197
-0.924409168635014
-1.9124722615555958
-2.3178755985810624
-0.7489103449711146
-1.528549426958197
-2.6444651507890793
0.0397529464629157
-2.019749116761687
-3.2490319548710254
0.9601158228772169
-1.8720662319584094
-2.932953048434936
1.7311613502592862
-1.2456824186651776
-2.5101261696477346
2.572711704285573
-0.7911201398212218
-2.0351081281854877
3.4658778938016646
-0.7475665552671272
-1.2416829484144714
3.2172875513801795
-1.272455552976245
-0.26096683112032876
3.3992164620357426
-1.3910661442539027
0.45767147278283593
3.3551580769824225
-2.119747095161603
-0.4686618046941131
3.4205697719377013
-2.5135928294760834
-1.30308046448836
2.9821718557120698
-2.9137646946891484
-2.1597795971422795
2.4582564032608114
-2.7420961051009862
-2.2256345666652115
1.7317419241849086
-1.9538430298781715
-2.167697976819021
0.9100843197613483
-1.5340755105690762
-2.3165066590779144
0.9456421766820856
-2.5778559309093296
-1.8872868660708162
1.604560281068217
-3.187092628024325
-1.1344781143513618
2.2130204237268982
-3.5585868885589287
-0.13074772241518187
2.1501873737685635
-3.7486605570025358
0.38802168378245294
1.7107273224392776
-2.866773949877924
1.050310800386378
1.0193369876376392
-3.054520065234414
1.8886682991186885
0.41278148903724315
-2.6917065058486433
1.8157614849579045
-0.48448538532664953
-2.661205558317767
0.94588497002144
-0.966287896240311
-2.594755650947775
0.461541484971334
-1.5950751601803588
-1.9201031436075324
-0.3624732807161948
-1.0008074210578684
-2.213271330766287
0.07832170457217627
-0.12774743234476837
-2.2525680831266026
0.21924811982835377
0.3847800907386913
-1.4468570646125185
-0.10468555643050152
1.1866676593286194
-0.7382528992152411
0.5264253153737888
1.422109107534721
-1.4581220858546802
1.2306732443150388
0.7806299847499357
-2.0102543446347503
1.146635830147028
0.0013740023468779457
-2.3761075325887164
2.0878867083553136
-0.05266368600030699
-1.9401730222078108
2.342089755874288
-1.0433242263525717
-2.0357148903707314
1.7684303761797582
-1.4806495563320308
-2.8532843615445005
1.8021535559235957
-1.010241170924424
-3.736794652629952
1.1361020285178163
-0.36636905365293526
-4.196261631876215
0.12893338450154782
-0.5580142971198622
-4.090182688941427
-0.10382940976760519
-1.4776349618775038
-3.7714665989570753
0.2778472751048537
-1.7375772135126124
-2.8971698595127
0.029239043753796375
-0.7427037460838044
-3.033949984457112
0.7511826497820163
-0.0681280011001755
-3.32272923531698
0.8420237223306707
-1.1055187286460584
-3.6755453215392775
0.5126418179490972
-1.292817673581538
-4.5822893637445405
0.5057077070532298
-0.32704345615850106
-4.957026689104832
0.4305977338305059
0.3526842541767388
-4.177649923289481
1.3635752860396466
0.5436692668061983
-3.845880208088533
2.117735340506023
1.1804908708160782
-3.568811168370223
1.9873391276257446
1.5182677385973613
-2.602268076779278
2.1118583376807263
1.1695433126787418
-1.6508218700956399
1.5961462353813838
1.5307698615122431
-0.8570867621516545
1.79454955221781
0.5752686485045453
-0.7913810414653378
1.0581924755655747
0.1676911298833958
-1.43484062557552
0.49817239015849113
-0.5467332890304007
-1.5872389898766657
1.422096084166168
-0.9279259256075082
-1.9264033642919223
1.3091822788616982
-1.851878852901059
-1.864533250028875
1.7043521921707778
-2.5842442601327735
-1.3328828640238994
1.2909989796102574
-3.1741917924043963
-0.5767107358669273
2.204528895972775
-2.670244811523072
-0.3408563218466219
2.443342644492644
-1.630539226414402
-0.3323621738148508
2.3521682172907776
-0.6691553411484588
-0.19719980652043906
3.280781834737621
-0.2172631225891179
-0.5150226283711099
2.8058361065794966
0.3899062434325164
-1.0999803920987963
2.5355632245349495
0.6449183115370604
-0.15449756133519085
2.4169596117060306
0.5606657224957854
0.811502780994658
2.762200970902391
-0.27590166365636837
0.5528674800181946
3.1988200344398368
-1.0967616810958742
-0.008324746357061149
2.774865984464452
-0.9461040113740365
-0.9455752823020983
1.9206695763421817
-0.5510481743654992
-1.0538466175382895
1.9806932293690203
-1.4832302054924966
-1.2136199044039055
2.708040505499663
-2.1610887669798036
-1.1616897590152768
2.385813285093459
-2.1295943179735715
-2.1064128117535525
1.5599161120555667
-2.773200582056267
-2.2311666067764544
0.6254123491379243
-2.462252754053651
-2.229639235372714
0.9421216129579316
-3.100008453226764
-1.5126242113653392
0.9744158572439687
-2.1034989401977238
-1.199861064442912
1.4302559857298252
-1.9210349936837627
-0.5051480614472372
0.958426296811084
-1.1269640864478159
-0.06237367214419313
0.9562633864670962
-1.2032878753597631
-0.8920890372482672
0.4235218595029428
-1.7395321564739081
-0.3854851109596392
0.21831921016233075
-2.2217630846390115
0.09418675722333951
-0.15321022543105126
-1.8365626971626279
1.1071857903302478
-0.22833504938725716
-1.701654102240748
2.0011115836312925
0.4719450749114915
-1.231172364337086
1.794148347107588
1.2181476809629552
-0.42135938785222316
1.743805543573375
1.5466078966755428
-1.268039167295435
1.3692486241372372
1.4067591375948414
-2.254949417524076
1.104376893067508
1.0697579997499942
-2.6161682930390864
0.18071891935948908
0.37163524411347637
-2.825768406729753
-0.5785517770330072
-0.14766602181509086
-2.646585670042777
-1.5042038958702135
-0.9725829810848179
-2.263837271170407
-1.4241143986166573
-1.0795675274233574
-1.3196116528918376
-1.08938441036745
-1.6270124739349112
-2.010191494431681
-0.6053329928403557
-1.3751072613279698
-2.613657069119147
0.13101623018198058
-1.3816321577620545
-2.5816372761963016
1.0203579700121863
-0.9911012043308205
-1.8818970085128806
1.6326330580267885
-1.1607816095827617
-1.9877532503094333
2.60947492685707
-0.7014925508249338
-1.4981291029537955
3.1935386933520333
0.2146584717070759
-1.4003152787906965
3.0264368058317492
-0.3649715068340257
-2.24272019151424
3.1757842758595767
-1.146801981640277
-2.9340087000411996
2.9905125078426145
-1.5299673698042866
-2.781747252374438
2.0942771149256076
-2.4650419417572413
-2.964888395702263
1.7393287200397183
-2.1652280956138177
-1.9811232839759183
1.6801416943075491
-2.3242394778291526
-1.1056343406918743
1.3579058122589858
-2.0813414068078684
-0.8654563985181044
2.2781694271112154
-2.1210798927625967
-1.6998092241377247
2.7602702420988923
-1.4570032867084748
-1.8352992271633046
3.5651135771968567
-0.5319162655162796
-1.7250903682826924
4.028384899216557
-0.9360662899457259
-2.6407738747343608
3.9436882054519025
-0.1369164394296785
-3.248814131923906
3.557686140852864
0.004559239669881007
-4.045966015706637
2.961141736971548
0.6740584985242983
-3.2993383259170534
2.9340923077450953
-0.2101435307695512
-3.1865710178980304
2.4942489326171544
-0.357688369063135
-3.154528586003242
1.5724338783564356
0.10332198754516615
-3.9108520705366456
1.020312986978028
0.5413291441785291
-3.4210224060629213
0.05093840873148259
-0.48825149320361916
-3.6596462438005553
0.22216853895951702
-1.0019342091848844
-3.3121060804615245
-0.5404717454325517
-0.49015163739127815
-2.4165712294057897
-0.5904711189157746
-0.2881357609396711
-1.7269201447120854
-1.2200339744585322
-0.46972728411648
-1.6096700673342381
-0.14901286194587512
-1.483765568166313
-1.1812171051448728
-0.06967068762721935
-1.094886153308093
-1.797454365134099
0.5726612547846556
-0.63958878726295
-2.79310498755752
0.6871180793414614
0.42764537990547935
-2.957440350687463
0.9945184270958226
1.2970817705425508
-3.3159186056558863
1.1849266469546034
1.4123925706849145
-2.746736737451014
2.075616521086799
1.306059497874384
-2.4861135277652955
3.051164292176286
1.2182490223299252
-1.477060737216467
3.311463638144562
0.8427383157612779
-0.9464506498150747
2.5576257390255437
1.5709806559483839
-0.06533338211964741
2.6689324016864364
0.9265846371913253
-0.4407548577117564
3.5211551616051358
0.42261516355597717
-1.2799055148196377
4.010327536744007
0.5352540372720036
-2.22661829676624
3.635251548077999
0.3765954586978812
-2.4524117961109084
2.6924589169057795
0.5162001661297394
-2.2905106558768735
1.6033997740824768
0.49741301618436484
-3.333453949947412
1.950373233113965
-0.1977396941331383
-3.999849032218225
1.9234234244620516
-0.8771382568085327
-3.875887567543904
1.1539122826167323
-1.8448581489238787
-3.436209767609456
1.107757940886542
-2.4640556745145363
-2.7089560965330035
0.7484831122869071
-2.9993425081308054
-1.7817715932068752
1.1014515449804463
-2.8369998051752527
-1.5088356040824096
2.0553556391307053
-2.9840376460296403
-0.7238912284732393
2.7168461299076183
-2.5523529916876293
-1.1754731470435444
3.488580157054553
