0.2558473179489207
-0.5655975728114707
-2.2602082365980296
-0.4527022486644879
0.20596527108036652
-2.1937765841140404
-1.1157115496515717
0.9691645933523146
-1.84304795482286
-1.7021978195483967
0.7241165644410139
-0.9245088066974093
-1.5614447620135352
1.3512144276867273
-0.09913030399035712
-0.9878920699999286
1.5493630481005194
-1.0445084520597965
-0.6947750133328544
1.8985001460727957
-1.9219683263647145
-0.257026409239291
2.6197626596156476
-1.4824230874147681
0.5578493106927364
3.2481909345731843
-1.4420855454645394
0.6380632805346496
2.275640240820315
-1.7881852204162503
0.09251323030133855
1.6607935996220038
-1.1734908218493887
-0.41306672556883167
2.1197860594499067
-0.563194518707979
-1.0100619271291849
2.2388355682892223
0.13863035347301808
-0.9415966287753172
1.3222686420285017
0.7705998903140042
-1.8628580705084632
0.8556920318979065
0.7064872691315319
-2.4866737719020082
0.8234189646907982
-0.023866247712775283
-3.0272255015659932
0.2628505197579065
-0.6784865593607666
-3.039388193666957
-0.4165039049409189
-1.4863115272223826
-2.581685835024059
-1.2024889353518113
-1.9951761976394313
-1.6693367627713664
-1.6876436827372143
-2.1526900005980583
-1.3980159246293056
-1.3569487767583008
-1.308810721877971
-1.119624386678708
-1.1572737068189238
-0.32851015129572614
-0.7203567857149141
-0.4067611639268316
-0.13798886394188453
-0.8616764501250417
0.3810666115531081
-0.7691591816265795
-0.27456480586011284
1.2285429590550787
-0.4374219980480327
-1.0811904140464912
0.5692684681201808
0.2913311128529244
-1.00165529863072
0.03097218232937273
0.9457209403652687
-1.384748800827052
-0.7863173315185099
0.4700167312476767
-1.2696347955037037
-1.7592406176752053
0.24734735001034536
-2.350337125233187
-1.6795936475317894
0.3292991475673028
-2.243541887613366
-0.9940887360098711
-0.2533996500170201
-2.7576414241530474
-1.6340029223426225
-0.5719759899979325
-2.222433851074359
-1.8968750855574663
-1.3769342218595926
-1.2627847187160397
-2.289690784241765
-1.4413317731990072
-1.1745654294941927
-3.2328912152940625
-0.9278153320200573
-0.5405943606678724
-3.8130367106616636
-0.3471277920467899
-0.8713213581964014
-3.058588074562798
0.115960303141565
-0.346995031418185
-2.1507488994744097
0.5274942259242495
-0.0018122709253439728
-1.594736989173801
1.1728279097900425
0.6311222400803691
-0.7236344505518253
1.2561522154154274
1.3919282404706295
-1.1123493021034916
0.9170918209098827
1.8199262194527317
-1.1436863371200419
-0.15239144923341022
1.0357080866901185
-0.5341593406822182
-0.651906464348257
1.3244536145268064
0.30819866028754733
-1.2506638525079958
2.2460647738781847
0.1981889856827276
-1.1570711961555136
2.4034076919895364
-0.17071149984930536
-1.999489654368603
2.819135832553304
-0.5964540639521196
-1.26240324823554
2.3205068489176752
-1.4377603173671276
-0.9414455197251738
2.0750824001381685
-2.3979742024466706
-0.5847115416007233
1.2257693633550348
-2.8984853706566107
-0.26072257182662134
1.5592148389475449
-2.027920304089212
0.1285976398396435
0.7658333550346303
-1.2610213577626967
-0.04016842956590063
1.3056788713041938
-1.660626411010115
-0.7516581849792976
1.6535877240967298
-1.720821261432387
-1.6559451792219264
1.4251376008115515
-1.2224950780469046
-2.425762582965413
1.4436894015659925
-0.3544322235235474
-2.083263076611578
0.6023726633454016
0.3781605656160718
-2.0538023409031982
0.909543820108278
1.160859860694962
-1.5771510245679052
0.14022701126202072
1.17198205613649
-2.2112825693840263
1.008165872435446
1.0192586226460487
-2.563313272561527
1.838703553199967
0.4813667051766649
-2.624155968032966
0.9447994145124428
0.044201144106012905
-2.9101413629823343
0.7071038977567448
-0.927274786212864
-3.0483292571562344
0.4824220303711956
-1.472135269730425
-2.2700038272266765
-0.0010268129448519174
-1.0514166205109097
-1.5395820464989085
-0.586817836884733
-0.3471589609170767
-0.9794883809234992
-0.8498036499865811
-0.7616789258277262
-1.8899007215185222
-0.6806359690007475
-1.6755900708072848
-1.9134660426351606
-0.30929976946697607
-2.5185579516580234
-1.6417992161148927
-0.27229927761290457
-2.8568246093022416
-0.7037846372313362
0.48816636277050257
-2.946110950562796
-1.3110550019992095
1.2740403901256176
-2.4676309871391027
-1.1649744058964122
0.6393827092869618
-2.0707075151025798
-0.4798124137133732
0.5261079888806426
-1.9337578919604659
-1.3149536880892965
0.846389884601749
-1.0043558679334665
-1.6268243067637627
0.34628997077089746
-0.19742495182963146
-1.199285700534159
-0.2713342322086133
0.6590433479747868
-1.3953764920166303
-1.2666462061198003
0.22455780039737328
-1.4748738309489726
-2.1968611895229926
0.024493700245647135
-1.12922649638507
-2.5905853826744605
0.9163938835893989
-1.2715895328385107
-2.105589407237247
1.7998322689731725
-0.9656594329441092
-2.1231859136792273
2.215344928278047
-0.03652830182520945
-2.616468437072124
1.649038187024143
0.6487575071782649
-2.194275354096135
1.7259754558255243
1.5411806415085751
-1.8133303102137444
1.2408862242907337
2.4613835386904364
-1.5232715021795726
0.33155386407966797
2.6492222858124044
-0.6463100223277232
0.26085726590580177
3.182056753887317
-0.091539878793649
0.5195675219552172
2.427750854893879
-0.8221941275213056
1.0413152102035377
2.584173176436091
-1.1111385676356151
1.9506595868059702
2.725242613062057
-2.0083069795425095
2.2649830140120875
2.4293766677081434
-2.8215382698142633
1.6152870494240044
2.540854273748206
-2.624584236960867
0.7426662700178447
1.8896855459781563
-2.860882009180585
0.7126173616927619
0.9165806894133628
-3.0057185418312136
-0.03993648866647401
0.2640613730329638
-3.1118723967127093
-0.700020637923539
-0.5223862435012123
-2.209251253672284
-0.9658539988375457
-1.1014495275728702
-1.4261467352120891
-0.2882408521819756
-0.47252881004642894
-1.9890455508369047
0.0468731179500427
0.22257485832684165
-1.8015802012387059
0.010707120782472795
1.1820141155495711
-1.6832564360734579
0.5995088369628012
1.711204286203002
-0.4875890256853446
0.7475866269957622
1.663291236660876
0.3966067852201304
0.8034438525101018
1.573319441031573
1.166179191560815
1.197636472608449
1.041869056512769
0.9660667099670841
1.4241763456660064
2.026702592852119
1.0230500905425115
0.705120012368857
2.703523359925348
0.567906887716564
-0.2740586946044094
2.9890713871169883
-0.3484138225027552
-0.42586782864278405
2.5129345739036726
-1.2113220632026218
-0.21093417406198398
1.8782657592357566
-2.161910541302585
-0.1012561684143592
2.079440112266725
-2.909682193552015
-0.15821303781264895
1.3603821861245524
-2.401907377033333
-0.8419277231789353
0.7638341339175057
-1.7747337469633682
-1.2665420209921088
1.204293641490035
-0.8096179111378535
-1.8691930966324188
1.349387031206926
-0.7882778898111987
-2.927320224728394
1.2182801348867522
-0.16515925971118806
-3.6468096627809543
0.5984480245746436
0.7970549377016466
-3.6900904154549563
0.22434458022114057
1.142767367278734
-2.988303331433363
0.6889317778833515
0.29275497579805637
-2.9480772817646272
0.2090872212140497
0.3067603665198651
-2.834031037949318
1.112964865247328
-0.27995660429232727
-2.371029802655143
1.8313718562684074
-1.2624826406466905
-2.523094987496494
1.9094012149242972
-1.8212939746011048
-2.478799266700747
1.0842782459279863
-1.8642775764147534
-2.670643646317186
0.05427721995038032
-1.830904820293428
-1.7914436018250408
-0.5171038890507678
-1.0603384189576084
-2.329242570759637
-0.3978105239400162
-0.46908678797462666
-1.9263612099260423
-0.9246247623554522
-0.035088376356822895
-1.025968241254135
-0.3644864967176607
-0.5021154311664868
-1.3258040583487762
0.36231783308667603
-0.7285638349268012
-0.9041699354654897
1.2846059401352437
-0.12109085205146582
-0.05034170594555418
1.643618967642322
-0.20503128220704567
0.7764994331046816
0.7856656562454485
0.0220906606274804
-0.3544590778014856
0.6545886536665613
0.7756375729945914
-0.2993588674147858
0.16409118549955787
1.6044827748827537
0.1163113044216652
-0.48248717037377153
1.972369833204156
-0.547485174724267
-1.2764633680302089
2.443170785800613
-0.4584039679509954
-0.3940860429621846
1.7544954439379128
-0.2520025513367911
0.40365486875120415
1.0590142218241918
0.1948535727927892
1.083035961567073
0.8325853547883819
-0.0635953863825276
1.9402672305598498
1.7140116035393735
-0.11301552149999823
2.4617569729439626
2.4965959199411913
0.14051534563698556
1.7738917557438034
2.9921510912097258
0.4050978908496554
0.870742804187108
3.2254828877975714
0.28162760474573806
-0.24029252361473863
3.284453973533615
0.26814446935397507
-1.2402490069300334
3.262755299337458
1.1581341130412726
-1.7634252417544765
2.635411912676937
1.9058837651685205
-2.065582376520091
2.2542039123429296
1.0882299517297187
-1.818367213285872
2.8659758586599384
1.1014818232587666
-0.8329371405838475
2.3252555708055427
1.57410499468215
-0.10627804445591632
2.275254691455584
0.6964581870206433
0.16012302602682152
2.0581966543964936
0.36875622215396825
0.894594257412716
2.5162894422324
-0.4386885710268029
0.9633421525391836
2.169464837950634
-1.3209157272253143
1.4078541931210578
1.5984889726730982
-2.0152558057798156
1.235725226027363
0.5399859086094687
-2.105421651368012
0.6066203499238799
0.7260671044961177
-2.1123388153458174
1.5860071869503778
1.2633630056129899
-1.298178686535917
1.7733906034281215
1.6143064226649404
-0.4071371042860861
1.536019270359962
1.4872378547929268
0.5892476455654748
1.9220049807855757
1.886904507528514
1.5826977644116107
1.7875832182776266
2.2253977739972317
1.3917406478537089
0.7794918965120292
1.559335670234068
1.1320021755644065
0.13184944863431808
0.7985358914986294
0.7266101414242213
-0.6339614141730913
0.06379420858665645
0.13455119871094093
-0.3305193927364414
0.44071032158208356
1.0114644358875733
0.44410949948074907
-0.044444903621632365
1.4761655937857368
1.1567272022029924
-0.832074944508883
2.2539193687869417
1.1001598490090845
-1.639276159873412
2.481756725760115
1.5383719500719328
-1.718372524852145
1.8532081226729722
0.8610114673386494
-1.2254248612156706
1.6778458735144535
1.8077890829550178
-0.3699510018271055
2.0598874850438555
2.1230781859792454
0.1903028288804354
2.6330633456861907
1.3228871655237109
0.004090173589390115
3.278612579267981
0.6000661186088472
0.22621937661858735
3.354691395145362
-0.43286077284204527
0.8004557367151659
3.781472396076441
0.28230599912805066
0.8946767871693053
2.857355663244789
0.7484992293825474
1.560822758168238
2.1885124931140103
1.009685396802511
1.4136876067127258
2.081239180030211
0.018010898192441296
0.5959015436398742
1.617061875279534
-0.4246118921123776
0.53290786926797
2.4517860723092193
-0.7845150636437244
1.2955543442438937
1.940249975156627
-0.9144994707182441
1.636050235028556
1.093953894754093
-0.8435466030312844
2.264045813295546
1.8262202800003102
-1.2034782942422515
1.666595955166508
1.8549611413878222
-1.9818728660673113
1.4822705555869586
2.8442705177940364
-1.478077516147085
1.938707404599908
2.6309126958910034
-0.5975315540023387
1.0978990007455127
2.946721044266565
-0.25770746230944647
0.20468191731581098
2.6252356769741407
0.03935614675886431
-0.3167115829718014
1.6398173941077403
0.3544254793244368
0.7353042988050755
1.9149293520739625
0.8005349181656152
