2.4469797613489948
-1.3151849004576857
-0.020916305581504622
2.0353928945658817
-2.121367598954154
0.012817148200624549
1.6189273978128886
-1.729832558906131
-0.948479041323552
1.6535412502191895
-0.7540124316822244
-0.8790040954689479
1.3169706754630404
0.2918961076809915
-0.9911727240255366
0.7765213623716297
0.8518359007674381
-0.4012841670479988
1.5703516537784623
0.3844713784297854
-0.021352669556810904
1.2585289619116653
-0.48967282407915197
0.3807279283239365
1.3725738940695458
-1.1368612131343345
-0.029464827582069683
2.001563615805364
-0.9630121715660549
0.6970790791360112
2.824152358275016
-0.44776570802690446
0.4497408356572312
2.561984541796498
0.46055648407033795
-0.046367309406641126
1.936183433941905
0.9875650538646945
-0.728522337958566
1.1031538505885081
1.5211375096366266
-1.064000173876935
1.2569325076623317
2.1891423712513203
-0.3753931197178069
0.4207912686980785
1.7597423524195475
-0.4478145220303286
-0.40929358118367154
0.9693901604366046
-0.5906755674196071
-0.015913076052437636
1.3025658478894564
-1.4004652182035018
0.405570678767099
0.876141185483849
-2.173133991106308
0.24344486451258532
0.423576680648984
-0.9864589663258843
0.5953013146809408
-0.4761668079575433
-0.594792105959254
0.5660693849452691
-0.9273075681450647
0.2986516029309152
0.3935639058654711
0.13148893840003545
0.020494283885474952
0.07770246460412296
0.8947891989942008
0.3622128756862434
-0.6731141302046432
0.025145261982440124
0.17286138241347995
-1.2293406366801518
-0.5854946367569733
-0.32717523908176144
-1.3355129160117023
-1.0596725103855493
-1.2153248190797445
-1.4103505115969899
-1.4319803700747333
-2.108633389075152
-0.5032213506701266
-1.5746657630875078
-2.304269843235023
-0.9545906828221535
-1.9149724221624351
-1.4346972615185278
-0.9869725399295612
-2.169331106329669
-0.3996234339458165
-1.706094722885466
-1.4657401409791795
-0.4525949164935453
-2.207047568834323
-0.5673056996614242
-0.37174090647121455
-1.6063619362659038
-0.08626821135213762
0.30329766014404463
-1.7218689194338286
1.0152260243973135
0.532244979729153
-1.4234312276915442
1.8152012305017793
0.29491349206922707
-0.38060161806817927
1.9232998770878824
0.7202098087506786
-0.39854880123526454
2.7446630691447056
0.34094718355975906
0.34372965931765437
2.182235730320514
0.431034661561338
0.9976196174147317
1.4615202480409009
0.3230614540196308
1.118280539729184
0.6825997727102708
0.8291938501362748
1.8243895413002205
1.0919809463088463
0.6686405623819016
1.7272151217569054
2.1084165512021915
0.5458228865849468
1.1079765780101005
2.9830948061084426
0.29760801077082666
0.4284232620226842
2.742907849933511
-0.4558050187186063
0.3808378177009914
2.198660378621765
-1.3199681189114323
-0.38208499507936466
2.0203529056630947
-1.9912080698979306
-0.5447566325506688
1.023611424690899
-2.2608055219096106
-1.4099360949309518
1.7043341894758235
-1.8931727341212503
-0.7686951010313792
1.8084699470723806
-1.1417323739459173
-1.0988723267882372
2.594252598949014
-1.615350056033388
-1.4103668974619992
2.48352997285053
-0.664793135755328
-0.7534145064672481
1.9946610103243685
-0.17801762322732892
-0.9638316776824712
1.1013516694633476
0.08532158366814911
-1.5498879760688182
1.4470755674458848
-0.5133548317397542
-0.946285159874878
0.8117279713923087
-1.1923366540945222
-0.6418269676409272
0.14434036865320393
-0.7086412944598253
-0.11699381096278161
-0.4926535383536037
-0.07600705779867352
-0.18097650111136318
-1.0700358945007304
0.7700933260651038
-0.5460126513730009
-0.6951393857132647
1.5782276435481881
-1.4348506012864448
-0.23239155286631857
1.6714564571197115
-1.144271054192403
0.4439903016689014
0.9964010881074188
-2.099934814804969
0.2933661102124867
1.1708603080410407
-2.6288434153834617
-0.15368519572619
0.44166116523794463
-2.27843935529607
-0.6549097334272633
1.286065200068019
-2.2185222729975846
-1.7586969057732735
1.1648146967222583
-1.2505220819764888
-2.200560613260816
1.3054905738094753
-0.25745191218688157
-2.450867490639085
1.3504296933359814
-0.1209221078887754
-3.260482841473715
0.8288252207479846
0.6580677702683151
-2.6438319372703685
0.8667354584143941
0.7931412905896669
-2.0864511843572826
0.1971127291838897
-0.1605160218256541
-1.6924790563450973
-0.15418310007723302
0.4707903346273735
-1.439510193885297
-0.6575303373149566
0.19628864199625637
-1.485403515190812
-1.5028195766755506
0.8525841697543107
-2.2934686955727512
-1.6643189783500263
0.8164740564303249
-2.5741678158281904
-0.7203683273193032
0.17311475798148437
-2.512550727148965
0.00501532044344688
0.10098195632860009
-3.207306595362073
-0.7973911093442463
-0.06304409690992543
-2.2391679818887207
-0.8364130526971987
-0.389303726081822
-1.4502897033246902
-0.8290213260882948
-1.0193066335544136
-1.4166835787167873
0.3059892851054762
-1.1523174051359304
-0.5531078614327473
0.8138629191105053
-1.3648349441583385
-1.1506240124904856
1.4199531033907167
-1.8537385040682295
-1.0048370347291187
0.38612420937080183
-1.6542776756739868
-2.092849280787606
0.29551137584959736
-0.8157318826884523
-2.5027633467993433
0.46740078621366904
-0.825034952762131
-3.1235658727059774
-0.32326051941000195
-0.7323863379190039
-3.022415777599663
-1.3140150586295787
-0.07811013282378694
-2.5584552016987345
-1.9755460370253113
0.3438648755270133
-2.044524858496986
-2.743495042236698
0.7031884671936822
-1.1813758101298544
-3.1312969720067696
1.268963825524948
-0.5783588650606064
-2.485328988277398
0.8485004653193271
-0.9050075958505688
-1.6013282361187027
0.019257282694410814
-0.6729870681099402
-1.2758808609104135
-0.7653607555629313
-0.7062411503061562
-2.044107123168485
-0.8460883491812032
0.1290593209192449
-2.6387774251432234
-0.4952260757325444
-0.7689686897438477
-2.9549594308804346
0.15117759147786683
0.022991191710800787
-2.670969932571789
0.23958130216192738
-0.8617386863968308
-2.1980842637715132
1.056716516939597
-1.5518360706704637
-2.2567453954166967
1.8968704173779418
-1.1863629985143989
-1.7067708471721164
2.535788833809146
-0.927778636011678
-0.9610489463825026
2.0368021145924393
-0.47197503256273277
0.00029886416214874954
2.206637197052936
0.07560898111275634
-0.9688289913777842
1.7098037926040819
-0.18455081581926033
-1.748929773703344
0.7436513713222891
-0.08131254244270118
-1.94619447658119
-0.31276165297292713
0.22910385849539527
-1.8990457419984916
-1.36410331753141
0.06369426629248946
-1.4368852555678338
-1.438849700339678
0.5842048768556739
-0.6139437256050068
-2.394781358347759
0.5992964493472309
-0.3368881659406879
-2.3482074479905504
1.572164679668148
0.04995925080557294
-2.2241465501691264
1.7111902185482701
1.0639236494993862
-1.3435234127046856
2.3536497298079184
1.395899313612359
-0.7709033286284559
2.9107640985486958
1.8767192046784011
0.11377310863609415
2.91468852844599
2.3862269643424954
0.4062619971031303
2.1095034733189433
1.8203485537447364
0.006965349465260744
2.6091465109538303
1.2223179775125068
-0.5200583494416501
1.9733501219792793
1.849756075409636
-0.11577208646011261
1.9900000087561316
2.8322120561654214
-1.0052712818689045
2.3071877800187948
2.6213758618372545
-1.66377876614095
1.761192519483813
2.118399487549145
-1.375706240953811
1.3137192622819855
1.4045124694704625
-0.9810176474814315
0.9884773781546271
2.0699691389423136
-0.3141266249344629
0.9507959664030061
1.0787666555646913
-0.0342061581620915
1.0747381421077489
2.1552776080234057
-0.3470212988359118
0.3114092786615313
1.9648360382212788
0.19799169778652856
-0.7230863153065409
2.2383596272676627
-0.1570789245316939
-1.5831743489992725
1.8427122288839384
0.8486250989741723
-2.179429831497415
1.6689543885362672
1.3182854272570697
-1.6567089430174864
0.8499744748953394
0.3304564104158763
-1.720126376748551
0.7339951731212176
0.8428888406316861
-1.0321063812359372
1.5273290824088581
0.5538222973179218
-0.3736480520608168
1.2811956906900819
-0.1479129517846988
0.1084772000785616
0.9385523853903392
0.3563707838139352
0.5801995482945015
1.4770530163424802
0.415765136388538
1.5341513410792926
1.119535628590837
0.9583522358381931
2.4519124685830214
1.2963447985338423
1.0793178850657323
2.730178212861585
2.166724900064394
0.9559252728801322
1.845055059115727
2.655656079288854
1.215625608626255
1.6306827480429822
1.7067146874266388
1.6430623131469684
0.6885678544493427
1.5821094534498499
0.9101089229175833
0.898098769860075
2.380337391270871
0.8894475540301943
-0.09092176378163476
2.132785324967868
1.490238119860495
-0.35439856049018004
1.404588430056432
2.0642624573027306
0.15901176338786835
0.7162926996447645
