2.8765743799144166
2.609670512015061
1.121586681577717
3.706175570114207
2.275537651068367
0.7391477577640434
3.9667889240871066
1.3680365192323658
0.4155297757865446
3.4268887705963453
0.7658873577125296
0.9065737787098729
3.2552464708668616
1.13665289234353
-0.051816835543289766
3.074738022669066
0.6481560420796194
-1.1574348402907475
2.446502798742695
-0.2610774904293814
-1.0147279427355316
2.260092391038071
-1.0401925432152792
-1.3323802540062346
2.3502323160653944
-0.2547183462808158
-1.924352971699375
2.0686862637184285
0.5430090738419406
-1.4658480360699448
1.6156771866188346
1.505848385745475
-1.4846010581027063
0.9282139935243222
1.9784628773579667
-0.9077168363008465
0.27777258055052695
1.7927575941750804
-1.6775997926858222
1.1483163532274194
2.358608250284689
-1.8218527700992295
1.8252787310636134
3.0612852574466634
-1.4747561379171736
1.8052141840427178
3.2286405714572517
-0.4328758084164476
2.3699103952478158
2.877389024871049
0.28555033196901697
1.7458815268964536
3.026326616571705
1.0316750127719232
1.8032220036227304
2.3349676544796485
1.8487624451273272
2.0597392705060544
1.4201873607777273
2.1490635338866
1.7464708535799771
0.5346691945601434
2.659496912500364
2.478544888977853
0.054134071525850494
2.4850711823728115
3.2391722637643605
-0.37997591855971546
1.748482396234315
2.9700027154159283
-0.17244192213617718
0.7150092293706786
2.4109529951730098
0.6875285934947724
0.47512235401693514
2.893617350806115
1.7141785767140225
0.5815222907199716
3.4238516513279884
1.499106741008938
1.577230633515832
2.727798305467924
2.066958276935966
1.9823758190535865
3.6757774482340464
2.428927901812832
1.7139535952757836
4.3149318217872175
1.7731687500984943
1.361851305435531
5.00273933877681
1.23508094259798
0.7122878722424859
5.1686826683793825
1.08977522874939
1.7503045388844136
5.0642485205622725
0.09649579360749394
1.6754009425878562
4.932406214224974
0.21755290569797217
0.6685885723648287
4.0128103674393545
0.4239755909512055
0.27418535230043806
3.1836751589661527
0.07906112540867093
-0.13696056838638318
2.194426474320004
0.7400609448018068
-0.4302053788461176
1.574666008301182
1.2648307990749188
-0.2095274411934789
1.435360721579264
0.4554136613097197
-0.7114087062392617
0.9394799959732983
-0.3322295117181974
-0.7114276964911985
1.6172832550050988
-0.3522532476346262
-1.3295383727281123
1.6229761773310842
-0.9844873362359873
-2.088867705911988
0.8711229033886393
-1.6106808017496417
-2.3823999628788353
-0.03925754975269811
-1.7780655154391944
-2.634709620080775
0.03240671941070397
-2.583612969908132
-3.2918062306902764
0.024931885027183093
-3.151903725364502
-2.451032912324596
-0.11965491267107653
-3.652565523715589
-1.6028893902191474
0.266749853211604
-3.4921326467619607
-0.7073583275137384
0.711181155044608
-3.2796242952380856
0.23133191969314482
1.1645484469249572
-3.17665513831834
-0.665162988623539
1.3753039373483267
-2.2233639876456923
-0.25942635153362353
0.2658558561960193
-2.0113127236626993
0.2976201885997057
-0.25544234756574796
-1.657832135355113
0.8897753374572401
-1.0497861137070668
-1.0637227963751292
1.2788796035204097
-1.4873993767155176
-1.6106624124165314
2.0727379343646026
-1.8396667451703428
-1.7520468598753538
3.105516372741301
-1.2555612997187449
-1.3696953638636786
3.8705261441970538
-0.4835567611779875
-0.8979787116318639
3.3625043359735676
-0.19341493082758932
-0.015433884737070943
2.8792182775178703
0.4769394452114237
-0.17511525237855985
3.5723597632034045
1.0741229039387115
-0.05289514029647629
2.5995608793203977
1.8636066488225782
-0.7047932625973096
2.4986182084674913
2.3811846419350067
-0.8293007332001245
1.6019427764379606
2.0909380865116427
-0.2280918762294982
0.8120714263064758
1.697333288557146
0.8704096830455742
1.0036770184595118
1.51640557322123
1.512072820852145
1.4557157028281658
1.125353507266321
1.827710439812106
0.7247530804663224
0.4246762075222045
1.4472722615419085
1.4005949954990973
0.36141669439676655
0.9523827059398605
2.255047516630599
0.7799084095781933
0.7429064509567435
3.104075258959009
-0.12688961704461613
0.5712666341310805
3.641183087642021
-0.9728123010611742
-0.019988230190766565
3.4422273575953626
-1.3894351754124719
-0.9028823595783911
3.0698128502697526
-0.8581373179416966
-1.779587358131479
3.1054083557554284
-1.2102764261913275
-2.552448092274529
2.4983239648896816
-0.625540113842028
-2.042669923439391
1.9479473167496273
0.27817524719271564
-1.1295033743098537
1.84009931353099
1.0996771693584801
-1.1930340299555868
2.1214107225558294
1.3417122165894304
-0.8986604532859397
1.191130687442889
1.0566615346902097
-0.5320804898632235
0.2363867983670831
1.4580079732100881
-1.505342523827102
0.3602825950950049
1.1353983261255014
-2.4573055299790236
0.723217412416442
0.8901610528398803
-3.0751753368461636
1.5629669922541432
-0.09234422164580439
-2.865040920502018
1.976193273059054
-0.9906035320993124
-2.856620959820783
1.6422699153955351
-1.861459006618835
-3.5321175076618827
1.6576622427610557
-1.941872400011166
-2.572249900986451
1.7725567135724596
-2.38882744320277
-2.1751319696074614
0.9861642931317043
-2.995997767353719
-1.8481177933942057
0.20327689251176917
-2.538801187456683
-2.779430719877177
0.19136126431377956
-2.343600554345362
-2.03297380090698
-0.5858092432659558
-3.0005252904319906
-1.4211541954414542
-0.7854932913075723
-3.082996049350447
-0.7082560750118821
-1.346556381519653
-3.3323020838217867
-1.0139577962033683
-2.274581596909917
-3.46709151951375
-1.731266262893601
-1.563854854274729
-3.080522641879298
-2.669390461729818
-1.625938793405466
-2.2164947895614038
-3.236937336943357
-1.7343073997604794
-1.7935190125502358
-3.3817502651197047
-0.881888752983796
-1.9796283025647523
-3.580302562570414
0.25545998800880454
-1.0149487088817588
-3.6687407430755714
0.8026027263891136
-0.7207749446216262
-2.6549036902315253
0.6261926448339561
-0.9904305619291406
-1.5006308765555356
0.43997370932020086
-2.091840534357655
-1.4828928104387606
0.36103794684414886
-2.5348825404984145
-0.746584912834136
-0.2346053043452711
-2.410295244931607
-0.0031135322730538664
-0.8881288949855672
-1.757978577059981
0.2896063684838902
-0.15102842862137786
-1.480062832088282
-0.569059094664512
0.1702877438799025
-1.488040638307466
-1.4224867350691672
-0.5075860822956135
-0.8911572622619194
-2.277298157682798
-0.22781051825397708
-0.3828398261330653
-2.645823630727005
-0.9489985778472831
0.5231562017287054
-2.934259651296759
-1.3808013710156277
0.6292916194487126
-1.8856161365162445
-1.3582637129721158
-0.21051054631868896
-2.2404030328790894
-1.7557420705551898
-0.18040506536004725
-1.8918256671917855
-0.9821738383040045
0.41561479083285346
-2.543096579738957
-0.625991936927131
-0.3017672509812606
-2.8398962898076276
-0.08448573515130103
-0.48600709233583406
-3.804450806831346
0.11316282749975308
-0.1131275358660959
-3.265281382148066
0.868002753549925
0.3026447382570344
-2.4320054866347434
1.2695017109958104
0.790550769970802
-1.5851354354354423
0.9865462188377772
0.4918945600284369
-0.6733608150925381
0.99735702216526
0.27233874542818226
0.17299588374129007
0.644056689984787
-0.1207311331214744
0.8651808198997032
0.023045472913815437
-1.0012467181461868
0.3943459130592577
0.510747437177856
-0.6925753371571861
0.24904426574911956
1.427939452716936
-0.15152781047331954
-0.353449108865426
1.9340761069098102
0.2813057593238244
-0.9321163787951747
2.6965512743885656
1.2602128936150052
-0.9220973850449686
3.3327537644827085
1.5299828972042828
0.10381099084430859
3.5581248591441628
1.6016335633085719
1.0831396107760585
3.543835115700308
2.4015905549650456
0.4235177739967631
3.4145149936988815
2.7985730496225263
1.0907880370521867
2.8057870391119146
2.5919193067123705
1.358057594931472
3.723130745916705
3.383718528245147
0.695629112615668
3.439363471452222
4.270530749469632
0.18175137226929625
3.302195378860437
4.869706768673932
0.5409759959105058
2.566352090615209
4.239939986682192
1.1539990723556757
3.1080234246431373
4.163750310741247
1.1109818930159825
2.1385572943821494
4.242674527722575
0.6421369727767801
1.235514616144973
3.955383895581087
-0.12600652517273558
1.070183952398075
4.1426093790096505
0.12026799982679627
2.035696277599531
3.315843286012267
0.6892076293133234
2.1005634746173074
3.4974713143295335
-0.1283271167823774
2.8173419940628572
2.820735832576739
-0.9082864267011225
2.4637005209078358
2.0724058948408324
-1.6201077107843487
2.136525000571493
1.1906306195368046
-2.1561585846914166
1.7284436281164035
0.2597551999359687
-1.9991255209561856
2.258487809892691
-0.5226411392012296
-1.1771916447629915
2.3996374640910343
-1.423908910147669
-0.6975543274792297
2.0052993176946265
-1.8843285005886927
-1.21931424198518
1.3813560878163644
-2.7064416024993783
-0.8229095092442001
0.7446004956702796
-3.141449404840382
-0.005627144508402136
0.9957824253530734
-2.9096219624343593
1.0029534041050483
0.7653680650295386
-1.9902510754331215
1.1602128165992602
1.0554456083982153
-1.0806987449449337
1.1844065231010317
1.530417410487564
-0.21916223945278865
0.9440347225152124
0.9833130419054471
-0.865855361522715
1.2996315195689974
0.39757102496922714
-1.0407084474833588
0.7578033770433802
-0.6078236435187453
-1.0514384625057345
0.9158895191753699
-1.6262825085434782
-0.8413025940372004
1.8335918157315345
-1.62868102421169
-1.0547520399159498
2.2767870536768102
-0.6333335177858856
-0.39744766825809347
1.932441790787984
-0.2755133812322555
-0.6411232213464418
2.533682016562814
0.5650682090726775
-1.4514880181396115
2.0078706481256083
0.7268326284387725
-1.6726638532238858
1.2538701997669708
-0.10725663707792553
-2.3421746742066816
1.8570060951190415
-0.7188548556989746
-2.902943612170808
1.3361663725647985
-1.414496491953604
-2.653323887443303
1.286544456610849
-2.4002654139817836
-2.142291088724105
1.796072302544867
-1.7825088468452426
-1.5938572076532458
2.624330677971198
-1.4775374082484725
-2.3513142333213835
2.8406741623063847
-0.8680932114435742
-1.8444758161845638
2.4642312631516625
-0.1461069201148118
-1.4192995000825153
3.2051444296211686
-0.7014861453553808
-0.8438106638098394
2.972593657945491
-1.1932030230064916
-0.43933856852671027
2.9277576624156065
-0.3373137809280158
0.35270063515978217
3.5190205363821634
-0.5221439853004293
1.2347347841260914
3.861063943304166
-1.0705104056875714
1.0275207777151751
3.3565129966155833
-1.983937718930917
0.28291064062907023
3.3298671936293283
-1.46199455844573
0.9305832625997685
2.775557075745263
-1.0069984793412567
1.8014640813881182
2.296801560027523
-0.8480991267380766
1.4820692853316895
2.442267117242728
0.11454467087187745
1.9597601264442897
2.080965377102022
0.8944151051571781
2.363941776883642
1.1999160753988716
1.3902192576258163
2.4851507866872504
0.39338432542680557
1.3928771363725594
1.9297432240542358
-0.10633948742592995
1.803762064417629
0.872299068776052
-0.3890145029924786
1.776953662137444
1.0871451950021183
0.6984662953501929
2.056990329604205
1.0356797380413916
1.462313735866696
2.5482317483701125
2.026325993464937
1.9718521128656
3.110286575786378
1.2456124091608778
2.462205295414351
2.7053786066059926
0.8865994092121471
2.8487601189885345
1.879297838311334
0.06359277675891772
3.3422864989880816
1.6189106277549716
-0.7584767795660146
3.3621883781220663
1.0510360873995808
-0.5157490229954265
3.8019336561122175
0.20179773549165492
-0.5999662100260703
3.787956034259578
-0.83582600482705
-1.2648526157809186
3.645403320407874
-1.5994263838654565
-1.6574675725472894
3.0076463147018844
-2.3685278385593103
-2.0441451219404945
2.060097113619077
-2.6767812051661855
-1.472085217187293
1.3899992008857587
-2.2820142079128143
-1.0932451548782967
0.2117913718555068
-2.4116043549656347
-1.383268470501132
-0.5007605638622696
-2.719723579227764
-1.9866592782683705
0.04679264111136438
-2.5934655535986613
-3.027645670118692
-0.22382579793934407
-2.636179706436412
-3.7103020922905565
-0.0992968933277775
-2.0242470592518913
-4.179581540584741
-0.9244958414764204
-1.535272216210773
-3.905161572944406
-0.15549377347856885
-0.9823574519738629
-3.2024463036494515
0.5000690853003538
-0.8969866234355096
-2.733141807120486
0.17708952025498642
-0.09457787223113576
-2.1501387837635915
0.25454604014504095
0.7859037909202126
-1.7548816592251602
0.46422902925215026
1.7269056361281958
-1.060787832917326
0.2632270599298743
2.478173135393217
-0.5649338317053819
0.9616777815488171
2.8669757557484608
-0.42920711296380676
1.6966873907273308
2.026485109349264
0.41473945845162874
2.103131657076221
2.3129258519086626
-0.017230438043834402
2.402806701980135
1.318339002811199
0.013116773637140606
3.1550359276375852
0.6784351658843594
0.7948311522603417
2.5476089018220103
0.9410318126536585
0.27342535769392384
1.807303440455912
0.5836740159933143
0.48311177427954866
1.4273743274070336
-0.21341627623543968
0.7394758243826975
1.0254285833669434
-1.1856297822075004
0.9325332583249285
1.2408894729804016
-2.1823760540589863
1.0965530056439237
0.35842875958528586
-1.873319955838401
0.242127417747921
-0.1029652166569538
-1.8346997029317078
0.09567154671953339
-0.6428638553470098
-0.9513133113597404
-0.2887334797486176
-1.1792253017201668
-0.09079253122964318
-0.6465976863889208
-0.5491856601142154
0.6031483912188998
-1.4432658051794078
-0.38050412429493174
1.0641393173907827
-2.386357495692388
-0.2884503514948506
1.5818043047669155
-2.7182910818846846
0.6433728771544447
1.6679982244204317
-2.74156066489757
1.6420595021630227
1.4327295361409325
-2.559513064422502
1.8298090211415023
0.4941163011067738
-2.894770648222202
1.19948903877428
-0.18706360432490513
-2.188800055471607
0.7992639192789338
-0.7865443179323333
-1.6105572888576838
1.3511728761817539
-1.0518981257991424
-0.468401867380009
1.208471204621279
-0.9023777273200148
0.020182794950568364
0.7867039076104958
-1.8409509375628799
0.4422390607434846
0.465584385086154
-2.5845126209695533
0.4959826496328275
-0.2551224081941086
-3.3827536490173107
0.031525038696968155
-1.17984101337553
-3.4551577999499927
-0.7699829804692606
-1.9446603472039894
-3.465935669210991
-0.9340509117772494
-2.5790831747096954
-2.574439755994311
-1.2147601418842624
-3.061463814220028
-1.6799544619398132
-0.8403621126071931
-3.6735621091788166
-0.8737271244914651
-1.0533856572330569
-3.0350695137309716
-0.09434203066968916
-1.7937992377100302
-2.8068545459951553
0.7910469354659244
-1.4904562983002456
-2.0160214125427083
1.216600672233226
-1.688001403629781
-2.373315816515166
0.10451805916858378
-1.5239657009700542
-2.4588168898675353
-0.8592643051403825
-1.085646356088562
-1.8958899192944836
-1.6148046941560625
-1.2178402023160713
-1.6239106367313587
-2.493703381794373
-1.6362679661001476
-2.350716095140312
-3.1140099549095432
-1.6159871358583158
-3.214243153638683
-2.5930207146214164
-2.4768921062036617
-2.773305294614255
-2.7603576507673293
-2.6027865555653773
-2.0477684799073748
-3.3666873392590095
-3.0367938856676227
-1.9987009164161702
-2.4784896540075128
-2.4909528059532433
-1.8206055583279048
-1.5363741451621715
-1.7179091244030167
-2.3158476685359073
-2.15441960900952
-2.1827809421743365
-1.4795358613714154
-2.552926137251229
-3.1704424768900537
-1.2154358067119038
-3.0385211871144833
-2.4834788467382656
-1.1808997306068456
-3.977367149324042
-2.7896417608164046
-0.22807989376791957
-3.7461110318063917
-2.496404528904321
0.6337805435879632
-3.20990385992173
-2.194284612188669
0.4022578343363008
-4.148005801552874
-1.7942259059870824
-0.5264234948844528
-3.9309443914854985
-1.726817881038804
-1.3533784299589149
-3.381677912544936
-0.8866552839340289
-0.8916400795632153
-3.616717706031701
-0.4364017663544072
-0.2626875176942349
-2.937228801029478
0.31505442090163727
-0.8566938094273518
-2.53729263036572
0.7567163509844518
-1.0007967708443133
-1.6391115147668487
-0.06534864926112495
-1.378327158979329
-1.872166821846021
-0.8254759626364154
-1.066933460157171
-1.178252252545813
-0.6570460641947378
-0.02038645629318349
-1.23233489431502
0.14489544546066374
0.24285322963885198
-0.8063405675084228
0.7144477868975017
0.2714030479803411
-0.07520634430570397
1.0300544557218017
-0.021559326764194656
0.9582396542971012
0.2051516963519825
0.5219858002036329
1.489525461004335
0.5402041202994778
0.7217415174016077
0.6157876772287117
1.5783889828535245
0.3669354472537922
0.027120263446367962
1.9747667112587846
-0.24661831500362047
-0.2311845644024183
1.585559417426322
-1.1243860104255265
-0.6038435112965043
0.5957759407508968
-1.2892955883303825
-0.333252199398971
0.14297803459061528
-0.5412432590563985
-0.18746632897005927
-0.7910763113788273
-0.20309228595427373
-0.33332305659805206
-1.3738377942779545
-0.35800410232063234
-0.6937635196439443
-2.1939595180620346
-1.1345436326223124
-1.1425325663295092
-1.3921384610443948
-1.0297677789326376
-1.9200917656806233
-0.796918402483631
-0.508360620194103
-2.0433723613912202
-1.572158307925494
0.06593345183605855
-1.7394739631138143
-1.9683680577991507
0.8875689581705062
-1.6734377399627767
-2.8552459441740567
0.21054863547988595
-1.8276404346258932
-2.4646403934607295
-0.6172448010879152
-2.091416637281508
-2.115596310285324
-0.6224357457905149
-3.006373337715247
-1.6222026818702635
0.17580809782932025
-3.313985974579765
-0.957841846083848
1.0059410795525459
-3.228750784377153
-0.350722528731332
1.5223778396734373
-2.379605264959365
0.4499619621934803
2.0407704237895103
-2.5886362937847878
-0.2572649548313354
2.4409892815199075
-2.1342734405968784
0.08824892528421727
2.2359907361140365
-0.9037580347749447
0.4771952547044577
2.5215986124140217
-0.2086102897439902
1.1429197847341168
3.3652419358642063
0.19748242703719487
1.9253783227455883
3.7526327680311633
0.3900828154456583
