0.07149342535917354
-0.19469073654973904
-0.929815563624193
-0.80541309457958
0.23333210129336948
-0.5915042190739637
-0.5976167880602955
0.7976999261576047
0.24428922068930253
-0.9355377289016141
-0.16757300639222245
0.3433978309342977
-0.15114405236134512
-0.81527377647087
0.49539802727474613
-0.029874878929972874
0.005119064112830967
0.00639247833428791
0.6243445813378736
-0.19166080150443238
0.6753514224431959
0.4275971554853852
0.7636597531820551
0.37464209518567615
0.8129755606037119
0.2610710744543116
-0.41990170752724654
0.583175820046674
-0.6916835982829126
-0.19824958463609965
