2.943697156028885
-2.209204955113146
-0.2707440941185369
2.283088621943721
-2.1702254570766213
-1.0423872549110287
2.4650219598483263
-1.3213927635023899
-1.5111920120889106
1.8680974840075941
-1.8080520864980014
-2.2759999012341092
0.8745580676002913
-2.181933627561028
-2.771182736075228
0.0734650690658053
-2.554843018710148
-3.1068444586229624
0.39495535752745065
-2.077636677652167
-3.8802004278641546
0.04839678530176186
-1.142057661071555
-3.9085569881553113
0.5970962508891422
-0.27592988229224336
-4.063170063599903
1.3489268734536641
0.11906045353897667
-3.5534712902458145
1.594431279363262
-0.5810625824506092
-2.8443747771463688
1.2819103033899861
-1.1036356814189314
-1.9262098955845108
0.5542070828421802
-1.3722750268125408
-1.326085029101225
-0.49144060957519503
-1.2729315761232305
-1.2423988560196302
0.016763347422904265
-0.5220164757337312
-1.748071043121781
0.4932869616536315
-1.14863220341201
-2.14468942178427
0.9946777207162664
-1.9521392040578485
-1.8068175320508715
0.8788540393955461
-2.61139265672638
-1.1000538198261571
-0.04785180001273166
-2.015567563087658
-1.2302649563899863
-0.7644107821900819
-2.1938442646373995
-1.6786122624827315
-0.9054686641254678
-2.3567031582252995
-0.8711372073298665
-0.9506504780174228
-3.108811696006967
-1.517960380871747
-0.7888785842829201
-3.0421064816332968
-2.4979343532574836
-1.5707215229592857
-2.3243687974914993
-2.3800419936687542
-1.716400268693876
-2.2337064252733003
-1.3794812989363312
-1.3351702858464873
-1.4128072349785414
-1.8221011504706943
-0.4433859511204115
-1.2055723527229534
-2.2667233576204135
0.1382089805232595
-1.6977383840897742
-3.154514023945907
-0.5376816319931473
-1.8508340159342256
-3.6514765384758316
-0.7211919338313492
-2.0255859769495044
-2.866135778977356
-0.716375733246567
-1.1354854734192743
-3.1486702268326283
-0.27470244689544726
-0.3201221220971203
-2.566689296713859
0.04855266019704378
0.31101853128400164
-2.0939938999958234
-0.8358888328432657
0.5680375878047063
-1.6761137443045877
-1.5497644290422252
0.5227461624581161
-0.7712533250203305
-1.646227977152396
-0.41757095674975087
-0.6933019456685033
-1.521263495789896
-0.6500854064639255
0.24291525007273332
-1.970177036237684
0.13426536867967484
-0.2534343714101165
-2.4374086103968198
0.9827835457422295
-0.14561899785103363
-2.881981273695721
0.9305603216493217
-1.0623798160733608
-2.0027022486260395
1.479458975288735
-0.8842022847902207
-1.5514020214634376
0.9925323680464581
-0.2386695976793695
-2.359955295099173
1.5063015543003027
0.5345181708814599
-1.830351738898195
2.0340698049752675
1.1066667833506514
-2.7203721904101967
1.4957034394931887
1.3492589986544286
-2.976583327604125
0.8450841888770197
0.6404898522436078
-3.073240039467276
0.23301881059818286
-0.29120217724610153
-2.426327453495081
-0.03150376823182583
-1.0607953214895136
-1.8879552776412938
-0.009812060371976974
-1.690621977729144
-1.9923622532681975
0.30633354857576606
-2.740046088877754
-1.3000445483720509
0.04391351400888448
-3.573441929434992
-0.3066472679700946
-0.23126363793221252
-3.653035539271071
0.6024585931899187
-0.5759389996715517
-3.1651072997693976
0.547155487419822
0.3899710562931179
-2.9316033963623234
0.7677794644198961
-0.22019102038740818
-2.177684425480427
1.5583255164347627
0.5409982528032627
-2.469295360748774
1.6320733411068842
1.4248173836204518
-2.2054121092162573
1.0504366285384863
1.5205363041444544
-1.3941956041847179
0.7741893489852882
1.1367000535727474
-2.3587213733047685
-0.16703973708269668
1.5044892273740882
-2.6115285307417797
-1.0807172539956444
1.2435076172560424
-2.3767799517453567
-0.9677032154464215
0.2835223473525523
-2.6304307447427204
-1.5558398861774998
-0.6005359219489013
-2.795838828732893
-0.9814601679830128
-0.549751455497948
-2.0570160203148533
-0.6334495379246904
-0.16544314309849112
-1.0342480108205594
-0.49111660923682643
0.5429365073646947
-0.7861058636132253
-0.6618848599364292
1.4476889608064285
-0.1612693212913615
-1.1652482979977201
1.3618785026171256
-1.0845403378180045
-1.8725413106955504
1.0805698811081181
-1.7350921950782747
-2.623203090227262
0.47216458221653834
-2.0469604301388475
-2.4204790073631806
-0.4652895229362121
-2.362141537565999
-2.031226679840789
-1.4205068891047326
-2.5214157304137474
-1.4322748418618045
-1.8279222092173177
-3.2387150225057293
-0.9551540204231695
-2.7250927041363653
-3.3866775254201555
-0.41878175967259057
-3.590465308066058
-3.219806375445654
0.41902931321847975
-3.451387625390754
-2.5578910320687136
0.16381985040400193
-2.593722837381088
-2.1420943311154184
-0.0077755140869276654
-3.19861910634255
-1.2242061490659757
0.1766558981368132
-2.55963037155252
-0.33663250133094386
0.8184570819612661
-1.799578373856324
-0.5544192529241306
1.6190124851409882
-1.5031967740509293
-1.1150760707551934
1.0473227237495017
-0.3937731301306805
-1.3770764909571647
0.24799595870949717
0.08356883372423807
-1.035072819650375
0.09253662910404807
1.173672480931976
-1.4456533725967142
0.33797731095669836
2.0455404448506753
-1.996385776163224
-0.5837401253939027
1.855894628153882
-1.770888806710999
-0.8519904738742802
2.2110708908468495
-0.7779869293979071
-1.4381439615389564
1.8838211383987227
-0.14749233159002637
-1.2123351131867903
1.0776274561401393
0.7888947187518642
-2.069522439377193
0.5781736285132232
0.7060777868421649
-2.292613230285006
-0.4281219310545458
0.6088583468928818
-2.206040231730532
-1.1109542268362111
-0.19437632733362176
-1.4881331368424622
-1.6066446213647716
-0.8008523383637194
-0.8069289623744772
-0.9311033335590476
-0.32593198233181636
-1.1494739098437023
0.22546588309576787
-0.250921591070832
-1.1352185044252763
0.24541009446601078
0.7526789596509575
-0.3071605574346895
0.13879984728150502
1.2034878094291936
0.5626002388199632
0.5611063960036415
1.1265411854346086
1.2965402131331045
0.8992905665465033
1.671386899912953
0.4172306880797553
0.6934661069272626
2.0848253470517615
0.07848297305445884
0.2822231962737195
2.7896946568403984
0.7020916605157428
-0.5763312431682382
2.6532875941414176
0.742666991651767
-0.19792206742385235
1.8636132071511722
1.505318324526844
0.12242207363263562
1.2697421342526394
2.093597363425836
-0.6606411206745151
0.8329682535219152
1.8478577995751382
-1.4654764994784855
0.8900470622060834
2.846514281482894
-1.539084718380972
0.4653735063898596
2.171193321552076
-1.5354864651072062
-0.2877865662795637
1.979616050071179
-0.6307833510946677
-0.3082787050155827
1.1304613960172814
-0.8077972808371915
-0.3598599683560165
0.16819348450954225
-0.652110222990603
-0.514769385069254
-0.05828237544986604
-1.6163034504467166
-0.4754972807500393
0.34176613301278214
-2.093791646935783
0.5279430320151457
0.9240537925677146
-2.848268480873022
0.27056311428672986
1.611475955108305
-2.543642479866046
-0.4238749861861537
1.32401392880726
-1.8943507842019647
0.37347464702087685
2.1652148992045106
-2.3626850519148697
0.36128146112934634
2.643558734347704
-2.188426889906838
1.3529311437208207
1.636247330405381
-2.3774472808766594
1.4607392206680079
1.2635870736415615
-2.138696424849648
2.3452037263639616
1.2977179366917473
-1.2876751020254245
2.9092606115574875
1.630802418785975
-0.33818206512330895
2.762169429250861
1.9907358546814993
0.35158375100604317
2.0511922525691055
2.6339873022865192
-0.07370441712334683
1.3207822922786874
2.973625237517448
-0.5866133404759949
0.47395381941213016
2.8514084415061864
-0.862004538295546
-0.5931171257943659
2.7017384852146074
-0.04569716574669687
-1.2493108214606505
1.9706975131984747
-0.1270131560001008
-1.8158966006513366
1.2021527298635386
0.45864409693966035
-1.6935205343338315
1.7464085139420873
0.10944148170333468
-0.9394236674318497
2.600254368879296
0.6432004742425393
-0.5190103630120604
2.705344583653001
1.1407602709227167
0.35863429234052857
2.2831737607682285
1.9404584697565666
0.7955512715505114
1.8631015373265503
2.285757747522752
-0.002200274558309533
1.753963704607399
1.313519484475983
0.1293506778803214
2.5279358795485853
1.6570341578819592
-0.5188596651324529
2.497420858605154
1.6503790763726895
-1.4848401121650323
2.0979229507927273
0.5952196593100078
-1.6511547245395453
1.7721372981423515
1.2191335299036237
-0.9117019609452248
1.1807581847714097
0.6728890028713329
-0.3038591944748202
0.349461541131917
0.17630680588805958
-0.0694299180744127
0.22917614936982209
1.1915241355163406
-0.5493866840292075
0.14486181786549135
2.0805544729240535
-0.866914841015225
0.9485183811974595
2.564999891981478
-1.2974076600815347
1.8440433575402826
2.159921072496182
-1.0505107817787773
2.344990417055387
2.985467985118694
-0.6211016423724356
1.2981245056592678
2.986047348607907
-0.4514103176874013
0.9671823507500721
2.0410199071209694
-0.4542616705190051
1.058914380731898
2.527082476227704
0.35151896773026853
-0.005959763397718532
2.963640186711388
0.5819868057142723
0.360966542074115
2.8433846584525746
-0.3795501560442824
0.08808019063163235
2.0332103660366907
0.007421309219151732
0.532730523184338
1.279220110978071
0.542781058504492
-0.47246581786952796
0.7318037732651117
0.4179712655118275
-0.3797741717544487
-0.18966316589728605
0.43012426531362097
-0.571574734625472
-1.2911439799908886
0.6124734550808314
0.6868135700630462
-1.072569938506793
0.31993849108642025
1.1119991523406112
-0.22255701840786943
0.25264282629619683
2.011196018140053
0.42740687515209097
0.21902059935963517
1.9913273584786593
0.9471650211864473
1.0244749045230113
1.8658957028111962
1.764104480585793
1.8400696698680177
1.0645748805702377
2.457448818983454
1.9782981738656975
0.2952037610111121
2.113093069839075
2.5134227655684227
1.1816698268066546
1.771611718310155
2.5901810858261847
1.0488140825100103
2.672503135123959
2.9409690279990244
0.07977230668709558
2.977877913586452
3.2033099447371605
-0.4823778607203503
3.161526621913047
2.3454767971014228
-0.8333920724046433
2.3429047177636972
2.8500401640053163
-1.8697476016156778
2.3201912374447766
2.837251606178058
-2.781455609303181
1.8970002820390446
2.488366110201202
-2.9513890197055646
0.8312075700839914
2.227293094465534
-1.9044913110881703
0.6463019843321579
1.833261556305186
-1.444206139758721
0.49975089209028
2.566781136460659
-0.49460250691180824
0.8740272239644825
3.0763811113278203
-0.7319840792052887
0.015448790284995871
3.3810404803841854
-1.5089663039057313
0.8066074328288237
3.578305590262325
-1.2676198542635628
1.5759814098392897
2.640604636361072
-0.934305583057099
1.8022948949335038
1.7546618979992203
-0.1845282719003824
2.581956049232681
1.5653759615959877
-0.4757995932630271
3.4450796806939827
1.3258485421383228
-1.0539184833328015
3.4768978310051124
0.5084934027297318
-1.7297565132077943
2.7309950675454298
0.3858843502862897
-0.7961076754102944
2.581607090671036
0.14569089462127627
-0.7128181509829525
1.8426143846901142
0.631409724572405
-1.0988408969839394
2.7457062125762555
1.1078571331738718
-1.3723369447577594
2.658695295037723
2.091619824322509
-1.7797385570997275
1.883126799832819
2.0116988066252373
-2.104596666461694
1.116967784623586
2.7740041852983954
-2.0516037069933817
1.630618194499384
3.5990425658583787
-1.0621446126980243
1.803614453630098
3.651342256001045
-0.09625818329012173
1.900325844920311
3.505074197603224
0.39872476593046136
1.2391130379281095
2.951613895262302
1.2491716883218489
0.7193969106498519
2.633223390826883
1.0350613132348774
0.10817426173244366
3.413282110185452
0.13469437501113352
-0.41252296364900487
3.659545216934377
-0.40496149108693225
-0.684761368585974
2.784632469213678
0.33414313591863226
-1.4759432736711378
2.7367915111352152
0.9740114320094181
-1.301358335497223
2.009076083173947
1.9545257845999613
-1.5572345111100732
1.9606750678142524
2.7366480935023043
-0.9938030666650235
1.3709998279015725
1.8952995914803534
-0.6056644983430254
1.7026326557333984
1.2128175923474953
-0.8970514272043518
1.0598114069419988
0.37559982756211086
-0.3594422869811963
0.7418004151115747
0.23940903040930456
-1.3256038904606768
1.1893954811952456
-0.29732364340046125
-1.5605397180914427
1.9484459294740595
-1.0250713711617307
-1.6425878076726041
1.3019312643747893
-1.8251524863848063
-1.018691197720374
1.1232371133487633
-1.468137823756914
-0.07063983879821979
1.718572975774399
-1.072416850791416
0.9083230804324214
1.612701130686334
-0.13127479140029236
1.2651161922804
1.1549107724177605
0.2748538507557322
1.832331970638087
1.0643857157733063
1.2235636823938965
1.7500233127202631
0.9180773972881837
0.484834279992829
1.7012912537005147
1.8197605134626258
-0.29953381950952135
1.390101540105384
2.3551688349122486
-0.6520886477732053
0.06787112713368222
2.3003633106918637
-0.20432757632942364
-0.578017321981961
1.8360757240976866
-0.7976080301459403
-0.6338138820493582
1.0822081270889
-1.033754356674059
-1.01289793133839
2.1776421389555223
-1.495608791080568
-0.4093099708491001
2.846048315487449
-2.3008206673817093
0.15053298444971752
2.533124426166317
-2.099623507290576
-0.7956462313944025
2.1181243331150155
-2.004012714077934
-1.769591927960862
1.7190577159993348
-1.7881187081059284
-1.9163775747349125
0.709035487954715
-1.8704483945250194
-2.260569984304119
-0.319206319659052
-1.060096365412972
-1.8502836777164318
-0.019440299833505998
-0.5628903158444157
-2.3090157021822173
0.7890413085875627
0.2349239776869188
-2.9290651829348007
0.9706504020609726
0.6627943204300356
-2.153867753213751
1.5007447991456073
-0.26588952506274927
-2.532269873074124
1.720874344404075
