3.205668022243403
0.14792238702474506
1.2796986496147276
3.3245611858411586
-0.314804775533691
0.3641354678264965
3.1636049450509245
0.7057748551319261
0.4517750797771374
3.0083620362082066
1.4987244955787447
-0.10061241197510115
2.6710139379865883
1.9390983526027221
0.8594784784303507
1.9582444033464812
2.3972443669894496
1.3502490622387655
1.6748449539347163
1.8294916324465962
2.256071984913682
1.9562572820037634
0.9366612424764756
2.410395262231017
2.09944898911093
1.3456145670692223
1.4735609457846222
1.4289216728876326
1.1787597094883062
0.8819387830819516
2.0470530378661693
0.5475049372962161
1.1424644849645669
2.200605753798543
1.0114656370563198
0.5122587539314574
2.520477892935768
0.6761375454889832
-0.41517550141353937
2.0055183773354104
-0.11879523422158189
-0.4703779956472546
2.4955874804961957
-0.8978690787111974
0.00598559733001664
1.638717491133209
-1.3079488595991093
0.3991172735302224
0.77021314206589
-1.410887510937047
0.019978230883945167
-0.3040176168300764
-1.6872733564979694
0.43307115779967775
-1.1621216622890147
-1.0419751745803778
0.2740125242626772
-2.08361163705998
-0.9819391716075603
1.0514282257811802
-1.9154989667440432
-2.0158509255599606
1.2151756627755042
-0.9854337447799704
-1.3234602132091462
1.230853526992032
-0.37718964035767777
-0.8851810753054719
0.7783414027866751
-1.0048303238916887
-0.30238790773873664
1.2592362218274975
-0.4272029658561889
-0.8904164464820663
1.8711628423792777
-0.24909779018063624
-1.7157881927981375
1.3748316113931582
0.6034446680733864
-1.9000852536259039
0.9459008593013788
0.6483159159723083
-1.2729827392119746
1.716427391679861
1.271669055154556
-0.7299917866677076
2.3450449170664305
1.9306591915480493
-1.206709066184422
2.975888519125906
2.2229313043150087
-0.841137883423717
2.075577954723479
1.9874465809759014
-0.2087445324023353
2.8180883482411208
2.4495064951848122
0.12478442600532583
2.025041699161654
2.2825428476726417
-0.4144842909718052
1.2027557968751048
2.3418201148147144
0.16839563936683505
0.3442536845050934
1.6655936434485035
0.6483645689432034
-0.12260637447956148
0.6746648929530918
0.9243099602250368
0.08517493896350638
0.3286002271280801
1.2419104161915104
1.1958958662454657
1.1823022539463475
1.1622210867834202
1.8668684900256918
1.4398404027945275
-0.10197904800745693
1.7539295795866028
1.5589160581275185
-0.9050372992938908
1.3570750208895987
1.575170616178395
-0.3027055231721712
0.5896655570267386
0.7243072542065655
-0.7673903469871137
0.6732361063587432
0.9571120107298424
-0.5222758171249468
-0.2654944913390902
1.672827528059243
-1.1867841527160634
-0.6111338414025769
1.2507893906012113
-0.5876262220635867
-1.3402778479314557
0.6025035880452814
-1.1145912434229526
-0.8642094263322191
0.0328615053460327
-0.12068178480761253
-0.8225850047693903
0.30578246591566355
0.016207531902668274
0.16191802499425098
0.7999803452528708
0.20592769841166103
0.9055378419719503
0.24807797240667478
-0.26996308918690703
1.448902640989674
-0.3383918825298507
0.2053407491633001
2.144050221237419
0.39606292571038415
-0.2911602231556264
2.4357700466930776
0.46184385305963926
0.40651537828835005
1.8626958742915734
-0.3134449042551611
0.4206017173201775
1.3524059770502788
-1.4319291926327489
0.5115070549025543
1.1033878398432264
-1.6778546635042753
-0.24913060179144095
0.4234036787916229
-2.049403373823274
-0.08947800591607036
1.345733224534935
-1.3964945039416488
0.25314049775823
1.9970215812687602
-0.8211690654435329
0.8178864740272764
2.68219228739501
0.17127428720372412
0.616547026625524
2.762861274073655
1.150220772018263
0.28067481172135833
2.61341147662136
1.1053880981448865
1.2537188918941173
2.7554462548998417
0.898139908366007
2.2228318733034476
2.806861244601986
0.935790916272806
2.616027101526576
1.9287051864847713
0.022579009863628055
2.5237150843642353
2.2513730705209865
-0.7262902477859001
2.0680948543932383
1.6556813880257026
-1.063471074530048
1.5956189242414944
0.8640755871331764
-1.1906932992856019
1.1554357365226586
1.7924413244136563
-0.18168146491028048
1.0563721161831698
2.014459223197398
0.551071521279669
1.5833404684941508
2.033799146355602
1.0605446806820777
1.72689695543568
1.2401795957694703
1.6342976496342034
2.022074561441278
0.48937319353873937
1.8785365584801337
1.568215719876675
-0.4923691659893307
1.2201083860649142
2.1973748436452465
-0.3670059735932687
0.5498269438088722
2.8461270395393097
-0.7163900217971687
0.008420673124713774
2.471481159491988
-0.005261658238312021
0.7168599913094317
1.7703256052843228
0.426981250021427
-0.19008405775152268
1.8589559907656825
0.8928801892432565
-0.12743591095145568
1.059998298398176
0.37471347059552007
-0.6195186702805511
-0.08905994992488042
0.298689117575185
-0.38740329617126124
-0.8771206067752754
-0.11699403323164391
-0.5212907428005886
-1.1968259891890662
-1.1463162970311074
-1.3689108357732591
-1.217908101678254
-1.6264920610538407
-0.5823244916523507
-0.9919490469358316
-2.197853708763025
0.27789306300715
-1.5575994154365478
-2.060838162317488
0.8126049782886798
-0.8138039054145878
-2.504141963145605
0.8551410431558689
-0.028946204444201727
-2.114184926317869
0.8052739497063457
0.24709802817031323
-0.9673696564732054
0.10971677693620996
0.8027137546330408
-0.46271296325905337
0.09673623809682959
1.9907054075075568
-0.7896259233190579
-0.1316307442478232
2.115337159677647
-1.8209339158741618
-0.6116084282335479
1.2411879831508565
-1.7883782324056987
-0.7604848680973102
0.8713349763990019
-0.9143462771087045
-1.1603103213080774
0.8400037125319396
-0.03277015123689506
-0.5855378557656449
1.6465178490792034
-0.13383615502360224
-1.5569596665022571
1.4204347834417057
-0.6086229922698431
-1.407821966684989
0.6727065388015391
-1.3190999546357876
-1.1483697135934448
0.2377973929556986
-2.2015635476637248
-1.4134414431554532
-0.6333771838902066
-2.4463878019325946
-0.9429103592810532
-0.05611017923446099
-3.081958637480104
-1.9030793613865649
0.28014035044999464
-2.833014138617552
-1.5895952735131837
1.2211733816243424
-2.520485037908194
-2.4899648417264766
1.0974292709635174
-2.767943311039754
-2.6862249479300235
1.4865300673718649
-1.833969870202985
-2.3298392137643837
1.0417740321405329
-1.001977173264273
-1.7228063662612192
1.5376887154701364
-1.5973058397679523
-0.7350073455410381
1.8952776936047495
-1.2368005725309381
0.26780480750699437
1.334015570864273
-1.6338691332937332
1.2005845207015322
1.2951382647972074
-0.6952284591061949
1.796138101906731
1.5030378942443812
-1.3889600453901083
2.6055365345831536
0.8295898140483678
-1.4262428321220513
2.3163106496687145
-0.25033825478563526
-1.334765810194555
2.9384055260469504
-0.2500389975093801
-0.6214727594657293
2.6083108172490395
-1.095552505013851
-0.9727554689559399
1.8624003098926436
-1.336563264451057
-1.577154975171783
1.768548310601314
-0.5684170523838188
-2.2193534017474086
1.905486701733472
0.48750156185618093
-2.0206299970434793
1.7131561860461557
0.6672965141781547
-0.9398474589608466
1.0021974477608497
1.0122010754828954
-1.6194017081142198
0.1916992457912985
0.4055747508128128
-1.6731742857764802
0.07295623145534173
-0.15336428809697036
-2.50445476386259
0.3172592686584454
-0.5758825502141103
-1.7586840053275625
-0.6624692506620543
-0.1452859688624347
-1.570591492436133
-1.0109339198524465
0.08268868308486747
-0.5661875993461977
-1.7695209601327493
0.11315193642249513
-0.5019626729435779
-1.6427529542190968
-0.27072742513129
-1.6028536750877274
-2.4676533662986806
-0.3555916410924613
-2.0651107060075455
-3.262035379880239
-0.6658686779864635
-2.4681561711074447
-3.1053358767303028
-0.6750660312841393
-1.4764449670728874
-3.1563004483398682
0.20192915037315326
-2.0059498642890707
-2.24189964933896
0.6301150849619671
-1.9460030109433895
-2.681946027235888
0.10828819677077668
-1.2601300364958206
-2.3161379829474082
-0.8495878779282185
-1.0322765326893104
-1.2227429210021423
-0.8341859605129741
-0.670343048732368
-0.8841964756389469
-1.886640776640672
-0.731629754084367
0.03266949896230753
-1.8386298438120237
-0.698627099909251
-0.29055819560503593
-2.193335576159755
-1.4715666445707871
0.016534450075154472
-2.8347155212175044
-0.740679947971859
0.45385693114245657
-2.5535285251650377
0.05321955397192849
-0.5696238153834966
-2.5640286445938845
-0.001062668863082001
-1.097338320823375
-3.3556060422970915
0.0041336713420361965
-0.08019780650568693
-3.341765659903362
0.1306119864654111
-0.10451942042797834
-2.6281114824475034
0.8399288719752862
-0.9450807199261853
-2.23291868962684
0.8490194394302248
-1.7475729467971644
-1.9618478048931478
0.2176999582935055
-2.6756477415893083
-1.47758019454641
0.4423370223318963
-2.565528671099148
-0.45216939781520404
0.5860209685628733
-2.1474756734922535
0.5463770050462747
0.2863200612380332
-2.9726279393922757
0.6620530908997526
-0.28290506466697407
-2.749442798475722
-0.3651836144469932
-0.33269828766388115
-2.1029245027728423
-1.0272720053230207
0.06988494184412712
-1.8763206692480274
-1.8219384714056464
-0.758282624928442
-1.8677909548556657
-2.6838494659458094
-0.3366228258338967
-2.4343122057973474
-2.519566454464482
0.49511389202649486
-2.692862434781285
-2.1920857943974603
-0.4261040250655051
-2.648578566062702
-1.7090874491857437
-1.3128812057782313
-3.050237358785812
-1.2336003575233432
-0.5407995101080116
