-0.45044778180888256
-0.77426879552026
-0.5356246907779921
0.366309609629481
-0.23189251541559316
-0.43108894037653667
0.2024851360929251
0.7283624746661683
-0.6725833829101314
0.3100024446920518
0.4564583130088224
0.28431938192924067
-0.5826498644291088
0.44077039640106086
0.7246977502838772
-0.3753702038820333
1.137847089311707
0.03603855692193953
-0.5197291048204028
0.1870975663246366
-0.24259087129804421
-0.14237338304434535
-0.41462215018178517
0.4386496717856776
0.3431816112111523
-1.1407834023117278
-0.02651988225062991
0.8485915363591637
-0.3889689762830291
0.42470240669259196
