-0.4372530095737683
-2.762140021875059
-0.5893197112891839
-0.7981768179642559
-1.9384412149025276
-0.9993338799320703
-0.7432089744537321
-2.0239930098472816
-0.0423918109740479
-0.43672380249759796
-1.1285587224441926
-0.48501486633118407
-1.194744488959829
-0.379359921145434
-0.4113737666597939
-1.252276649134123
-1.0782591260314593
0.2235408371679533
-1.3815962208892008
-1.0680799027653776
-0.8085926486270263
-2.0584221468898036
-0.7271420261186401
-0.15676139377183157
-2.501014008176818
-0.017144013124195435
0.5486581401749836
-2.8232036452616556
0.6728421611795155
1.1247228201221864
-3.249955495769688
0.5442599761708541
0.2752676921487566
-3.0119420756904454
1.368153855702787
-0.2376124746063674
-2.0554526202717756
1.2520924441662724
-0.6041086178646029
-2.054986190605588
0.21238918251406189
-0.3361719856204075
-2.3411683445821074
0.7983293634206852
0.2990198341907463
-1.348767803788453
1.2492704965616954
0.2303121658806914
-1.149671631948986
0.8042314960767467
-0.5430248609680576
-1.450555275414067
0.3761070562288135
0.41969487532034755
-0.7224301800170998
-0.5074726941767373
0.6614434689035895
0.03610904901601618
-0.5227002356943758
0.18334378872505458
-0.29242736671740766
0.27539546507910284
-0.008364577891496066
-0.4969933014309771
1.1775243498657215
0.3730403802791174
-0.9410132396184699
1.6686990110130444
-0.45915949437723225
-1.5327514729043572
1.818167163617521
-1.2330280572451613
-0.9261315361648929
2.593442110142603
-1.016560249411504
-1.7305382737389636
2.3809517946718888
-0.4309764726139655
-2.302421239131976
1.9587986469564993
0.23895203762702788
-1.8959688735325029
1.466483636147465
1.1702162388817667
-0.8628796090704938
1.3366008248508552
1.2988627107416786
-1.570880365861973
1.094501636466494
1.9917969610566757
-1.8412325723340908
0.39898513393716345
1.2710096394323054
-2.094727067928921
-0.36931156000849064
1.820169827421798
-1.5973545581632353
-0.4571223752640259
0.955966332414349
-1.0171275801511317
-1.0736885522988484
1.250471148721945
-0.09012673043739956
-0.8398307648408294
1.0918241216992044
0.8767748949187794
-0.9524832865551024
0.678611021626053
0.39511783782911336
-0.03308272676369477
0.9145190878750739
-0.6425475890126855
0.42802577853950685
1.1244817429777592
0.04277860079904123
0.9266310436640663
1.265364482044455
0.3689382368449717
1.7372086384277918
0.48972581689009903
0.05541996213328303
1.8984939350177428
-0.22798290201130383
-0.627237254687238
2.5626658231816326
-0.003421665663382402
0.06184529029153903
2.692462902086526
-0.72531475957157
0.906018945147142
2.2328612512592234
-0.4754658268161624
1.2251156854877432
1.2138496899732338
-0.4372278390796923
1.668074180907114
0.9496068666720882
0.4629439586035612
1.3669965060450553
1.8136181702479002
0.3904154973338612
1.1241507160575321
1.2715257898737902
1.1401163407263977
0.5480090994692101
0.6422993720245848
0.19625035778309402
-0.21760153828625003
0.8315810943400901
-0.5689451773088099
-0.7671534330038791
1.1946109559699316
-1.32496672790106
0.005619134840757352
1.1893103476384683
-1.9948158530203113
0.9617636225345969
0.8854575861490556
-2.0115557717923465
1.0039491296686236
0.6131654873209528
-1.1338182148792815
0.5203610427561689
1.3671578709472652
-1.1700711837508544
-0.017313120982248624
0.4364401928992983
-1.3677153225188097
-0.8898302449073052
-0.2308829599841425
-1.2449769399100332
0.1333111584397837
-0.687208538528342
-1.104330155940052
0.8269194000969835
-0.15916742206461607
-1.8363131217598347
1.6450150051558128
0.2173133604981719
-2.2482341894054048
1.7491189285689903
-0.6000607343087284
-1.8205226789444224
0.8133906857850093
-1.114304666336011
-1.5387205834890338
0.6161348526099003
-1.0476156072425182
-0.4437917120745093
0.13665263479107864
-1.525028195549288
-1.2287594916585445
0.18383638814830852
-1.3247542010888007
-2.2257143043442777
-0.1276104154295878
-0.40920606660302566
-2.1696802785977987
-0.6605332954752005
-1.196179283876669
-1.674952900548642
-0.4627300753149272
-2.1008803626415316
-1.9781969664993735
0.20355314073363265
-2.6349222682091775
-1.3721195809882791
0.4770472516882633
-2.2942152648812204
-2.300486955756351
1.155608300571826
-1.5631407563898492
-2.368854149454872
1.9079680598158435
-1.5969121120847491
-1.6737732483696184
1.052063847363714
-2.0658876903898635
-1.5197871936612375
1.326843688964707
-1.5577354809937358
-0.7392941941028364
1.582675046646235
-0.7878713169137602
0.030951472296254667
2.2131683217201803
-0.24415550023165566
-0.45675362593374796
2.106147635229407
0.7700735506099415
-0.4852406356568379
1.695738868090482
1.1611208126993482
-1.327949455494088
1.8079815247372617
0.18980906774497774
-1.2226004482818278
1.3342777726035484
0.13658933304660767
-0.38076830636942105
0.47576043319862166
-0.10227112055087786
-0.4630015378803971
1.3374111248689942
-0.5556452492911196
-0.7607018398635215
2.18922973096404
-1.1739861543873886
-0.8145090570575197
1.9157010097546332
-1.7745809223517266
-0.035219709542534186
0.931589502135157
-2.0475861232483865
0.09012870958917084
-0.04482028692098725
-1.458704613116411
0.3631029432867215
-0.030733508103935506
-1.9653607245136437
-0.5832775503711608
0.04418155048899083
-2.4816601025354768
0.2545186891484295
0.8056373804859247
-2.431690560515844
0.9490550500741101
1.4610748834312368
-1.6847143251095988
0.8540971158420051
0.7314497027610877
-1.5908993763891104
1.3584892024960518
1.3933793409228021
-1.091686279639841
2.022432233681803
1.6758734962066564
-0.23472807872439752
2.047061177990891
0.7682621916169476
-0.08719564412319573
2.4214384751071796
0.3472664830986101
0.7744996605041728
2.2196253302166586
0.022612189165310697
-0.024228205490899428
1.7943829294762557
0.8849169835838167
0.3326628411297486
1.5742929687659903
1.85327800507213
0.32373405230773855
1.3818139292450682
1.7018207232562725
-0.7383340367517106
1.142435542883355
2.2153044670967494
-0.1712709856074684
0.5088138481051243
1.1767560170243674
-0.18724810970258648
0.6549297051411515
0.7471054500845881
-0.51069613564363
1.4376430599972148
0.19728017500223682
-0.9071889108654758
2.1623068608038705
-0.7532891870496012
-0.9430153714727266
2.2467466241111884
-1.1545706777009201
-0.17681604495141745
1.7499201391039703
-0.6756093130575671
0.7642459198913403
2.0661880993609665
-0.17255891738264953
1.5974461704511764
1.9392756840782297
0.5004986856778496
2.053612885740351
1.389270391579399
-0.3504337872600367
2.1336442936933095
0.8432480223384051
0.2878118412484265
2.5694951078361674
0.228717392962748
