0.8944962776128212
-0.48425942306387754
2.5986879149573596
0.5630314820567954
0.37159336434230084
2.209437377029367
0.12632341745414577
-0.36602092712865036
1.9661973603211824
0.24102033223289568
-1.5488759588183771
1.7503294906065752
-0.5913224577607821
-0.8984178432639822
1.4074281254206
-1.2556917217224006
-0.6102799904547421
0.9600620956834125
-0.3617325390280307
-0.7583097014612186
0.5314685338275814
-1.1158497454394438
-1.4173466788607478
-0.10650479224805887
-0.9895571725138139
-1.6453898695943692
0.8346505602867821
-0.7891213292111235
-1.808371046951195
1.833443471856272
-1.4213653985272738
-0.8722377269158194
1.8534272190634693
-1.532247141331247
0.12887368903534266
1.5229906337833494
-0.7497941680794254
0.9010915678874704
1.3965739926372607
0.06710228864564732
0.8602217601067355
0.6082186217279837
-0.13786991471029222
1.0786153939490697
-0.27454097677072353
-0.4371599708950082
0.21984956115500082
0.0939357114646893
0.4760853431765306
-0.246683217672162
0.2217984181976564
-0.2646040425667892
-0.5837102078078137
-0.33390310437416193
-1.1494666795865132
-0.43927734439952804
-0.141054024039002
-1.0696760876925524
0.4773294390626573
0.5082806101248467
-0.44993219078720403
-0.04679450526721661
1.030620409376702
0.4460238986347733
0.19481371057601776
1.2014342881561222
0.4953443740258039
-0.7654555650216067
0.8792735060814746
0.5056559623315978
-1.114614283430898
0.2786015356250028
1.5444787616080593
-1.205854562909797
-0.0339186254008032
1.523658678927416
-1.1063060838492487
-1.0086914779162326
0.8884141375888656
-1.657054756210813
-0.6268430383823452
0.6980210189581125
-2.150937704549461
0.28484535854624665
0.5994905376651071
-2.4463904659080935
1.2116631818289272
0.00814620361319808
-2.3910106066952785
2.0609148456970408
-0.39172809811925446
-2.490255600673742
1.193857274456273
0.21685547908490943
-1.679415589724588
0.9002016128632943
-0.1504873953029494
-1.79714649175268
-0.004178997267324854
0.1213129673216503
-2.3008881055694763
-0.7780684788918047
0.90549242756322
-2.2110138441682192
-1.4004114335550912
0.030149402799022382
-1.9956371666001353
-1.7644672081766486
-0.1518389076686861
-1.4233222199978923
-1.0202678840200348
-0.47463955008288894
-1.1964952533536157
-2.0608025596539328
-1.0783908338922168
-0.41325427178009905
-1.7671984767836226
-0.29222231495731255
-0.1635942339710334
-2.3387100808901
0.5770630100239644
-0.6129103421868662
-2.358479560153403
1.2330786105934268
-0.4122811299790259
-1.6365166990875029
0.6735297273359269
-1.2371081817813527
-1.5012815220284788
0.7537092804759895
-0.49764400294609495
-0.8160268305889694
1.1517648201284618
0.3452690883329761
-1.0619993969052912
0.0732254158413814
0.2775635915572634
-0.8629609435742001
-0.7306966605893077
-0.051588849100632064
-0.8167020172600358
-1.7630283770172568
0.2130745595440447
-0.46230604899629396
-2.056857493871206
0.13516660134238387
0.5697724687775441
-1.7728890520597342
1.0056407083466175
0.1818168442506024
-0.8674787588279465
1.3067772529887016
0.6258832195250933
-0.18019938053520354
1.9995164589612533
0.28610576308462654
-0.030701655498697196
1.944357942612488
-0.8412450688206723
-0.1519004332418908
1.8004478168313738
-1.7440616636109862
-0.5096250948385399
1.2963087632544559
-1.1584032271838758
-1.0113061130233434
0.7935041505292559
-0.3660526522222279
-1.3283966409110617
0.45054508132195453
-1.2932841963619899
-2.2512160403041914
0.7232973043466648
-1.1755022449141574
-1.9560145763279693
0.044632170112680634
-1.8770958123154124
-1.1686521279316953
0.478195901546859
-2.2637842167714526
-0.2906250510956723
0.8713267637437689
-2.0015775617720624
-1.037391262772194
1.4674149662045033
-2.0055702358487966
-0.9074070535375317
2.1537419262180255
-1.202352188690753
-1.7526602551997572
2.3216793416986454
-0.6847213852964745
-2.3401560993312107
1.5184959469851702
-0.5380192414918659
-1.6436900727849777
1.5146664775210097
-1.1226480456045385
-1.0701406435001006
1.7575712040582665
-0.4241227741334175
-1.0655482317375389
2.333237456925928
0.5573767069087124
-0.43642539150404075
1.8384323120748087
1.2371523652801453
0.17302386386855206
1.1213668304144524
1.5824948783418948
0.5158944384347559
1.7492452565503491
0.9083124472123915
0.8507146293156206
1.6841125675307933
-0.06367059072762313
0.7569663641690851
0.7296734608635123
-0.18071874183265862
1.3801183292392494
-0.2699497234365148
-0.19091254314784667
2.124389367205238
0.007732449083388615
0.38289187971000443
2.078180807667885
-0.4125219487425281
1.4062334683102502
1.2036857589738583
-0.8313309738835356
1.7039861867193353
0.9743168723479015
-1.5616461774508412
0.9771802761863965
1.2133477836143371
-0.6273730330641502
0.580957651667096
1.4044575310633438
0.15810652786510238
1.0321475798581254
1.4757691529820371
0.05683699044749324
1.9995189525218806
2.147764105825722
0.5713354044342019
1.5816917923619644
1.1880245203198925
0.9809472240798942
1.6686830498806098
1.0363606017764553
1.1291274998810232
0.5731530802752652
1.7768723379915565
0.7887249440172227
-0.14962389206521476
2.1443124564709803
0.9767762496825877
0.6342294205419788
1.7819422418236535
1.699718017265751
-0.019234107029149215
1.2955323127287308
1.3548797468443257
-0.8080210580191102
0.38127818352916804
1.1706507497867173
-1.3488414066502823
0.4823729928059825
0.2100041599817907
-1.8044173285202114
-0.02109438153747404
-0.46351474150312816
-1.3882158210380575
