0.1814799396635727
0.5086780607167245
0.015059762283231883
0.029406863521138367
1.5670343461013763
0.08646591389259818
-0.7258869551523347
0.8863341327203328
-0.013634942188169633
-0.1582949473935065
0.9395257910318366
0.85148032377439
0.8124271931072616
1.084469837488756
0.5922727650564503
0.861908121672723
1.2401702220673079
-0.4417932544703704
-0.11780153781246543
1.1318731166424683
-0.8069061305506192
-0.6826518969077732
0.2974828811079392
-0.8481310939467821
-1.2213264982488505
0.012090874181925016
-0.08828495076210673
-1.004269412066676
-0.6718249106906087
-0.8032293544303126
-0.08347607360719714
-0.47369041761233316
-0.8057963008103376
-0.5854449849212512
-0.7387648951444845
0.07174378027146862
-0.4178211778007799
0.05866280266886665
0.5867759687851601
-0.04316240032003945
-0.6723339345617774
1.1052233387632984
0.481424677161394
0.16189403875273375
0.8903907730070735
0.8853630810302354
-0.7884100132783561
0.8519207769900902
0.15482550908039383
-1.3767189832271347
0.38764041014363143
-0.31550262364100345
-1.4231785697796753
-0.5615799256422822
0.6589169908921911
-1.1744333177019408
-0.5027785657084768
0.3748043057389999
-0.37343795008698705
0.13597417780434565
0.9150818260039516
-0.1954231113969174
-0.7028134722622877
