1.2342445141646368
0.4903497174399185
-1.0734291793569062
0.542563319416003
0.20935650471323594
-0.3205658084614913
0.38495292090114663
0.03341047104972898
-1.2084555394167429
-0.26181420012378437
-0.10395046818080844
-0.36072216943877794
-1.0542926496042497
-0.895148779396901
-0.31376773140316855
-1.2695419755027733
-1.327132246915403
-1.111668543831168
-0.8335833663719674
-2.039049440468148
-0.6182591069527752
-0.1753239526123347
-2.1182324179061047
0.08405412223280943
-1.1390269193447193
-1.8742010849080728
0.3540067164239899
-1.290077805966429
-1.2049435273982745
1.132251381896727
-0.4096618363191616
-0.8619294686710242
1.612599105193854
0.16514557184765893
-1.049098564435985
2.4125686911439876
0.1615036383328145
-1.7455843514075766
1.732721855415721
0.6882622150053913
-1.699801048682144
0.8030045057748453
1.2285712085783471
-0.9341735046893229
1.0724833236257851
0.287752025869576
-0.7886238014405852
0.8077532869882906
0.7820057503371948
-1.1276222674424603
0.0528321015835368
1.366705531915776
-0.3057574880723943
-0.5372416572187605
0.5611792996592387
-0.6047682847056066
-0.5997684126509556
-0.05879123942200131
-1.1478311804821308
0.050102662437995764
-0.4002926925684437
-1.5207287361531845
0.7881468553274324
-0.681630792084142
-0.7444547957908912
0.6009133562225855
-1.6195206804217426
-0.5526520733424009
0.40154195552178296
-1.6712262986906488
0.3204703304431221
0.8718907124221109
-1.015915196804285
0.21694385193436214
0.10043761256418075
0.08468297721866413
0.08681585189593599
0.48617331671344377
-0.73101754260601
0.292106417549649
1.2200781710343016
-1.0977413386837624
1.0944298517342828
0.5947672854421302
-1.111106644299566
1.9616900482148223
1.0462071278728649
-1.5545166080541604
1.8335614324865908
0.17428581719071273
-1.5717419787036289
0.8563773389585526
-0.21434016388110078
-1.584919987426332
-0.10436213644225331
-0.4947863633646683
-0.9297633572470053
-0.4888408422316397
-1.1577039152318618
-1.0675949534085711
-0.2881928123819987
-2.1369595266076873
-0.3569047134742522
0.14939069552351622
-2.6711337876977
-1.0904460712613513
0.6823699212875816
-2.342630629622145
-0.8015171107854959
1.1984026402641335
-1.5530456133733084
-0.86078018616198
1.457775919831223
-0.6780516897880192
-0.28505656919166905
0.8397443534506892
-0.11733086520839837
-0.06093191726602464
1.1036069742033874
1.041429995581177
0.6058808119380622
0.6801482296638158
1.6283558082714498
0.511051603046467
-0.3775798838995377
1.781185616411596
1.0175249099436134
-1.2899177746116415
1.902725749774578
1.5474549224291922
-1.8358664611026363
1.1777988031477689
1.3545050925388162
-1.9548933127837222
0.1430952683513606
0.5907111769590955
-1.831474716410744
-0.5442224259335874
-0.3334856418395763
-1.2878789077307833
-1.001460740193938
0.6874461476066014
-1.3157136765759108
-1.456895418097412
1.4281026218221615
-1.3606409620726865
-0.729417630323196
1.9173788753600598
-1.0085106437266762
0.21667427056018457
1.088965976176699
-0.15445712736750355
0.39618248762711217
1.2980605159421958
0.05806611879083957
1.2997665141744796
1.517599733571828
0.9717495424372216
1.2734385328529714
1.3978082765790398
1.496305573560153
0.3971766940111226
0.8350835627015957
1.282943720205082
-0.49929950234758236
1.5535799269566921
0.545448184386749
-0.06107210885166577
0.7332099987055372
0.6751735572006421
0.7305441219575861
0.727839617858991
1.5577953937912887
1.2161909629876622
-0.10762410275074073
2.0553711559165775
1.0668956294383667
0.37433411767750563
1.6069716646904615
0.3242134937279671
0.12857311489274423
2.5594475679881734
0.21998779564105886
-0.5559212806545059
1.8406920317360735
0.2552637218511957
0.07006891396407577
1.9152080215621787
-0.6207521172756412
0.012498647980265912
1.7898269706739258
-1.6000507839475153
-0.1763208991525777
1.0584420094559852
-2.3053607775517984
0.6472451269949835
1.0031600769442859
-1.7412328383071622
-0.047400160300237436
1.0710512500797873
-0.9212616481416256
-0.909696163943031
0.6078337991239963
-0.731031384064368
-0.4173058318457749
0.3415755986394281
-1.7478273508554307
