0.5978025475010245
-1.265015622764743
0.022359734449727064
0.29390205183202267
-0.5022614850225202
-0.5592055179235095
-0.3259971507797803
-0.9024511668292879
0.14798523384496448
-1.0963694399587136
-1.2768701802686717
-0.36888079232002763
-0.6765508640385491
-0.4170743102609455
-0.6295566663013833
-1.1366276721751059
0.3934798095504345
-0.3761877685036574
-0.15020220304495613
0.4397999132956294
-0.6295752104685925
0.3794887636490406
1.2196830348233052
-0.30912418992050905
0.7897776140277021
0.3153252918664506
-0.33696096279427634
1.7930365198202416
0.27595615292205994
-0.3730998653509875
1.2470899577209344
-0.5461282093029605
-0.1980085919945453
1.3042689578160491
0.19122798478331113
0.4986895237273174
0.47465298249140003
-0.34302589179049636
0.39541120959342924
0.4031025649055533
0.6415601738533119
0.5072542691670932
-0.4150021235160503
0.060968671336715574
0.2490888986376086
-0.428674953544348
0.6712410297694054
1.06770491183355
-0.5478607158540889
1.0293970030252826
0.1239943814579345
-1.2659650223387764
0.46674410794858345
0.5911637756737984
-1.2398718145135856
-0.45255630693490806
0.17694762719208398
