-1.2296438131329213
-2.113342302138579
0.8606391427487056
-1.1147499338027205
-1.9272253404712274
-0.07313673417105906
-0.3648854351424653
-2.3005829221241436
-0.5479489081669724
-1.131278458029881
-2.2851665510791217
-1.0612081141473135
-1.0362832710522374
-2.502139289488899
-1.9830068926612388
-0.2786242932833022
-1.9454967257677722
-1.709023156570289
-0.37066301345507496
-2.8696061921828595
-1.2754382410554517
0.10220442985616394
-3.019913782967067
-0.38315331595170893
-0.45108885823885453
-2.522542993244628
0.30980872463328085
-0.8631730805289829
-3.0261588338449994
-0.43920263068633275
-1.8531233127627
-2.675237593740932
-0.3785218368692456
-2.167808632084352
-1.7455584113695422
-0.007005749727542193
-1.6678226521093955
-0.907064265180448
-0.09869175108593305
-1.9570136293554004
-0.2910738613882348
-0.849816792840447
-1.4293463262824317
-0.5409247061103448
-1.6723478812271722
-0.6020083429457765
0.008890937348550256
-1.7246972160191631
0.3547514246450865
0.3364092009833215
-1.802906274428238
0.8127787570624944
1.1533394344414392
-2.136486909617205
0.107382721567782
1.2300558508381414
-1.5348368905344763
-0.9293683396291034
1.3975406395543823
-1.2784340860331382
-0.8992829959581607
2.3312286059429477
-1.7583175685457753
-0.10776938165912146
2.1602366889256137
-1.0712891087075356
-1.1161896584205113
2.271685198654821
-0.7762705070850227
-0.47369957649245725
1.952209346418322
-0.029123393257851817
-0.20218122581636686
1.2925996330416727
-0.551718763983488
-0.5685687557592249
0.5077960914812826
-0.7735674587663224
-1.1257006005212096
1.005378753496512
-0.41413160323091525
-1.5956921203245045
1.9408181641817337
0.08145544665711457
-1.7966642450603543
1.543745981217362
-0.8710668163732428
-1.4653336402118078
0.64607953719845
-1.0862796697791228
-1.3397780320389214
0.22800930861468055
-0.05849169290520257
-0.9236790230047986
0.1035783849180513
0.8034125887159919
-0.9297895566296442
-0.3181673902480668
1.8581645336455594
-1.8153757908172299
-0.3543810682172814
1.3518717001835043
-1.4592533372013672
0.5754937548982666
1.7058041828720223
-0.67651994187335
0.53457871840304
2.3198644533044672
0.22338513080477632
1.1053397036979697
1.998041188307731
1.2051871316390743
1.2100754779948744
1.9976645402107938
1.6539599472563449
0.4031646399538066
1.5225055275864876
1.8157326415252117
0.4582809011051872
0.46751088903840415
1.9995966960917646
0.34868815592707597
-0.42209542374293185
1.986319356301808
-0.6489266420003788
-0.1547582692205363
1.9447036661483488
-1.3402971978272762
-0.8430783497848
1.1160003765969966
-1.5687904691072063
-1.3382751023450994
0.6113340157018422
-0.772246905080956
-1.61765854884674
1.1413016673400322
-0.7715650284207293
-0.8725859339642961
0.9706110568831356
-0.9160843672505197
0.3621991932471992
0.35556051252132115
-0.2509586130463625
-0.03964807223174226
0.5840077551453271
0.7509062570861629
0.42030077258957815
-0.08566874510341758
0.08186905939168573
0.9164800458018062
-0.6113844660068068
0.7009954734850291
0.1356632188611299
-1.0439085775029198
1.2184509130313632
0.6659901680999896
-0.5890198705928014
0.7677560917123607
1.3933227778662658
0.08030341136985292
0.17436262391043406
1.6522749357220112
-0.37003985757912394
-0.5886238232787984
1.172223669944933
-0.5225475932079175
-1.522523456633142
0.46327476120768923
0.3692670416377257
-1.4635735204071314
0.8391382211882699
-0.5505220742707563
-1.6886709391234598
1.4903850236996352
-1.320514086542706
-1.1027202814038612
0.9309943075034439
-0.7029677578731021
-0.5677549856786603
0.1827493735032884
-0.9886757391731881
-0.4344491975054713
-0.8094506945852624
-0.40259709858835696
-0.9378289450862088
-1.5914676474488278
-1.1946944096623557
-1.5456106476361648
-1.6893301861782273
-0.8341472799707723
-1.3316095552646683
-0.7756931315034085
0.09054051765075825
-1.0555204716661548
-0.06044040516702663
0.08100709991639578
-0.5055413884682777
-0.8934734116810311
0.26593507990273924
-1.4109614828207169
-1.0834665470009948
0.6432714363739789
-2.33303719725712
-0.8876710392156746
0.43846177139957754
-2.208723428996782
0.0838564480923382
1.141117250936984
-1.6243268315095951
-0.36005111751550806
1.234152073198648
-1.79838929180934
0.6121499808605098
1.041077992611532
-1.5310005712736752
1.5511056761315136
0.5151341868090971
-0.6153360672603382
1.3682608991473384
-0.17530846157150945
-0.9510829919927757
2.03256546434084
0.101105915238904
-0.3059966190202427
2.692039714671936
0.9770380667489073
0.2816750579948613
2.184370221888692
0.29805165467057537
0.7335194164659465
2.9059310967506278
-0.45837107896799173
1.4412405596884414
2.711632615022713
-0.507197333642965
1.8271290107799618
1.7053283021726038
-0.1513324139485361
1.5529570651894236
0.7788472006211512
-0.8617362852661083
2.184499200889607
0.8408059901770705
0.05383193279987918
2.417902347235924
0.5842345518762417
0.7628333884571407
1.66214743755187
0.5233432808923714
1.3110004885369881
0.9116064570992333
-0.1291295169966904
0.5325127752686846
0.5546755814690219
-0.6000502688513386
1.0046933676176437
1.05510330750139
-1.1894031097980915
1.611768311729217
1.8848943286308792
-0.8474127012323405
0.9113036480028438
2.667038913245379
-0.8585949814823102
0.9767470572140126
2.5777967613123955
0.07364771040480352
0.5488965081295665
1.8365689736264372
-0.5420880330599158
0.7610292017047345
1.979249976115214
-1.5192228388648448
1.6335271087622152
2.5697239608763005
-1.4908171802002859
1.8039317221146813
2.732904992004283
-0.4680241359521119
1.7443384730469778
1.9524816605185795
0.20208468883731398
1.5467533841413876
1.3241214436991888
0.9963152724063313
0.6900143857486538
0.7301494763923023
1.3105775628262195
1.0244023432554705
-0.03469068110235963
0.8189822043274649
1.0228111889244031
0.15657262861052437
-0.12462815404497765
1.116875338459409
0.10396444483457856
-1.1864481738264716
1.9944409936283554
-0.406062702093495
-1.1367353294188427
