0.6033075007844072
1.3065198006834986
-0.5845407364525421
0.6450198892809621
0.4377496444385664
-1.1042029185701232
-0.34918075371873786
0.42745398436606247
-1.0539821507900293
-0.3906348920351452
1.2480015137438818
-0.46375321445504214
-0.7202624230081417
0.5969969987168217
0.22076631449642944
0.18162711580098845
0.4755603370156006
-0.21956095089814565
-0.5065451797908117
-0.2102095599773587
-0.28183091284401834
0.13823902626102574
-0.43849995375610296
-1.0028374699548421
0.5314765903741189
-1.0073918886338558
-0.2854013076547001
0.34946333709745175
-0.27584207783698966
0.38514206987706107
1.3467375725495152
-0.31792811910216673
0.3754546713941088
0.8176778289515874
-1.0393237851992718
0.7999526966605974
0.8401408368349184
-0.08633491463931323
1.2072304908119822
0.05581183225777174
-0.6725271947526331
1.3095010087258456
-0.14813035194918986
-1.1472620339266915
0.44076328816704047
-0.4227658014884807
-1.141606979396253
-0.5486756700664837
-0.8533494892568922
-0.4365187922702221
-1.153053972886252
-1.2311615298310008
0.36671634264599184
-0.6417349290765723
-1.412897539117321
-0.14460371221964
0.17223280875408484
-0.6073558132208273
-0.27364161953488597
0.7093333333809966
0.023632503946399253
0.4787620827042718
0.9176134735318227
0.21120720029671203
1.2916386309678884
0.34711225467495505
0.8979425389807005
0.5622912959627911
0.45447182317387375
