1.1406905176670659
-0.9636086143624194
0.74837491462582
-0.0022497582104695005
-0.8191405919987259
1.2190852592268953
-0.9140201419973987
-0.44565931227461925
1.169407916296833
-0.8051395111137246
0.22883034270401065
0.6704341164589916
-0.5218852424538819
-0.6150075875166224
0.5210242629497431
-1.6510842056306707
-0.48478851972715387
0.5561550366567398
-1.2434842726400526
0.12363942464769555
-0.16325499931309256
-0.8207884297761625
-0.17186081276217674
-1.1017239698086396
-0.12424909174576163
0.4953035029905592
-1.2614987820081187
0.48553133969694173
0.15626458816061545
-0.8872126442539505
0.3569962088834682
-0.9639284652333014
-0.39784270204748823
-0.010329438537435606
-1.480576598857107
0.2935208629176958
-0.6614631617420423
-2.131345018340068
-0.20073476977054308
-1.525176306297635
-2.208681195593421
0.35852065339544725
-1.5139254482320195
-1.7492718312639437
-0.5616256553160082
-1.0012697400887143
-1.3441526250505265
-1.222067196176334
-0.583181180721749
-0.5354651984663319
-1.9641047300237235
-1.575799310100965
-0.5413277901253334
-1.6433474859440225
-1.250592823215959
-1.315630216517228
-2.3531251593107467
-0.23537229571535379
-1.521798177675633
-1.9575302360939677
-0.09678568199522435
-1.68379443685717
-0.9835187079437566
0.563014381702171
-2.1047758747485514
-0.3431984392224388
0.8262821638376103
-2.8529261649813935
0.3613221307318155
1.6311302574480215
-2.431645232593353
0.9505198593434947
1.6841708748600677
-2.3049820795389997
-0.08241723025197976
1.2694067899213632
-2.3287554546079132
-0.9751642271016032
0.8897885465011833
-1.4440286725321798
-1.1990609011886804
-0.04277214893869968
-0.8140351700303693
-1.3167434992904423
0.9929684769712019
-0.5157481357887048
-1.61402356597154
1.3316448448938643
0.2797848433761788
-1.0818562935866975
1.703737137487633
-0.9033651650292396
-0.995663136859022
2.6020202747534666
-0.9144117707195369
-0.55882397982582
2.962191074752984
-0.2723296955434786
-1.1093520979742666
3.1351937243048513
-0.18609760606021009
-0.20828649951256303
2.92046527999884
-0.7464766538836001
0.5291602360244959
2.428638458580547
0.07980370907857594
0.4410086894690168
1.8103989577176507
-0.7226644499233701
0.19459091298671877
2.239353677807615
-0.03356055455499374
-0.42165851115196323
2.1437558823601446
-0.12026439921575136
-1.6603854651770134
1.3573132055631396
-0.016981849362488415
-2.3245913827110116
0.2975234887248862
-0.29164979312211564
-2.327496443543605
-0.5871266753557872
0.20281558027664862
-2.549993638360481
-0.2274093525695145
1.0018960603223666
-2.1416193868212368
0.5872197983550819
0.6098004528614046
-1.8535589792579055
0.4624684761139083
1.6274982224895167
-1.877858706200708
-0.45826779744482005
2.1822416060308414
-1.799193243023635
-1.051741297671467
1.5191542317858566
-2.2938338824687867
-1.074090810066196
0.6491144223674516
-1.7817555242083922
-1.2028475088651995
1.672821076011096
-1.3372933526833848
-0.29193920607535606
1.4301181917990131
-1.2802904551422072
0.8033026431362756
1.0194321875979684
-1.1207259801899214
0.26047711579395105
2.0600222207353114
-0.6301236457721843
-0.2697540719365417
2.8081221145570066
-0.3479536107992647
-1.0458472914288837
2.6299497684418203
-1.0795515782050549
-1.2695602927015794
2.6185411314023397
0.005382105714020425
-1.733604781154671
2.3978965885528174
0.8370523658751924
-1.1099268602808874
2.1455838842887243
1.5671113905734524
-0.8620764288063599
2.849026849404764
0.9012547644719526
-0.9019773265896814
2.024250870774031
0.6330158108178178
-0.38224850966831236
1.2268672834645162
1.194834499933216
-0.38655674096501186
1.6275448152516943
2.040929630013817
-0.1516614925482561
2.1732853622652657
1.231313382841483
0.07192856349190838
1.7288339408297249
0.2539144887021456
-0.68520232392056
1.7890776824643932
-0.4554306981319076
-0.9261514057625205
0.8981815136123368
-0.6388316831056147
-0.030500880816666485
0.8684182031253617
-0.23182713083297254
0.9136477906989314
1.506036124107252
-0.22976345401726234
1.9269499862281696
0.8620478828450167
0.12942406510741902
1.6660293423265553
1.1015341094841742
-0.791733664264217
0.9198576226559165
0.4319207694377711
-0.19787135868707229
1.0186375291396084
0.939868250940385
0.7969500749230424
1.558637633103988
0.028876466949192103
0.5583699908896803
1.179699908012332
-0.2997749882777522
-0.21255111359857787
0.322301485248129
-0.2879759044012804
0.17602778222300955
-0.09593179498400717
0.1262115097125751
-0.3165584041107669
0.18007308912147185
0.6361355560919683
0.5010115039270866
0.7678254641476776
0.09356643136166923
1.2082345674619248
1.5721679905000188
-0.4661591892072053
1.4328963686075913
1.7949171242080084
-1.4173781211368326
1.009061668484138
2.3715736000601386
-1.7386758477849342
0.23890883371694552
2.0342325240132517
-1.7650825207573544
-0.7659185034089427
1.3304465452994714
-1.4525127883353068
-0.20672598656295252
0.9344671308174727
-1.7709333935345428
0.5789461939798679
0.2567422132967318
-1.7164181301400563
1.2779557076191275
-0.03328089477789883
-1.1323114949600597
2.083396293970737
0.3193688059873943
-0.19543482690838498
2.230640127492061
-0.20362104514741286
0.08992840229253153
1.5179422657530464
-0.9341047918357794
0.5396558733822527
1.6968158887941198
-0.6613127151992054
-0.2866871476486502
2.213020094410609
-1.0285992790896465
-1.2518909625752108
1.921254905711647
-1.658514978839348
-1.4198155482398715
1.070317928712787
-0.6069246128889914
-1.4221551544692819
0.9879038309470741
-1.0682767441101002
-1.4255407165114373
0.2251754330213916
-0.5586403676821329
-1.095492932561444
-0.5542985987684264
-1.5424436392970309
-0.7691263245262152
-0.6911485546436179
-1.762683185971266
0.2007667305623643
-0.9564927872453945
-1.7175738523784958
0.8874338029629423
-0.18713786692414047
-0.7704258900463569
1.15119352611427
0.123700956831536
-1.5089093177859672
1.150012773823066
0.8831767468593967
-1.845233480842334
0.2176279904747474
1.106154352087001
-2.1919198488236757
-0.6139492278305845
1.3105442298323542
-2.5149812799446973
-0.0517086747930255
0.5747853614652793
-2.45860637321911
0.9272072962111318
0.9403328074253804
-2.0273712233979
1.6550208967855706
1.5177105543057667
-2.2371864078857087
0.7268514239148399
1.8914225976698191
-1.6456518810526508
-0.1309867790229049
2.020874133117568
-1.1503328740567111
0.45236040348775974
2.6213468723705655
-0.22665142404321267
0.6603410100563102
2.298349572051167
0.47310634553944253
0.8913109285180317
1.6004162515889169
1.1789428553506787
0.29071755729463833
2.0253492474297015
