-1.2939282352563228
1.8775253002589414
-0.09725026086284429
-0.7081135428323297
2.450336501885707
-0.7569935105477488
-1.35417326770002
1.6967223386498855
-1.1281025815038406
-0.9390040896286853
0.7329828054123504
-1.1453717161254537
-1.6184591182066372
0.03494645143925407
-1.5371015780354955
-1.2732951141915985
-0.8364918909419096
-1.3388454796342635
-1.0516945842018997
-1.3833837888794336
-0.619365512422748
-1.9160428260162237
-1.5534223676469525
-0.7290567455263911
-2.170512107412769
-1.4252900857778923
-1.7520766412779278
-1.2882798879448334
-1.823895755000454
-1.521356358762801
-0.7102611201311302
-2.2344218790395445
-0.848124810585643
-1.4014184274531607
-2.122734752150523
-0.11414439892942298
-1.9695431528868523
-1.592734208034419
0.5679317444289297
-1.6470530838505453
-0.5915194652316925
0.15248887528305072
-0.9922526064974382
-1.3836067574537958
0.5078705868534787
-1.0601026867504306
-1.8396296509775354
1.3325290337185243
-1.8762102490141097
-1.2373343053515047
1.4878443372956363
-1.311730025520987
-1.1262177601428915
2.315200750166106
-0.5472717867348028
-1.7824387420775318
2.296556852322346
-0.09625009321605979
-1.9055831637409661
1.4333125079732223
0.8836219312189539
-1.8247820965732464
0.9456389325864042
0.42838917093226986
-2.4379731241832086
0.32774144912523007
0.827246280092656
-1.5879698820152914
-0.12004611339983509
1.4369137771451355
-2.3181253042872805
0.3756425193788367
1.7923870512553008
-1.7845732226227276
1.158120494781571
1.490330934991841
-0.8915251650232784
1.0973580408265726
0.832681209115984
-0.7363181258714572
0.2849762649112738
0.20204831453268307
-0.9772057729649453
-0.5227622003365305
-0.6280286347606652
-0.5495345738896906
-0.023758198969089473
-0.5228876504417659
0.3463492535442564
-0.16485172971736706
-0.4974310264990304
-0.38785994752531505
-1.0369703467837152
0.4597433717699329
-0.08915422107514256
-0.6924085863889888
0.9667650470692236
-0.9233964447045406
-0.7981749610965637
2.043191012696847
-0.774654896618138
-0.5732708434313646
2.3944241589104402
0.09308966402313032
-0.2683814247166026
1.2141269093053364
0.07977719756340498
-0.4521678353108104
1.6998287347081218
0.6646317189453387
-0.9988120325968473
1.5752364021337995
-0.1975562519473574
-1.3854890954195684
1.7680220862985225
-1.2546227000481962
-1.389393964747955
1.2541398291778711
-1.9945660729722843
-0.9189153578109392
0.2709090625450465
-1.8869362041611721
-0.8322326878124824
-0.49568855056659233
-1.3015039412848255
-1.3105187337294242
0.11442582438163873
-2.138665104308601
-1.8552972778470238
0.8193452819978602
-1.4363516482626033
-1.5939366701538797
0.08503009823664034
-1.153307054612713
-2.2676137404075782
-0.6373502749656004
-1.0427951038303194
-2.95012813842611
-0.7322433644396863
-1.7818370335922258
-2.303769460429063
-1.3901006153693565
-1.0977555710383426
-2.2711868316171757
-0.633061347179867
-0.5376232991608856
-1.9247383178146138
0.2989734522503666
-0.5172479574688033
-1.3961363685056352
-0.22633422310404483
0.3169290640377286
-1.657702601805208
-0.8040640267186222
1.0595883194185947
-2.039861148040969
-1.7435026923070283
0.9934543829649768
-1.6738710215550552
-2.3088114469054037
0.47077982158964754
-0.9833939403252638
-2.1791045046103625
-0.4566116593955271
-0.7896078282449839
-2.950283936370825
0.03925622972551263
-0.3870663154808145
-2.709003697113315
1.0667416525429274
-0.23773144145149186
-1.8992189217273008
1.2230483914351002
0.4450818292338277
-2.7097557101804086
0.5049668482963376
0.8170475263094242
-2.2165450162402616
-0.44641088512307164
0.9692784678697929
-1.3145388715584048
-0.6246876271889408
0.9513578001595159
-1.7852345102715896
-0.29065251672483233
1.8439299998185892
-1.8183343040282927
0.4003082179187308
1.11271744011593
-2.0579571374945638
0.22786423860455265
0.03014010973085622
-1.375305845876255
-0.023571284957662805
-0.4933406005152614
-1.6177897077061973
1.0202196201732112
-0.4306083081458392
-0.875491014785254
1.0995965016653044
0.09422121745520112
-1.1580234813369237
0.059291543995890456
0.37723264748781377
-0.9154571220526819
0.9188268925093025
1.2384448082013888
-0.9199499769314813
1.8645650473446833
0.8261794382773532
-0.33857136712944774
2.0436337904059454
0.11702328387184875
-0.4296218973056795
2.709001378052117
0.8054193115397019
0.5457903276469397
2.8542382862763307
0.7542807570965353
0.17996844489822428
2.0490348923148454
0.929860674612883
0.5460000069507156
1.5227709425027514
1.8984805030398981
1.1306613017912668
0.6773733362340147
1.732066526549703
0.5378458645261854
0.821743097227501
0.8991558412881845
0.6555012382317623
0.29200630162652824
0.4406514407832083
0.6457413503936991
0.029401154580970985
1.1346357334319221
0.01643432940698618
0.5264897759013649
1.7235178480611484
0.542139327812887
0.39724976771551357
2.5929707044619117
0.5459000850758137
-0.6096020044333113
2.834808759134905
0.2807869969528634
-1.3061351610899978
2.10910024161691
0.2524297890330269
-0.9326410796545347
1.2101232277474385
-0.02251296055858582
-1.5042779050048773
0.4093680933296929
0.05785564614231274
-0.5037632994159352
0.4562073270893427
-0.18759206471907341
0.26741810346784095
0.8027475707605465
-0.6984931867460256
0.11928119111890148
1.6613679693421102
-0.3816247647703855
-1.2098731153165256
1.74747453754076
-0.39906761928876516
-0.8486770987215171
2.6200189876039226
0.02627454682023602
-0.35027073664358743
1.996480129171778
1.1721177454989156
-0.26240318516387146
2.0538374001120956
1.9605680314615823
-0.21014850439063315
1.4039543644540073
2.315562135712877
-0.9613297032240381
0.8973645176710078
1.673434069518938
-1.4442482203519478
0.35893723376614883
1.8621939626233353
-0.18558790469381967
0.5054537542262868
1.3202590163410861
0.3175228096095004
0.886381128513504
1.0835767357630688
1.2815792224629363
0.45045621678713094
2.1280367429362737
1.536771046554037
0.7234141496590888
1.3957156210423183
1.5886379085379527
1.375706679566911
2.025467692980519
0.9081614454429601
1.542137906238692
2.507443401484456
0.512503889337547
0.624174858966132
1.8236062390148715
0.7506915618989437
-0.11713609983487118
2.413240736044516
1.3334864400241446
-0.5575532802281583
2.7621015290424866
0.5579008713607565
-1.0667257698896793
2.349883362432849
1.3824918205184344
-1.5715386520461372
2.1030480900337962
2.1965771165636
-1.0203190160205031
1.186222988444214
2.5182639210935633
-0.8253232787720849
0.1788133622882285
2.851100577546297
-0.43448313757011386
0.7555736162706926
2.0724979353078266
0.21055511010318778
0.16086886485786378
1.1610655419853368
0.08598357284622832
1.0186484559984519
1.0064626389990965
-0.46747231499220154
1.5921985064088315
1.7765161351696381
-0.24683422078320358
1.295349666829051
1.598865598310672
-1.1876474364584684
0.3804289287775577
1.7620830508536398
-0.8746452652583079
0.4828332394562333
1.3718468721999315
-1.664368804519019
0.7693710575416273
0.3838531801511717
-1.4664351275899072
0.14160690489956348
0.9156298570838877
-0.9709437261767065
-0.4791933756447651
1.453591081391707
-0.6135592440537142
-0.39550904700107314
1.843896640210053
-1.5660409438524927
