0.11562550922306998
-0.1847557042144683
0.2186578880313831
0.9554038580474892
-0.21275990265727104
-0.1269960943548492
0.6970623625634447
0.5432385273408092
0.4558451925652284
0.3827910966683157
0.5296850606898996
-0.45632375350709053
0.1859420211758851
-0.4024018356087226
-0.762838626277394
-0.7044618378046136
-0.44630249676667677
-1.217286343407387
-0.5949047877675299
0.25738506557045937
-0.5383120773509846
-0.6643161679644791
-0.7289229868700051
-0.26024529736087654
-0.9267369172082478
0.004011469382525016
0.4396954981797309
-0.2513955760010667
0.7595610352939308
0.30473253563042524
0.013885804683780395
0.2228779996308316
1.0898214734008278
0.7911046343839668
-0.34161623179131295
0.8532496044509816
