0.5222823604136864
0.02740999881642894
-1.5975179560397894
-0.4262691287995833
-0.24046765041201953
-1.6480774920926402
-0.7620097091854382
0.4977828635797317
-1.005305954781356
-0.5960341429918804
0.14871987116839266
-0.12022841722307212
-1.0464651543629493
-0.46892667116563597
-0.8121408425971068
-0.16755582866433977
-0.26064956902799535
-0.6931681985700762
0.09897570642246528
0.8550594489394271
-0.9802352065302551
0.3712050521462387
1.503245462407747
-0.3315651661316471
0.14740572656750656
0.6868437279320913
0.08788261383902021
-0.20284738967366966
0.5338059218089584
0.9573885482096794
-0.13215352626833798
-0.2747426304467922
0.6135861747397353
0.18886366607684116
-1.3190073829683058
0.34348874511949756
-0.6446858794992071
-1.053761620907958
1.0295804704309162
-0.8015438313648888
-0.8101281838336583
-0.06328150802154255
-1.5640937666092225
-0.27717261893685663
-0.00019102088610689454
-1.4731979742796972
0.7067562285288611
-0.3297081383674101
-0.5184793416598996
1.1149140117980436
-0.3821767553168895
-0.1070400544908982
1.4789377912786508
0.5221626035543045
-0.9491484537037732
1.988078773823833
0.2620304224994429
-1.0442527046853354
0.9765521861559527
0.5978880732968207
-1.0333771648808667
0.006001056672259599
0.8837662963476522
-0.3328190081259099
-0.2459253331859339
1.5191152195888344
0.5774273928557505
0.034739318791124935
1.1935444138432578
1.1941296980688563
0.2903723745905856
0.37825880250756283
0.8998184864467992
0.326146740724686
-0.6266488720245011
1.454597373127145
-0.13937885245119025
-1.270200163824242
0.8222494483475682
-0.8281069255951042
-0.9169452990333598
1.489709376421442
-0.4045037843886795
-0.30966595248995565
0.5906294219069015
-0.4065111659556909
-0.03850296928171643
1.1516017794520017
-0.6621273429288848
0.7060285652694906
0.33122117485024133
-0.919843592652562
1.2323105778276018
0.9296781968065814
-1.6129211719964613
0.8655288490995845
1.0321781993358943
-1.2511912801630205
-0.06700046296167335
