1.6674139059759225
-0.96133565327055
-1.199869701936186
1.9543639945184093
-1.0612196086618635
-0.16322832877358953
1.4275233333399526
-1.083385989320969
0.7683919549238237
0.9205541537409074
-1.1694034364223935
1.6828274307189075
0.7996351135113071
-1.8261575094848923
0.9850842278411797
1.1856280838949047
-1.803978335912921
0.15773519564369023
0.5181963976540261
-2.241269489425856
-0.4198193557017729
-0.07804720877425396
-1.665379078473977
-0.8461623803447212
-0.2015143196779992
-1.536060821888794
-1.8787473484255943
0.2660713026260087
-0.7585225030745788
-1.5114767576478967
0.8089141233290098
-1.3561999995373861
-0.8947776080248736
0.9917729283854607
-0.21271405335746096
-1.01159215971876
1.8407573131876829
-0.22416615394073647
-0.6170359501015067
1.5659413930336938
0.5498793612678846
-1.1667753855243712
1.4538229448709328
1.4663549800855757
-0.5909482439693937
0.5807644734719786
1.1329253316932906
-0.4573796930911068
-0.3276448656179211
0.5584676885769304
-0.3815129254336744
-0.7504118170487067
-0.21315434770864417
-0.4842304531050283
-1.7706446876324278
0.10733227872813594
-0.9896245761235858
-1.8041401634645957
0.4465489896123117
-1.8491403884396107
-1.2199627035484153
-0.30554198780901853
-1.596392497833348
-0.9044813548565922
0.513376502066986
-1.4887907937171214
-0.2929844152361896
-0.2089244631366529
-2.0917762141187506
-1.1893045907948867
-0.34858497474157224
-2.5883021325498636
-2.116039431411723
-0.5157434415192206
-1.982399100031288
-2.60573453328344
-0.24276747846125823
-1.1257636137228075
-2.202923854778803
-0.3392266675587641
-0.20527308760550728
-1.8348070115829924
-0.8167752609780453
-0.9778938296830948
-1.2791708756874018
-1.3648813677100962
-1.6630711711811383
-0.6396308838534045
-0.7869706600308817
-1.1076577610314005
-0.623999538040642
-1.0026927543922615
-0.2558087475523996
-1.7290983074916952
-1.081369853147397
-0.0821293311315682
-1.6414804772868268
-0.4927501601369066
0.7144780678336947
-1.5964560910291872
0.376703470996784
0.15231638364955566
-1.0169880941221894
1.0587191885799154
-0.6004130957964786
-0.7003562977641025
1.1532395929896302
0.38627895846998594
-1.197925204765947
1.8286648657813573
-0.14453023184423644
-0.2139972063064934
1.6629696877275864
-0.29041765546197523
0.3197160413134935
2.5068266976030977
0.15221585748468486
-0.5460432619549457
2.6594240215424536
-0.4469983457687684
-0.8060485347305363
1.9176019003199885
-1.0577350042065958
-0.19718300387860407
1.1628086055757634
-1.0159019659875081
-0.07191949572537885
0.056811239431022655
-1.0812815832115665
-0.1674271561321515
0.8669883410365318
-2.0380425570234584
0.6225681007600512
0.1360576563730022
-2.6272252746431697
1.0873754353113052
-0.4783762605477736
-1.9504371727024974
1.5021496471613087
0.408498966940325
-2.141977071378973
0.820330665344568
0.3957702120172073
-1.6463643603212788
0.8368405017572244
1.337589941038153
-1.3597906977213374
0.6700373391966659
2.0201341401990147
-0.6490354296730972
0.9665245179482261
1.5929539300962439
0.2537901476958583
0.7962519125263717
1.2984658699384382
1.1875746679599688
0.07670122209177802
1.6478877923573243
0.8530433057398666
-0.6729586908685589
2.3847452851380657
0.5944073771947465
-0.8462823589205503
1.6674131240396204
1.1744204544716923
-0.004801597015352824
0.959188461603785
1.3282426708515238
-0.08921537921057027
1.8774544108788929
1.7667892528209237
-0.7572388956587548
1.1314345601809388
2.135560792700789
-0.23650359606317045
0.25572597838951766
2.1071288777237207
0.2431367560211669
-0.4882849145308219
1.8092018476334049
-0.07801456862262042
0.09816708180090704
1.0656561100864261
-0.7724403541692331
-0.5259126514698031
1.3133406866177313
-0.97681299413618
0.42285676926820376
1.2020784667391047
-0.8523632548354112
-0.26317335105794637
0.4031397466449232
-0.9154724353406282
-1.189932994028241
0.8553015954800064
-1.3241538886034216
-2.0781483563541427
0.2891659153856663
-1.0838686711617886
-1.7217024156496525
-0.7608290415734394
-0.38295892495911427
-2.1815565758068862
-0.08370093191434799
-0.1546634465871422
-1.788210969846647
0.8484441285194197
-1.04607449143422
-2.03697675198846
1.2792263404336415
-0.45318149540648367
-1.364899668542153
1.821714225989857
0.22008935655894538
-1.049890572875238
2.5529875712531593
0.2110984886762556
-0.1140597405910492
2.909168745403981
-0.3737122403650842
0.7290074299825396
2.9573729005799643
0.2831584800068427
1.0580442725829322
2.2877294713762804
0.680161288552199
0.477665781906609
1.738148802202785
0.9803242820992283
-0.3973948729501555
2.329774187956126
1.3895873242319272
-0.41553976386665153
1.366307519601336
1.9931014719235827
0.3487207006985184
1.235083023263999
2.2119843545806814
1.2222975279577037
0.6880017507910502
1.928215024784887
0.6417982082694857
-0.08232468686592727
0.9935365485939903
0.17502321035738375
-0.14074954670620737
0.528434425342324
0.8024223058483247
0.5196349738890331
1.2110352052761622
0.7460039728653376
0.5635991644838926
1.6864170874698763
-0.23679509325418188
0.3204294259137729
1.009619985446409
-0.6626591251963382
-0.11825770930104579
-0.002348948928114362
-0.6092556044665375
-0.5445289327623011
0.1194303639368774
-1.3814904092018678
0.05958335310395411
0.3715220113358606
-0.9386951046458317
0.8909532195488751
0.7872149167845821
-0.06507736797018462
0.6122615531175996
0.221509402191856
-0.25376171940083225
0.08953048164315511
