1.759525484904472
-0.42569604674016936
1.6382512154306441
1.9793692523251984
-0.48439455496561984
0.6881617963229472
1.639746780993804
-1.447824257724759
0.6710107250130061
1.8657581103638585
-1.0077089419300431
-0.16620443140640664
1.7306160565448099
-1.9749477141676435
-0.16541989280550357
0.9904547188581541
-1.4065777371404786
-0.03085019937159404
0.02150663730676288
-1.0139562545178387
0.350453587445366
-0.2746734379773575
-1.8377673333548692
0.9438639455571397
0.098655264120743
-1.9416517362643293
0.04479108609322794
-0.560068436836459
-1.2583329794098521
-0.2870520842959757
-0.4428944088733826
-0.83232644579415
-1.1281438541543696
0.15775734659292023
-0.06033094080847952
-1.098477020727428
0.12563548723541032
0.8665418583904552
-1.3211923848657576
0.2754325955287959
0.302151697153874
-2.132394278183575
-0.659953478392305
-0.2161931070349438
-1.8848720893061262
0.2916888456181901
-0.8212769595385465
-1.9115079625794513
-0.14233885344182423
-0.4704150335853139
-2.82880107271811
0.3366149560881075
0.3189983610273085
-3.1224259659471514
0.3899687153704552
1.1160120063797834
-2.58026002453705
-0.21650497111110095
1.553440820953337
-1.8977410928794072
0.7782967981892659
1.754897757431546
-1.9334635389880699
1.0587906972750087
0.7744301529501554
-1.948749263187562
1.05582661037957
-0.14252827362720455
-1.6810409608771824
1.6706222351599591
-0.7388244720294507
-2.1948370559899306
0.854997814382931
-0.3781790046803057
-2.6227589024437963
0.9168093157966669
-1.3351295746087553
-2.430042548511092
1.087902021551344
-1.1178561748855718
-1.4764693956703712
0.383431856929684
-0.9207711314327984
-0.773174286243176
-0.24261428979522118
-0.35407806715040435
-0.3502762912384031
-0.7561011962873404
0.2820082853748614
-1.0399488227690319
-0.6839728714206353
1.285584007071595
-1.0442336165814619
-1.0477545540309083
1.142412266509819
-0.04675121154043013
-1.1964361501938707
1.4889082842003878
0.7734737863721854
-1.719109310700343
0.5412520378648445
0.3519308355444703
-1.0535644461680347
0.22999295569809597
-0.029282015210324384
-0.019678571631083885
0.6958710510320333
-0.3787790248785088
0.7379741720550624
-0.20445485460931834
-0.24336611975433928
1.4479519121683615
-0.3104861938458742
-0.8336958172162943
1.8450506733611152
0.47100342915123067
-1.233887769201244
1.2078599248621515
1.5294531247121865
-1.0632213659472542
0.261844371863835
1.8502280474243793
-1.1095677121400727
-0.46209788374620164
1.9197924267620932
-0.34713467099535866
0.19241840249367856
2.1600621183582307
0.5716051165213709
-0.24006788659961256
1.1415049391646392
0.49248891155009006
0.581080626488951
1.486887825471469
-0.19354326445398207
1.00140137816086
1.5572855854871328
0.6425537469674905
0.4117272142336711
0.8053997187189956
1.1577244817705714
-0.028627214066348612
0.20870182656810568
0.5638726131259353
0.7231993388296607
0.6177588245428259
0.1795293923780015
1.4515910190482129
1.1633000152956194
-0.2014765367302538
0.9679175307000353
0.45961920496886294
-0.7494806584474801
1.559382146646306
0.19276325547646952
-0.03483800733696917
1.3282908903787958
0.18257234674082068
1.0016613299672261
0.5143931107793623
-0.12301447888650986
1.4669233361084721
-0.04563822802649612
-1.0038268738659817
1.3173189412012776
0.685315406720989
-1.622161777732158
0.8920404279579244
1.0817845959727783
-0.6864482910014279
0.7345639333677364
0.9752347992486174
-1.1301956767718047
1.5992169180819928
0.3342705352063664
-1.1955353644104985
2.3100301683086757
0.9977459580107011
-0.385092252013595
2.386403919163161
0.24161851899894285
-0.4214208655061777
2.9855619910946114
-0.2900525639082412
-0.3956725191123715
2.1255104651443606
-1.1899548514474088
-0.35395534938426715
2.562535985520382
-0.6443562922172462
0.4680297062904022
2.4564403340157974
0.32703074860997877
0.3357663957073672
2.3052095145847464
-0.23630180579553103
0.26709308846478813
1.5251039120362797
-0.7596919432293588
0.5274458353930694
0.7010616835019567
-0.9613218049318739
1.1276368140930921
1.6916236166728094
-1.5587679340543739
1.8403943188286527
1.6322033963369171
-1.9865774321358804
1.0165872967394236
1.391120048834218
-2.301573465434583
0.027315853545904687
1.1355432270583878
-1.9376040214278027
-0.5040026976879047
1.9046084361853397
-1.4184153277802454
0.10691710166392812
1.5761066079225063
-1.0155826809728514
-0.7206154519708662
1.5571042621309252
-0.8466684831536148
-1.218541813685913
0.6142665970280972
-1.2062419276231684
-0.6133344731504604
-0.1701741447836447
-1.8458254316105027
0.27152433138994103
-0.47722104555103717
-1.6709003480136948
0.047244006951284674
-1.4330305199973357
-1.410578119270748
-0.8519808822247309
-1.5809477682147688
-2.0169903512545027
-0.7273333411669746
-0.7982937355984182
-2.156974525984342
-0.32282978571228477
0.26841693719715853
-1.1955785931974203
-0.25407179399473157
0.7632635203215579
-1.9024367836125649
-0.9030475018235767
1.0014776744403695
