-0.5226337594990733
-0.5508710744122676
-0.4441698391820869
-0.70476478569202
0.24106492797080364
0.1718234237357236
-0.5547603522165168
1.0849718620227022
-0.3236906146086615
-0.9934835682143928
0.2706249208145491
-0.742573213470785
-1.404325689736798
-0.39201646090644243
-0.07026957931149186
-0.6307738101322539
-0.6617148001970219
0.5542100476350887
0.1862272698265799
-0.25346445216176017
0.1607405946016931
0.1691746906946323
0.7404585404821435
0.3050875556770018
-0.17770871644529035
0.12281951579328236
1.0260456139949534
0.28692050607005976
-0.7374653177776886
1.0128781873513122
0.7986594248655201
0.12829782090991343
0.8128925595401356
1.1250879545180479
-0.5807499006839942
0.1787717138109075
0.635931002285182
-0.4641961536816573
-0.6945967107993247
0.016158192448022416
0.33007614298192417
-0.615704274969298
0.8467402039617233
0.3914926557287137
-1.1653583791905038
0.9235514372665575
0.33067177311680085
-0.1660870848146631
