-1.9654262572848933
-0.24231579652221813
-0.3967443079951251
-2.154968494915606
0.5753521334689206
0.13426611400332186
-1.6511849651108947
0.36935170112983295
0.964264517589272
-0.6826214751391101
0.7573913174027284
1.014004104048241
-1.3449999562428916
1.1868057546598663
0.3998291463501109
-0.7684262706818639
1.834562541129665
0.8249679084468655
-0.07521973794523237
2.2438995275608153
0.24440457356620182
-0.03160271241174925
1.6805234505905282
-0.550732653686437
-0.9103209904639329
1.8620499960241874
-0.15637944629320538
-0.7302749510199893
0.9693974579662149
-0.3538733475489938
-0.09816189806638813
1.2977097554437598
0.3829852900613581
0.0039054190040993066
1.5091333450603517
1.3141093506531303
0.9766082148592834
1.4122692507530312
1.0027782976051636
0.7456975890897374
1.7176151034777931
0.06918976373919773
1.258116193599492
1.0429439511170098
-0.4640340001619416
1.841561372921495
0.31504182449025037
-0.8990226259979824
1.739722220692754
0.38794785564015016
0.05322518170282269
1.4908533834807698
-0.5190807001509876
0.0058649976479780985
0.1466916087846853
-0.5647466635677626
-0.2584368692415015
0.7068240958912548
-0.15162340719013134
0.6898837537517251
1.3729695757473743
0.48362001711350533
0.9878743599998271
0.8524897494804844
0.6780592923890217
0.26483566447918927
0.30068613497006497
0.7376018342567532
-0.5412719930933947
0.27514977793639467
-0.03335839714560149
-1.2024416285887174
1.2461884581658
-0.4717094256990468
-1.1419168819553471
0.9477872063018309
0.2553228931115527
-0.6857670378970013
0.6261427490848935
0.7580738160194429
-1.3444422999280086
-0.3495187710958062
0.733751921516214
-1.357601265451057
-0.6767302854278592
-0.20411128910343473
-1.5802116014205374
-0.3769778531077224
-0.11235757713839609
-0.6167403876890553
-0.25148834529628944
-0.9395792488593006
-1.0630559281305783
0.6437714217355308
-1.3624952012365057
-0.7929933369881508
0.9891786730705455
-1.4235925542662569
0.11740649236178809
1.793152731192608
-1.0597997148255154
0.6754732692353297
0.9459056538992426
-1.0307332082134781
1.0904921724430938
1.0051297319257713
-0.19037291243094823
1.548850496011089
0.4277541652791121
0.47028857709929495
1.1638670987826687
-0.07617855826199384
0.08388268329478955
0.35197227795140834
-0.056091821155256974
-0.7023159055778032
0.6813751066265364
0.08252803810041587
-1.3449881747412726
-0.1606277548368331
0.5931255000672485
-2.19435396134469
-0.3115057155781201
-0.1474466842780385
-1.925395656148525
-0.8984388154247178
-0.9320031661739578
-1.6033785136864909
-0.4242715374619536
-1.1802423036497076
-0.6644434358749218
-0.8560818413209225
-1.4068729061622245
0.32583561409912837
-0.9762568383771494
-1.2336770470858045
0.18141437888848258
0.07691172696646291
-0.8017825921796571
-0.251894528648853
0.925851012818859
-1.6594475930622283
-0.5553568454476961
0.5163023318680908
-0.6915794694543352
-0.6472619840137559
0.09166083189980122
-0.7372938678962438
-1.4872957583406827
0.6346568529306192
0.32338447705576934
-1.8208373422951094
0.7646838673461466
-0.3447851687669449
-2.366447791233776
0.0408615541803942
