-1.6398801500581033
-0.3943935345033181
0.8945796734191283
-1.6296185003923793
0.03625688460787579
0.20822293063047442
-1.3014433767625826
0.31193621163324137
-0.6723276805844975
-0.4224436388014917
0.8877880521755082
-0.7312687095002047
-0.9221611254798784
0.6315984615567924
-1.6582690462533771
-1.729798623711096
1.1543639220957584
-1.3319955065768037
-2.61025526369435
0.8140573706567964
-1.2269054444094
-1.7880573090887173
0.23636305976962307
-1.4820587310489706
-2.2083905845458744
0.09067381625921594
-0.5037893271348841
-2.5372288355012467
-0.06014481415173128
0.4418711807008439
-2.0122892424912457
-0.9200316554175372
0.179430611875334
-1.2065181505552633
-1.478201773955966
-0.06345479239618478
-0.8353512429317166
-1.0558009243794695
-1.0926408657805884
-1.0085851839749194
-0.1908424448262325
-1.2530249498153265
-1.4353617178490432
-0.45070119883006804
-0.4148404984295023
-1.7946033431577118
-0.7498371703184811
-1.3794468579724612
-1.0472653164263586
-0.9989703072189129
-2.0869997985318363
0.009590539389742069
-0.5992319751210631
-1.596948477401816
0.38061368395414985
-0.49211073608692885
-0.7233647075992696
0.2993225526374571
-1.3217617459587356
-1.1277572922072252
-0.345472695027374
-1.6076337822673663
-1.655731563851764
-0.46822920972920695
-1.9126938289646347
-0.7023292346601925
-0.24489973188114092
-0.9710379546842673
-0.3016507175117879
-0.8575014961853689
-0.45238032285038915
0.36982546468704847
-0.8429660526624935
-1.2768192632919226
0.7739896070648942
-1.6085717541196178
-1.3318546353191147
1.643221228842916
-1.8422385679685167
-0.257222413463723
1.9404582507665942
-1.9272131806701986
0.4180372351505381
1.220693386945314
-0.8543046873227516
0.14295718950804945
1.1259438979677086
-0.23896482764199986
-0.721267140494822
1.0473143619251095
0.7883102891760432
-0.9310502730268403
0.7709152427542894
0.8520781785644475
-1.8463278490184432
0.6576457547818286
-0.2526850519323425
-1.757038642930301
0.40289044328293155
-0.6126028490019223
-2.1738820693495735
1.0835674674006888
-0.5828548569994748
-1.5342905353908622
1.8007345037629072
0.1969495134735406
-1.613753851831776
1.230620384136602
1.1747547029692769
-1.5171059583304038
1.5169593092897184
2.0102143097358347
-1.109131397136539
1.158544895045373
1.6863214137853704
-1.1291780035710255
0.11949584534418123
0.7507392227220813
-1.0403744697798512
-0.006293732376354453
0.5119228618872634
-2.1452787362625605
-0.3069640687492541
1.433442240384367
-1.9196123772874767
-0.29153826021038626
1.3847851982763009
-1.1348358704409933
-0.723209891700128
1.110325488716009
-1.8145057519744003
-1.4728016331782403
0.8848021529435078
-0.8272355629908459
-1.7416536885632736
1.4207727949334013
-0.10673396785701758
-1.1237268661369444
1.6718939257620962
0.5191504631014475
-0.49780379456243257
1.1838726406435371
-0.4347389423923389
-0.08584830386460848
1.1067353971392264
0.5211319140796367
0.44621692420599235
1.547964313125004
-0.25563818725943044
0.7986014230530036
1.1317755214791796
-0.4576017327584326
1.7461862521882991
0.1289413539860557
-0.8251913372833013
1.9673107767960214
-0.7303271236184
-0.4964961294755996
1.7967806832305306
-1.0731670852510957
0.32780706814097704
2.0915663875491632
-0.1704279863006982
0.24585187815555817
1.7915537829041541
-0.1263922361034166
0.8303877206981187
0.9314501573666112
0.08437995804000922
0.7260325767743027
-0.04113060756484289
-0.42708838296444723
-0.0015885906917024674
-0.5768235053801058
0.15740059602083054
-0.30263966115320157
0.16293572729348146
0.5364507408893913
0.13836838807304486
1.0858587454400774
1.3563305047243213
0.5002172774931761
1.3592952393193611
1.5611201581874685
1.4510278678007646
1.0776386213023255
0.6737849466601122
1.396768971750054
0.598947895539027
0.3932579109239179
2.1775953570945092
0.016464926369711665
1.2817848325399146
2.239310643006103
-0.4534403410851308
0.5304158441234368
2.648613612318869
-0.8591618710078528
-0.01836668474955026
1.8613311246130777
-0.8032190822670798
-0.42694992991387176
1.5046394669204795
0.04282674720713416
-0.7357140771467041
0.5934685211377226
0.17928580464513424
-1.6469258629694308
1.1659014854794738
0.3833147216371875
-1.2864077876262112
1.5190300554519371
-0.41695094111145675
-0.851192284910765
1.753045861322675
-1.3976981178136656
0.09735014855690967
1.1922440784459816
-1.5592011863837538
0.9351825707362755
0.7668851515429662
-1.1825089350688585
1.7019165523927429
1.3688405565914403
-0.9406152013132996
0.8358811647631518
1.7854766617154518
-1.28818635016772
0.7116640582981847
1.34300486034048
-0.4155370509878696
1.5604455233165961
1.3310346068910381
0.15521573723582183
1.267616205157238
2.2104640841101206
0.5397227579358435
2.2137479436949765
1.9514307859237938
0.5200633298329639
2.2931841405637434
2.054145815384555
-0.4731085148615764
2.409120522852831
1.0837161342478303
-0.24111781719991157
2.033553389993338
0.6862123282790464
0.6251828815446966
