-2.5046936706467093
-0.25569946417308076
-2.2149376517554242
-2.3131890117124825
-1.1907407490407051
-1.9583107578479526
-1.4791348839958385
-1.2980783145172392
-2.2042965268487418
-0.8219620195515138
-1.9380713924478723
-2.9903793361364706
-0.032411560198949765
-1.4479799327738383
-3.389215172038841
0.2620953595437291
-0.9754935804684701
-2.522597238438327
-0.662474763976614
-0.7911323657261955
-2.8746083413589867
-1.5789508466374438
-0.480882364656501
-2.7130166001917413
-1.6308244657907385
-0.5011364919758239
-1.7829735507588176
-0.8600649355881522
-0.9707957800840665
-1.448367545413285
-0.40903322631695893
-1.4915115387254112
-1.961695966829771
-1.2055949010124098
-1.884377573125106
-1.4778522468816622
-0.9803347143075066
-2.3017150767483323
-0.6047414578623156
-0.5956361179015796
-2.6321293459640134
0.27487638166417694
-0.047555097145463424
-1.8077670034545315
0.501326742035947
-1.0743660852541812
-1.7313769420315632
0.37151398711973666
-1.5637240875495013
-2.548658678634014
0.1954141799052862
-1.1830476314594005
-2.880593079091743
1.1115547182422436
-1.7301429443579275
-2.090168185636207
1.0680775087455094
-2.0636006742309743
-1.6120924221632524
0.2804352003100171
-1.9345289944212307
-1.034136830182354
1.1312919373392936
-0.8884585508077524
-1.3225245865975208
1.2598843365752945
-0.0751324282321153
-1.4643283614406493
1.6524255657334501
-0.23302629783048837
-2.5300607649501625
1.3745151871293795
0.164655572647245
-2.2405281600721745
2.212216817320285
-0.7469892738186342
-2.0119620074521816
2.0773011621082516
-1.6591644619419834
-1.492214222626125
2.006648331612241
-1.6172359632164965
-0.4727710925883904
1.892820715197739
-1.1228264932074996
-0.9857475472176369
2.6606730387174684
-0.10557004048404765
-1.0208939733003248
2.5708663634212803
0.6643257951197368
-0.7709837037952424
3.1069479040242785
1.4906707474685374
-0.7820562657304209
2.5699327523800575
0.7591299473602655
-1.2566927976762388
2.2907111797009483
0.575027372450196
-0.39238540699233854
2.2579164618026275
1.0672165499377924
0.0659385297209301
1.3557783421636627
1.071917910266008
-1.308948776660621
1.3984824769014548
0.8871742303399529
-2.0497087914602776
1.1637606185683222
1.336127004888105
-2.1112435362419304
2.040064656430283
2.2936633937436968
-2.0563552757085253
2.2708137669917443
2.942866913596022
-1.5299846115024294
1.611419241142121
2.8832285587411346
-0.4886370707242822
1.6368557394875132
2.445322931012441
-1.0614652804968872
2.4007809821900614
2.2227331283597147
-0.1208100675056347
2.6243861178615546
1.423623953051889
-0.07810320709007688
3.276441849294156
1.3173852576296565
0.18715842807281882
2.307280691451822
1.090504578383311
1.0979965143622792
1.96480930404048
1.763951687365502
1.6813845397585598
1.5707098632821
0.856408466229352
2.006167752094814
1.6098607190537109
0.21084038243369813
2.191402774410146
2.4657562262834243
-0.5646913759806959
1.6733788040861477
2.934704952838462
-0.948415498117233
0.9507721732899765
2.3305185203175833
-0.0905672626316297
0.2897282793189607
2.2708672171628628
0.4917611753488733
0.23684349633508062
2.949247358409562
-0.3339480762262668
-0.2557133109233201
3.2286629672070823
-1.1240486344829566
0.38910506001802003
3.5224653029314004
-0.3661656685759442
0.770112863438412
2.9652519352279154
-1.0593842584983586
0.048611032702832915
2.6350343456198715
-0.6825216782789867
-0.6642803827707249
1.8749789264952086
-1.0876702499253228
0.4315912268271272
1.6855179209262794
-0.5852516316632297
1.1211165223159594
1.213547944817693
-0.0278183532975523
1.137844575369558
2.0921045808380785
-0.7968049025146339
1.84352906727204
2.026207597162828
-1.2867239988254906
2.6057461535953554
1.88531889115607
-1.3012066919425938
1.9628472473620544
1.2339584751072765
-1.6965844168343427
1.7618976182681376
2.179974688550084
-1.6646458141425884
1.08443805409294
2.9893459644189475
-1.8700997624666098
0.4613924120405982
2.1970928588424865
-2.608312214081604
0.8008643800565383
1.6328241499155378
-1.7273932794684572
1.0441357169859975
1.4202150776577345
-2.2621898167560994
0.9040252018908528
0.6607478037398848
-2.605149597190864
0.3638318370875284
-0.12000827077597082
-2.0931011401494004
1.061105471092046
-0.5459655342444537
-2.003829627720102
2.0720208614785465
-0.8779953385511214
-1.0306257375042656
2.0449980587294494
-1.1194259092326881
-0.19233969310313476
2.0644782731439104
-0.2351470259024403
0.28486604744072014
1.705424779334361
0.39088470860268215
1.1324353959570002
1.3507076898561057
0.8344139466711389
1.4260435010497248
2.2840133275147103
0.8746394409475179
1.6040865626615617
2.7862389025228014
-0.0704457929702444
1.6775255818059862
2.0534381651599856
-0.9123739636492163
1.2955038302492794
1.8231178909442218
0.05840452256093596
0.5660111314767194
2.6050289682458403
-0.21353217528805063
-0.08053593597826769
2.942015207523685
-0.9795735450919415
-1.0294182809719314
2.9245070921892977
-0.3353392969688099
-1.0553948570003833
3.096020871905259
-1.4008304129294098
-1.597078489109774
2.3525327680834036
-1.8019227321368163
-0.8799897148477226
2.7909878484157034
-2.327987337709408
-0.06339499372449331
2.677322776191881
-1.9020767252980177
0.8193721848987203
2.6646281252321424
-1.1672753425093616
0.6163353207244252
3.4411548126305695
-0.5790260329470499
-0.060793535743161646
3.1740440855066705
0.15300778274226084
0.46128442205705095
2.5804302895221785
0.8400117054833117
-0.03737868879858223
1.8648842677919903
1.1515899646246008
0.1524987705722878
0.759887340657972
1.2745915057336206
-0.3375018149192166
-0.030661516166461986
0.8959425642387542
0.12955443764705787
-0.6594088230154396
1.1390365413693584
1.0271913563022097
-0.6453975461929946
0.5262603221379542
1.6037478455988627
-0.23609752295917422
-0.17391985256992762
1.388659179208722
-1.0810868869465915
-0.3059029698873289
0.7886293062812477
-0.5804567010888907
-0.4054893037311538
0.16427946664010545
-0.18267872233618562
0.33786372409498916
-0.6955841074014134
-0.15443669384799313
0.13114727456029632
-0.7351928308509356
0.3534090279194216
-0.681409954099402
-0.3179083126952884
-0.48581667585456134
-0.6424898759460113
0.14048477117881947
-0.9689201986227927
-1.4086787848805953
1.0873783808868827
-1.1379330383591593
-2.0075988548619987
2.1537399560004307
-1.0936919344292695
-1.8774131441291195
2.3708909887065968
-0.09405681480616501
-1.709583572088315
1.9372303423186599
0.7492353645993873
-2.0730058856212428
1.2064076179555268
1.3717074488789522
-2.4214680353049673
0.15350693023059084
1.3525600002852207
-2.3565134417422766
-0.834320010962405
1.8110790319621268
-2.0203524452180375
-0.9368467445036851
0.8988080008664552
-2.2865096752491287
-0.9353599317031231
-0.2485554173566588
-2.186720302732697
-0.041130800126895795
0.36323761792531933
-2.5518472488292034
-0.2049193945731256
0.7954632639156949
-3.474734114347856
-0.6319975246670624
1.5261042789460395
-2.9994388698828347
-1.5237015170933013
1.068456580808993
-3.0488928144537577
-2.1280417485692387
1.3275389444587928
-2.328566833355524
-2.6578742800489086
1.3450571869540726
-1.406782791184835
-2.97493290497639
0.3839908707844514
-1.6092446581466984
-2.6820558891921484
-0.557538581165476
-1.3108068303574656
-1.8301068453924552
-1.2242620589367879
-1.1292515587466871
-1.1697759757707633
-0.38931887053578307
-0.8438993534966212
-2.2125252105576916
-0.4932668180063904
-0.39353087589589103
-1.5164740427600212
-0.8682998626635842
0.14775127386516496
-0.43711884448961663
-0.9934480091566729
0.5493757012810684
-1.1912101660225596
-0.4551853737596978
1.0869260330922592
-1.898942592084583
0.10189617685202432
1.2809805771376552
-1.2869841404525706
0.6410212691539028
0.7258963947696054
-1.692825423810016
0.2702608051368138
-0.3044138549347231
-2.1774087921689014
0.21816192327497502
-1.1104544181784723
-1.7468922795884771
0.39665751819710304
-2.4305538663068447
-1.02416906780705
0.20349880443935103
-3.0803416478015824
-0.06480756514689968
-0.2282505683462311
-3.353914805459393
0.7608725549534385
-0.12854916585762718
-2.764369206307381
0.787844188361065
0.5903162107425999
-2.08503385939246
1.2314643248398363
1.246896869043912
-1.493179350462773
0.6023385633132939
1.5994550055342678
-0.8164454594439382
-0.17132100518079998
1.6819606902835869
-1.162489421179674
-0.712054409691862
1.0826595807216859
-1.3413165580073279
-1.1170970653948373
0.477992890688501
-1.4793322745200774
-1.4983207442746194
1.4152727099586904
-1.4499235590996111
-1.166658480524377
1.3074266291764156
-0.55612169091672
-1.6496425777886943
1.481326654166505
0.24718631604802252
-0.5520732995113414
1.5609087654376665
0.4136887719999694
-0.25725298707298794
1.3455645451424167
-0.40094305687412957
0.39605133119977654
0.9441165343238702
-1.2084099051721073
0.8750830809148242
1.8167757902377055
-1.7184372292099936
1.658620089553167
2.019733706405358
-1.8569312870268129
2.274450029011205
1.4842219991213386
-1.3225535530557844
1.5491213033762805
1.19417038203274
-0.4727153167719223
0.7674925212169037
1.0853815604480732
-0.03300602758664495
-0.3017909969403676
0.7270311645106868
0.37174313615255117
0.26976824884778117
0.18120744445212225
-0.6063319174056264
-0.38144504075290453
0.06535046274406364
-1.3938506495664567
0.7921139953818338
-0.00861840009007862
-1.244162193509723
1.419692196917512
-0.03040070567620319
-2.011419381667653
1.6526870972471475
0.19674487682649333
-1.1570117630273187
2.493751213312268
0.07369061155078953
-0.7266773626241292
2.6855266420926402
-0.3907639725405078
0.22885245708232757
3.25509437863108
-0.9294364399032943
0.8290653716420119
2.7737382084491506
-1.3900805028955985
0.14554262014693115
2.2699946411368357
-0.9344013508857631
-0.6261602414428025
1.442743164892541
-0.6861370767608214
-1.0216233782808797
1.7544560129006739
-1.6017328146544132
-1.1042373224873667
2.0027863213113424
-1.9661890664067552
-0.24171968383785644
1.1970248110137625
-2.5992984799826657
-0.3466819964509852
0.6097568405721179
-2.243153960677241
-1.0907857175517155
-0.2275142997595727
-1.5507489399066388
-1.0177433619243523
-0.9590115496410276
-1.243443597941325
-0.5281879532531524
-0.00129499295685611
-1.370603239330557
-0.304118941724779
0.7038401299269016
-1.347610656123683
-0.941716426190556
0.4320705680251201
-1.6780822908683433
-1.9439795128525577
-0.34195393750086633
-2.399396011110375
-1.5778569905102307
-0.36634182854460673
-3.135631142089352
-0.7983075903495352
0.11181079254154859
-2.353603488012957
-0.2525322663044456
0.7379578503978421
-1.9607089577872343
0.13159962396942995
1.610073081628004
-1.5388189491755224
0.7391036603824039
1.8401561837110059
-1.5530183516305833
1.6541467215734542
1.9461152136357678
-2.518577032145205
1.5360497953331278
1.155090743498242
-3.176674578373304
1.2392836886446146
0.5588696251975697
-2.7865330552393472
0.4053236082603847
1.6269770405204584
-2.4801869893349404
0.4676962182776661
2.4293885081835502
-1.979415898933204
0.8567712170286091
2.29449688760235
-0.9641788146217422
0.8133062282527673
1.782849409450974
-0.34950314599961557
1.7498264905171066
1.7910540934302597
0.5553795170747172
1.3753155055171657
1.7924515836137143
-0.17453856620757782
0.8248624831018695
0.9733122898461333
0.2896781831926787
0.46993969742121783
1.8062499875928295
0.779485555229522
0.370794733166795
