0.021671683676868902
0.5661951954954096
-1.3880470001847935
-0.4371696476549593
1.0301526924789313
-0.7343205411605443
0.5382169078126674
1.3321090042792447
-0.8945820847869199
1.0769819207569125
1.1535298097259838
-0.05785317368192292
2.1381881471036333
0.7890746537418475
-0.11353958204982784
2.2381066650044055
0.018500855682473255
-0.7714840158367755
1.2716579136898534
0.3294760754405317
-0.7591276425799357
1.4578574302400495
0.14561483223830562
0.3505679230652067
2.027674838646799
-0.5171528404353766
0.038640230885626486
1.3828780887115766
-1.2837878196714347
-0.019534826973910412
0.6677241000943339
-1.2106070483484201
-0.6703716666122185
1.4572099233780316
-0.6012887569454763
-0.7997475667364655
0.6884949795695716
-0.14464244402100257
-1.1754367716509673
0.35017850257450134
0.49665997509843485
-0.4132406001170721
0.7821032691604185
-0.24700595713004136
-0.1800712310229885
-0.15786702292283666
-0.5054191719234343
-0.5009084993533218
-0.34512627904372134
-0.4725345480245768
-1.584951918148877
-0.3431225465354122
-1.3392449493618723
-0.9780036476390126
-0.5280813420594107
-1.1381437811827977
0.020732292926411874
-0.1613065361373786
-1.8111063112081554
0.7152750490304906
0.46266719570458964
-1.20071891128588
0.29778275785095
0.08001479979890598
-1.8901410163795465
-0.2664000153603196
-0.9449255644373209
-1.9439238984706393
-0.4846311154560463
-1.7190373982462788
-1.2752440444747766
-0.5434155469909964
-1.74688597697197
-0.24089097948443888
-0.6667573986464623
-1.1436037298627109
-0.7846467293619591
-1.214461046688545
-0.8122537608400388
0.13484694992160742
-0.9361005741093735
-0.823908029802139
-0.22906293211467735
-0.10740178725990483
-0.1484957017426593
-0.308272507406919
0.3821237507182208
0.6521743394978794
-0.2963188472285075
1.0694380334854812
-0.2347991309889624
-0.7279615161252357
1.472703565130393
-0.197962421782975
0.286358783152716
1.2308812413856267
0.38873581143917185
0.505547965625628
0.5977771463909448
1.273675235541252
1.0504828335846101
0.957737235787281
1.4723858195719337
0.1427700551098185
1.3433807853815252
0.5897060630422286
0.5981947833493783
1.5373228810302155
-0.06568000981929834
1.1838094111958768
1.0555685170898834
-0.4170788685413711
0.49732119984476847
0.23546758299338488
-1.166203081830616
0.6246793167039927
0.8098502668668544
-1.0109289285158465
-0.3521487338584727
0.8954520282646732
-1.476171421541489
-0.9903054143213155
0.3692420430112402
-1.85618613858176
0.040061045086140626
0.35425559791753175
-1.3191754716565007
0.725312376748239
-0.20107251902109394
-1.7634502065458395
1.3385559422836817
0.5157346936215177
-1.0812957729918755
1.4758423981385158
1.2807198669039146
-0.8511310821903114
1.5696466544430685
0.38186755815174117
0.2252343904531994
1.4502062424209001
0.012939817410556952
-0.4916919542250517
2.0256201069747237
-0.4640000932315302
