1.2047338371848675
-1.818424212175784
-0.39974948581817993
1.5448256296558545
-1.115917627399943
-1.0505413752325528
0.706248711610979
-1.7186586247792621
-1.2625036953316544
0.4036379870659173
-2.3828508945679556
-0.5671542916498425
0.8418072580719029
-2.4343635318384966
0.32345019745644543
0.6536253451926476
-1.8738716127056168
1.1870206855807732
0.3213131942744151
-1.1756884291338239
1.8799864671061715
0.09610121926122465
-0.3697656536200831
2.388399054787674
-0.21115945680186912
-0.48719355882830556
1.4147895496027887
0.7836920032060377
-0.33781893204560287
1.64947650067749
1.127954351626766
0.6082264289303583
1.7471132595243697
1.6096891154242567
1.27449229069098
1.1499400187263333
1.9543472657271121
0.3618048667591925
1.2517781435532525
1.445420784810439
-0.4406290794120936
0.8679031258553738
0.8660542915747286
-1.030637883652445
0.3661900242520276
-0.022548092470597858
-0.736885385827971
0.035378025642373245
-0.5179295335346964
-0.07178438681939524
0.4232793219297135
0.2259175008902094
0.465932818458308
1.4151238628293465
1.1459293387605172
0.5859786909090918
0.774902315436956
1.9075700587437088
0.2760320281605593
0.19532029424028827
1.7679016828533425
-0.1472335280055484
-0.676374688133127
2.1084354875637397
0.7809281219847826
-0.5992440163257426
2.126962904519847
1.2447173916095429
0.2498569007015161
1.7043482531995284
1.7197377430148462
-0.5076840877775766
1.5576371868529624
1.5323291906917191
-1.4989018837353845
0.7143343978995991
1.998520016236623
-1.7587355403758602
1.2815767800126794
2.426299584980796
-1.083464680129403
0.44331095611401256
2.8640693836897992
-0.8079651284543569
0.8872733981438758
2.212328437662388
-0.20173372246351373
-0.19100109827534772
2.4732258889389493
-0.1210419147156551
-0.8279049229068272
1.7553843551607327
-0.516508710857245
0.1202219895024873
1.3922002602089723
-0.1926500178709069
0.8029625561597612
1.4549432286105024
0.5803153042997939
0.11189489101640755
1.4182091377310426
1.232692835097977
-0.6875542647620936
0.8032864602915326
1.1692899493646778
-0.9468608953815726
0.06586864524624414
1.8718888679986825
-1.5902224623306396
0.6645792884130598
1.458938668248309
-1.1922658707468716
0.3929117627959302
0.5637766503594083
-1.5699548010486861
-0.2918487041312021
1.208525002059567
-0.8205971746368081
-0.7554379464911294
0.6867622770695941
-0.15772394684601299
-1.0505965018497951
0.8278789442134469
-0.8294054729410907
-1.6789345607049715
0.4939034874195816
0.26879386337652195
-1.7313314426521
0.03331164364352283
-0.12502279580821543
-2.4526558186012735
0.7061858719784901
-0.3749529231166792
-1.838672899105112
1.5768101102869485
-0.6506880135664496
-0.9723936745214261
2.1021622199148564
-1.19618797904507
-1.3666845294467815
1.3618873560493647
-1.7455144693375566
-1.8921496715765742
0.7508978726051301
-1.790165377920682
-1.0911920384367302
0.17637259948293044
-2.1832968815158686
-0.20572325285162685
0.4032819012242703
-2.225396665290009
0.9112856034881235
0.7034414654785076
-1.454888895071372
1.3689997676197176
0.1508948600952198
-1.6880713289179419
1.3213836677310222
-0.793718584092915
-1.915484803151409
0.5481336614360924
-0.3912772311790854
-1.8685283026372261
-0.16081545565588393
-0.9679286332705703
-1.8355973034551116
-1.151140877705011
-0.7859627738223506
-0.9286546746628661
-1.2076360729408946
-0.3411501370928823
-0.10301423600459297
-1.6106066989100876
-0.7481807579887614
-0.4846598987717204
-2.323066220082397
-0.24313903771231873
-1.4714105325963365
-1.969505261324232
-0.19632523617920358
-1.168847163044435
-1.7723083492521923
-1.1082420468588208
-0.4827734652128366
-1.3285520427555761
-1.8044505156929849
-1.0791866189214079
-0.6932669609555994
-1.163748017396795
-1.2496590507442036
-0.1691961278471021
-0.25157750767998205
-1.1303404598680964
0.44294197026775356
-0.9066012028949659
-1.0569003082553858
1.382566706194248
-1.5579385134484058
-0.04411805671728443
1.3797009021671485
-1.9206052988878333
0.9058194882281609
1.106729001322902
-2.1418080458458024
0.38124073391447255
0.5110281079384751
-1.5324576820756957
0.3612148895231471
0.5215836329100706
-0.5055654571124393
0.7557921634788999
1.5422600420325854
-0.9230579194192711
-0.032853253809892215
2.0234243528954936
-1.1464484930886762
-0.16320710915407977
1.0717993910999042
-0.9954611300855382
-0.6452938618467536
0.8456923346381386
-0.09851145191168688
0.1787272016809087
0.87023320364814
0.3984727464273155
0.4677492046951314
-0.31301410304638305
0.7107006801918667
1.0419870194130396
-0.10468546607424963
0.002056586011917989
1.3183508764308718
0.9481688514511379
-0.05266706114879935
1.3145928675040288
0.6206498714906459
-1.158104401394674
0.9243561963660143
-0.27805296079915487
-1.2604543416568401
0.5994429498870356
-1.0262103237102311
-0.539569975682603
0.025646681287837158
-0.6197871660318369
-1.1850028200355494
-0.3496000915793352
0.00860137876397569
-0.5261481348980291
