1.801955154990131
-0.23230590561644032
0.05673621942060972
1.9678223621129731
0.5706360983164751
0.5627795037479718
1.5357535942844143
1.3763354018834675
0.24557989230477434
1.1514544493767305
0.9144416841689198
1.0653912859702714
0.4127370301009944
1.3417140763901176
1.6743722734653068
-0.17455259242149818
1.61693014033438
0.9481887215637476
0.7250631321724196
2.023392024225122
0.9434848855559187
1.0025091261690657
2.1559324839839733
-0.043953234607560177
0.7849134088345353
2.080650770902207
-0.9737022753000109
1.629418160617615
1.7100186364873995
-0.6756627374325404
1.9852223538032698
2.2211234996778546
0.11466462338950084
1.7281007699211992
1.941668193286272
1.0438587560994763
1.420001701886798
1.5263511578863775
1.9543430030470257
0.836053657606324
1.007148524355957
2.5395319679665334
-0.11264253262647114
0.7486420177012652
2.321628026718989
-0.2185016445464019
-0.15608498720264155
1.8277669478969882
-1.020812539054969
-0.28665854479232666
1.1893690700983637
-1.362585221022688
0.23119843795163686
0.43275258317520904
-0.959951200294603
0.986524327208515
0.6695020527523511
-0.19389452261685586
0.8681161299847672
-0.0905388895907679
0.5097583458939584
1.2544068122624483
0.34575993952847156
0.10371225001962334
1.869705493617468
-0.3359902457007372
0.4147769372887865
1.0861248324341604
-0.6541603121472588
1.0828533053380116
0.42926515386228975
0.0749251462819039
1.1329506408269416
-0.21262926553742634
-0.6784433553874255
0.30999392884375176
0.1171676387529792
-0.20816018618216714
0.5705042241331351
0.4338081634772883
0.7864582785765146
0.37826060171419185
-0.5174494732272663
1.1038339364599372
1.2900322056093234
0.037285237016592435
0.873752711760851
1.8732485583774343
-0.8082019945443331
1.1052927482385915
1.6187385563953545
-1.628119947424397
0.5912593190813275
1.0301160243260303
-0.8595100029908217
0.353861752302351
0.9647604347360613
-1.3140210789038789
1.3064780989191995
0.2781591671060603
-1.0342374887549017
1.9266654645060153
1.1030277801225399
-0.44914385932087797
1.8488175380538847
0.5911860123203515
0.40292040428273274
1.711276918743066
-0.2844703949268374
0.6983858498482535
1.4220231757013104
-0.5530448667750106
0.007265335853286984
0.4131141927326922
-0.7736932732269174
-0.04931441232165121
-0.4053944363028509
-1.2397368322857247
0.46553236948284354
-1.084645055574929
-0.5185739916328912
1.3055143699965972
-0.8945735267046049
-1.287381344586879
0.9327336484082545
-0.31026339630156347
-0.844358625976256
1.7920189298543576
-0.061221698729946934
-0.5964070821988956
2.55683095905353
-0.597553899272796
-0.19276466435084436
2.1445605370284
-1.3945708649973871
0.6537274361203314
2.143925034644968
-2.058827507588021
1.338409817507901
1.4376182865845044
-1.6096635879848584
1.485653769531581
0.7354354463195203
-0.9069399895550835
0.7093282598177735
0.3701716578159646
-1.3538159624878439
-0.021501175204727697
-0.22385109955805377
-1.8445706440265155
0.39307138761207344
0.5908998169648697
-2.292213486549465
0.3032073938737353
1.2126330859689238
-1.5910517093660743
-0.4556800484111723
0.8276512445692833
-1.8506146098354965
-0.2752905389975055
0.42371882606103495
-0.8699615938238437
-0.07876480726126528
-0.5848151906335955
-0.9287937143588457
0.2848593524954793
-1.1018113689502054
-1.7401302775617253
0.1159529300980478
-1.553379280408843
-0.8709481155601901
0.3087660752477888
-2.313246252677491
-0.24232313208346923
-0.25933308637620794
-2.329149991941663
0.6635151143037128
-0.8372319802972835
-2.0436503542249542
1.4335762796849838
-0.7868726946840433
-0.9594967280832163
1.871271737679016
-1.3881071871590434
-1.2363390093112134
1.1181828849939432
-1.1958473964545102
-2.001449377056095
0.5638695631372541
-1.2436550386186396
-2.212672438607138
-0.48957082348921205
-1.6859214351904654
-1.4260329872875421
-0.1856600592373429
-2.1604920416417825
-2.087565607582603
-0.6290588192264026
-1.5679348428931323
-2.4610261731477436
-1.3261360116861272
-0.7113698730613172
-2.0157182171170853
-1.2623642864104219
-0.5700365778612643
-1.082614355824172
-1.5633688534875525
-1.604365376660718
-1.6068298457789796
-1.1317283888303957
-2.209219911465008
-0.8409134431195028
-0.7279156390250804
-1.8420781282742842
0.031778524584519005
-0.5426732196694091
-2.0221248116333923
-0.605731403261095
0.25376140899043975
-0.8877942986764782
-0.7852803351591535
0.37163670237554064
-0.046078201321185314
-0.9492902407467043
0.22409413719419977
0.4956110522547144
-1.6028423098728755
0.5402173576560768
0.2625563690541514
-1.9412001550469553
1.4469000439824788
-0.22534660768054515
-1.2250454728035336
0.8780242469744285
-0.3895314576218545
-1.5778493224046717
-0.022462914359677233
-0.8828602164987998
-1.0581628930271474
-0.6077458444722155
-1.4927201217063175
-0.3660700881193359
-1.2861227352742464
-0.9938689171642849
-0.09310438228149442
-2.0379448932948456
-0.4168296171824256
-0.7953659788201416
-2.437077577554091
