1.5879887684250507
-0.8058374018247483
-0.38862937836657907
1.8338349091418376
0.1347620205362824
-0.13823338973160645
1.0954534673927516
0.5494059413206571
0.3907535596124434
0.43285931648285075
0.4667768690035923
1.1357153727050333
-0.19791748497148776
-0.26113904016492384
1.0814434630518721
-1.0684307793505612
-0.09866017226717563
0.663457671396373
-0.4611650258349164
0.6707990452506597
0.7684896961150393
0.33639921386791766
1.2229793299372451
0.5275245856437448
0.4554575363489331
0.8957055041382946
-0.37755153590274193
0.0702972174692754
0.1273922530006689
0.33255167361417814
0.4098233371520741
-0.7308860821621364
0.4064567087224249
0.9729642324220764
-0.16535635112280705
-0.34697652930234685
1.3395217404565192
-0.4228935729638789
0.48259642936136415
1.130977826492364
-1.396784533797742
0.2514555845787545
0.6104679872367131
-1.0353291900489228
-0.5349279688016345
-0.1038455800197988
-0.8765358258363997
-1.2408127402850888
0.11611246560876849
0.03513117960691099
-1.0273782656037926
-0.31900914336238584
-0.5926119053009894
-0.3240535343205792
-1.3149121252521598
-0.4888795563688896
-0.23026519410755128
-0.8270577289584311
-0.20828128719856243
-1.0539370766554348
-0.6949953566582028
0.29525196225553346
-0.1880452746685371
-0.4340564426988117
1.2357054516995245
-0.09074751265462279
-1.373344301062767
0.9248933273218978
0.23232856197734147
-1.6301080200522318
0.4109033236235148
-0.6053580280143822
-1.9673160302753583
0.11348871136240445
0.2741431216363185
