0.17468190210558138
-1.9769149442346015
-0.12706827283016206
0.008565301739749811
-0.9249443831835203
-0.30277358829820156
0.5850715759523772
-0.7387822198013198
-1.0521075749236772
0.5247887481820825
0.3185010490652007
-1.183387919405477
0.9038210476220487
-0.287288956080271
-1.955304231374429
0.21562527212980345
-1.0217311827689102
-1.9178366825058226
-0.36760782697812366
-0.8948593517974179
-1.1177328486947362
-0.5477723560750055
-1.5954725426349774
-0.3710250947973516
-1.418951759094003
-1.6141893621444228
-1.0181535917839215
-1.5178933841049531
-1.7618757384827781
0.0576997136886451
-1.178511717568971
-0.6837196769144496
-0.3014191171762489
-0.6293033988767732
-0.03057717717228634
-0.6783418045676447
-1.1750587603214444
0.36518646799101656
0.03112467894057331
-2.174101695561374
0.6471226467971425
-0.7302091047935075
-2.0061516834430373
-0.24645565788660187
-0.08624892206985726
-2.6029737010907805
-0.22110552850610846
-0.8946123773538651
-1.6077431775926345
-0.27852725548124185
-1.0522428821198826
-1.2811468649266042
-0.965954036408464
-1.706613631401636
-1.1700316524269434
0.04056551821322745
-1.840287917457499
-1.1662426684922398
0.5190855149007415
-1.143017750357382
-1.996129175629953
0.48833458489718157
-1.6134683332800286
-1.2084668070132993
0.9531499124478615
-1.9520653093876494
-0.43854588625844754
0.549815064252262
-1.4747987117778623
0.3768408729459497
1.1143023851162577
-1.4727741995964965
1.2084982608736823
1.5747755440686952
-1.6444379351582137
0.6851499313305855
1.3704605829845011
-2.2957125899559943
0.31253070447475567
0.4598708574426094
-2.1560681325229427
-0.3150077078296968
1.270439878502347
-2.204650989117212
-0.8530398514493354
1.514018014576882
-1.3492787355116904
-0.4595726599300322
0.9636237194624796
-0.592119007537897
0.06950919167288325
1.9989815987041246
-0.7256843331475619
0.19347253072679696
2.782279588536007
-0.4406646416331379
0.5198845787987949
2.142570369888202
0.050081219652950655
0.9620620857690952
2.3424088580716456
-0.683644399998676
0.7955703064667974
1.1115324363762393
-0.6020635782998556
0.26384833399994717
1.0277779382107395
-0.030522632077857312
-0.07914128941648998
1.5433835513139897
0.8576450726114883
-0.17687924586050488
0.45690728362770083
0.838981875069411
-0.8540054675091721
1.0619365975909634
0.5966996835117734
-0.4730567868005232
1.7637688398723772
-0.02234095219420704
-1.2942928075392155
1.4406736019481594
-0.26680389704974505
-1.786877905041472
0.8623776956222623
0.6352274430398301
-1.8110235935059213
0.5157801760805416
1.5980244942842659
-1.0381212465797818
0.5440495660849848
2.2273328182423326
-0.5369512789084983
1.1135148112330377
1.4943047726899017
0.520867970874077
1.2186439555048356
1.6035871169829603
0.009837981551004318
0.7142678125332675
2.3024887677155306
0.4201787497738616
0.2058022584047121
1.5531235678046909
0.7822036240063374
0.32816442811974156
2.6236888402897063
-0.03693021116660407
-0.10843344287433346
2.800925367658317
-0.27409976129427105
-0.07713579628385803
1.8802668702620446
0.4125821728905838
-0.5857286471216315
2.1071406581438357
1.066628527518917
-0.5081589216145245
1.1144807526871774
0.39756714327517617
-1.2449337162722918
1.4405724099326513
-0.39147652029129526
-1.876095599421464
1.6058975522060317
-0.37093509266196745
-1.0406019370467152
2.0770584465751223
-0.964853022699438
-0.40213994074783704
2.69048127267397
-1.848414860426696
0.06520012624985307
2.5095541898712437
-1.4532205836505854
-0.3986238466091491
1.7762091655679046
-0.6251306153461745
-0.7942531087080289
1.17624577603247
-0.5964476472432036
-0.2497984010002059
0.21828700245727442
-1.0991261218500346
0.24340133949375942
0.9872784150747724
-1.4789970108219925
-0.7716570601163044
0.5662769457352588
-2.2519636061280015
-1.158458032136435
0.15217844254223986
-2.259890691736655
-1.8706865969337405
-0.5757600236385879
-1.7708164811265676
-2.4951916803623444
-1.1911490655439745
-1.5516485491783276
-2.719025338001241
-0.2622958456529433
-0.6424740494214558
-2.4514563993204233
0.10220428967654628
-0.8117387271097092
-2.436102664184192
-0.9027654918515619
-0.6346705681218756
-1.7546524334639648
-1.6035385118971592
0.25286282821921036
-1.635948212018624
-1.1466065790707125
0.9756608782175697
-1.3658348354498915
-0.4492276282428053
0.8350672945230295
-1.6464580833716624
0.5469647463484867
0.027635007620348755
-2.231073126916703
0.7720372167121101
-0.831714671133789
-1.6412676587706312
0.7557539519009334
-0.1238052583877875
-1.3265113067420644
0.48046752357200706
0.27989983397301765
-0.3879606777396823
0.8313132956109945
0.999090796354474
-0.5601847843406941
0.24880699343693533
1.5370908174486748
-0.022224173356641397
0.476866883527458
1.4892625064898979
0.6810334314914707
1.1933197555935688
1.4712610489248945
-0.04762127504036555
1.9212226827557943
2.183225822493633
0.04701183033629202
1.31820121805083
2.4464304230715306
0.6470962336352709
0.48177594997511297
1.5437078061632135
0.9354188921549909
0.0427801660482415
1.4966601180387669
1.9596609779196812
0.1465294556838239
1.9056836223244151
1.6402368984877047
-0.5923823407059221
2.4571021660928225
1.8267396285565924
0.036381029794379675
1.9362331993886734
1.3756545746276236
0.7980427789374874
1.0992232726371869
1.3911277326582385
0.799539986225916
0.8557590578021638
0.27229973410378505
0.6411871218387929
0.24817906338266266
0.15020061476949229
-0.09290001445806066
1.2812309974323446
0.07441136552605405
-0.42677336487157197
1.6614009775547682
-0.4475175535823799
-1.1507559616775642
1.8900569608941113
-0.06418423801526617
-2.071261199968835
1.1897254231611694
0.6486579136962559
-1.8399551751908285
1.7592554635743367
0.6689828707361658
-1.0115534241069228
2.464576315403176
0.9689493339518044
-0.45561629861283476
2.2491351809142346
0.01938343576079069
-0.5464450393448667
1.7470934844716843
-0.7736970417551275
-0.24968118618083066
2.490659224369433
-0.6035254997822057
0.4078904635409375
