-0.6139321124987674
0.6263438307448609
-1.8885521801898093
-0.589554304884787
1.16831350774009
-0.9006012139666105
-1.0496019163251749
1.3993795034224286
-0.09749074086289222
-0.4520826291304081
2.023071399457425
-0.5347973456426819
0.2674078452954701
2.1925368859953234
-1.2814261402344518
1.1635906326958687
1.6986846080412488
-1.5504816121965888
1.683636438929403
0.8435044269936225
-1.441248548130378
1.4874903916461253
0.26955584146211337
-0.5701508623758449
1.2919649376722118
0.9120260968624287
0.2838230620753264
1.4682351344888753
1.822187918981394
0.07457284656702082
1.198477179318612
1.2476131910271016
-0.6150507076154634
0.37305047019151133
1.0844656254340928
-1.1036886086258444
0.7451936318686947
0.1465234213996078
-1.300824534455001
0.7419023333544944
-0.39652904273600487
-0.5582325791263837
1.1111142600061321
-0.1071377737308867
0.29032913131884774
1.4472153000907828
-0.9996559183312297
0.09686188173761365
0.7862195446593007
-1.5398025574020469
-0.6181904304997211
-0.04680941800919272
-1.8527533005066799
-0.0547539327190271
-0.7301581733956125
-2.1824105619964467
0.6286536488126406
0.041268759102531936
-1.631806481905828
0.9358072468171913
-0.0033050637832864917
-0.960396597267676
1.7157794220973297
0.5461463415187745
-1.7548167962297874
1.7886122481788789
0.9592313896753502
-0.9001165839517701
1.9200412263147943
0.9941347254316792
-1.3347017131077785
0.984649644048915
0.33318990463940873
-1.0743934387900034
0.32127871327976987
0.5296870868640272
-0.3674736105505738
0.942217609193433
0.40232689592597903
0.5110085409623512
0.7518201647334715
-0.08245750730249
0.08984092182395323
1.4762380498707104
-0.995660319343304
-0.3528700923389318
1.568145421333654
-1.6604719795332912
-1.0746187193484622
1.783250900722449
-0.8847073868355646
-1.4404543704049826
1.2827890338271393
-0.38272621766118514
-0.7267286081078851
0.6704443576767537
-0.7562493086107727
0.2855075355621155
0.731135298990703
-1.0161146234660747
-0.42026684152579696
0.15005962432207984
0.27928369562243327
-0.14977502736332438
0.1857079868613076
0.5187986945559692
0.48439276007675186
-0.41411958308443314
-0.055439253991703075
0.25354664389255155
-1.1196376386127407
0.2926192333379158
-0.6261307377164598
-1.402605357532993
0.16892737779082462
0.032943399601433505
-2.090999434225853
-0.6465222898219465
-0.4284350097653016
-1.5960998013274994
-1.1632627774036801
-0.8383683557437206
-0.7785321316628672
-0.976521796212596
-1.3531526084876822
0.057718816033458915
-1.5282838439991162
-0.8714693431411614
0.7688608103012011
-1.6820912669977428
0.08964537979039668
0.9601142075589953
-1.382202761301206
1.0451440370256524
0.8400974366373217
-1.4518606169649069
0.4879351215957269
0.04066602178803079
-1.1123603607302743
0.1277350860805337
-0.8302903796483728
-0.25635424253480177
-0.6473376763590368
-0.656737119906937
-0.4734675075344287
0.4554235797092678
-0.13400724445211762
-0.10627066633628472
1.223398152444725
-0.041922230571404456
0.5721773773231577
1.8717475150923129
-0.30489405376786
0.6951787626030538
1.6391268355899227
0.6356596003346903
