0.7978498806208814
-0.05199180205701474
1.129737490829952
0.07438241728734667
-0.6148142444832068
1.5330758074801238
-0.00944627239453309
-0.2512702648578239
0.5956130322500107
-0.6757449402583382
0.03524727589172717
1.3181195067303744
-0.845691139594271
-0.9429675455148047
1.2892173268152511
-1.4929965733301993
-0.31996944563894636
0.8678640652911336
-0.8410407340471072
-0.7617954817200714
0.3048827898149466
-0.620171980070329
-1.7230282317966472
0.07615268048408902
-0.05593020799858893
-1.2612714242223428
0.8092786984347681
0.7965716019546716
-0.8139890326631459
0.48339786707101196
0.5483210119857997
-0.11834851445960083
-0.19479760549119648
0.315440884922711
-0.5456354769493909
-1.0241323706101928
0.08644715990991689
-0.9441689779974536
-0.20609782622124387
-0.36993105715180846
-0.20518203140351401
-0.4719196243640723
-1.4316736543864592
0.03238937539219253
-0.48222221543123145
-0.7545310283660197
0.8239134542589637
-0.5174107705013646
-0.8685681352210503
0.27727237720095393
0.4189582185022689
0.015040871750897378
0.6166959500356605
0.10816515134187173
0.03619629915038566
1.4228209249999928
-0.4646900572777864
0.9158483253250052
1.7354985087554617
-0.8422432092749315
1.5986659755783483
1.017780631983234
-0.9998239236036819
0.7408718597505293
1.0127918681436399
-1.5107808607822086
0.11590381274831288
0.5163228149931878
-0.8642835266618594
1.0510457385064855
0.18197638787979648
-1.0386753956761792
0.8731398833273782
0.8817229042290936
-0.3173852491498524
