2.1682843171956105
0.7961891410132551
0.7454399425069717
1.3147928207222064
0.7975563747781279
1.476090287361765
0.8288249611959777
1.321083799763339
0.62784320347973
0.8023346407054723
2.0697938699410865
0.097271230410791
0.6167193002806742
1.2860202796923665
-0.2872339609578106
0.704317457402437
1.072369494514511
-1.1899188727039647
0.5685509078456574
0.3701405180072035
-1.9402336254196768
-0.08443871512696968
1.0106249029512486
-1.6749491927717217
0.2272303837972045
1.76335034273946
-1.0618939510030658
-0.5292952003040508
1.5106818640647535
-0.4510854907823058
-0.03821756512225517
1.6570838913208537
0.3784555521818123
-0.14270622677105294
0.6252382232094564
0.7651790016540021
-0.9852448207356292
1.2124476465463134
0.5668450972929752
-0.8931798757950928
0.5040298747657549
1.1547621295962192
-0.30760709388831403
-0.060133819787136465
0.5976534899748415
-0.7035217505840262
0.5014623368276578
-0.018450806391210377
0.3433531378274891
0.17778067843703363
0.0026262909448670447
-0.06343557669721919
0.5993688979196059
-0.8575543755815407
0.467687017043228
-0.04254451104700641
-0.9418892796002003
0.5613436757124401
-0.5872282704579083
-1.719409703991534
-0.22666002173664604
0.02107266882276091
-1.524085665402113
-0.2703853308519194
-0.31876048382204136
-0.5698492469238104
-0.1665693077181409
-0.9943998990992919
-1.2635278780391592
0.7008853487754115
-1.464176861779491
-1.26777033762878
1.299527098770817
-1.4842992029240174
-0.4164905929905493
1.0681985129422775
-0.4680303314873882
0.006128138068680054
1.15941673498925
-0.6229895315475285
0.8323935103283594
0.18783100472208492
-0.8171023005775487
1.1833792735830297
-0.20639262675475029
-0.10073263193309341
1.4793823294217603
0.5456531922065355
0.3569609981910088
2.050922996252375
-0.418605873136151
0.8916976054725066
1.8942251174001015
0.40457977571034437
1.0827632956497415
1.5206957830557566
0.4906283731701918
0.03703260811884966
1.1422909333852893
1.1144888389875522
-0.4114595327604816
1.8501793068894148
1.855887202160239
-0.0679707036126996
1.2327068234067513
1.9724645610520364
-0.39172210581184597
0.36754474775184043
2.221790580198156
-1.2237029985401873
-0.1918110196208795
2.127392358392701
-0.32399380368178565
-0.6471437114918427
1.3716057306195224
0.31751118350734653
-0.4396425145182519
1.3236502271490256
0.27385827470871527
0.34505284866663377
1.5909227199285279
1.1859210525700732
-0.08339978294750218
1.1913325469643445
1.7714699225610144
-0.789702666104084
1.3549543602078606
1.5494224116483144
-1.754880738329923
1.8325472990633593
1.0888803335751662
-1.0324518502897415
1.5542934358162046
0.1917305223101769
-1.6021017541402172
1.2274589474581767
-0.6588424020259219
-1.0013322428116394
0.3008008557351268
-1.084993253893927
-0.4615954580740679
-0.3011804950819241
-1.8306789165703707
-0.7157429040503276
-1.2913625745975417
-1.935273471132942
-0.9922183747657058
-1.8369407393116948
-1.1074466073851164
-0.9729274696181315
-1.148036748841609
-1.2011031311860842
-1.6140479895764637
-1.211277362154026
-0.2854867376237024
-1.2594289243500834
-0.9537019464779508
-1.116907607037293
-0.5361128063273046
-1.0466683564172459
-1.8909480392237037
-0.02104434080254773
-1.5648181351670776
-1.1177816585077434
0.10072372258308919
-1.3451212761092182
-0.2383970052108871
-0.2483351792477296
-1.4004642231663247
-0.35390527557306944
0.515763154790367
-1.6699230186408909
-1.1404008458753412
1.0288707869079114
-0.7942336468267597
-1.1750749821283328
0.5503995631817487
-0.9216061464439926
-0.5958712999225684
1.4016808320821723
-0.8122409360383661
-0.7112381501662741
2.3561876694735573
-0.29236284648211747
0.1545630964283005
2.668756291773578
-1.2082845989219435
0.15955247295141148
2.0111841553902368
-2.0152260251342153
0.3383810636941788
1.2086958889479045
-1.6516612351222626
0.5831685060719757
0.18909755280050886
-1.7928255314402002
0.4255891923565447
-0.7927637717702605
-2.200825961430826
-0.2629874069160557
-1.3682373244726644
-2.2902019328798158
-0.3234119701604502
-0.378754664746127
-2.7145246028404126
-1.2948015957206522
-0.26040918330207335
