1.9704329424319267
0.5300747791589736
0.7006174476365348
2.804363582651627
0.8560669686952437
0.2610881702303931
2.7134276993135544
1.8341297821650562
-0.13887963373862594
2.0927738265653137
1.7944361835427207
-1.004950120356903
1.53545243227418
0.8166540573510346
-0.9122567856691809
1.768050368636995
1.3580109051505045
-0.0952262973016011
1.1029989126955249
1.8400726818987838
-0.7879160984414705
0.702293030600727
2.5571853112548415
-0.1744577829680794
1.4570462649248472
2.164159188176411
0.31724328706848726
0.8563253134180757
2.891166107015312
0.8074610728707722
0.363482689492035
2.5631356255078104
1.6350512150567305
-0.06883946872495356
2.008610931026241
2.522801709263191
-0.6171337818913462
2.195840486259496
1.6678969862808493
-0.2434572308626257
2.619121419061858
0.845225038852501
-0.9260043915564354
2.319882817083804
0.19864634208401663
-0.8339325714682497
1.91459955848615
-0.8145869802318021
-1.0513176903568797
0.911384157124286
-0.9887167341604336
-0.19198224391531798
0.71300083279453
-1.1798090828783623
0.21685941225289895
1.4995680209638784
-0.8771007396968427
-0.03285494636001577
1.8973570784871672
-0.06046402708031258
-0.41237356600689373
1.6363943865554937
0.8539278590785889
0.2157544223485387
1.443524756399248
1.579491978946995
1.0099164559223481
0.9130233968560084
1.5343069227116486
1.0426209667126882
1.591906405627279
2.2176747119111386
0.22690774873751454
1.0474118650947646
2.5154522765115512
-0.620452236136812
1.2753113442049986
2.0753466750237783
-1.601611106634598
1.4628613117073326
1.5910543948681874
-2.3444131493035822
1.3400548902344123
0.8624425646847085
-2.3930911200695566
0.627180329644728
0.020092707756551545
-2.3373453948556415
0.030578853661121546
-0.6432245647869683
-2.0658672264744813
1.0583598278063242
-0.680460128443904
-1.300083353647391
1.2985487199310637
-0.059041340763900704
-0.40513347648587383
0.9976605101959509
-0.31891229110619496
0.6611657793638825
0.5188101827813204
-0.7828123249734932
1.328846275088902
-0.07428249254839628
-0.5527649561232747
2.1364020625791857
0.23940200414392376
-0.23713870950806024
2.675893403478965
1.0218323470870725
-0.7882187517518604
2.7005790774706027
0.45161288002816435
-1.5753729130651073
2.566429388184822
1.3742232019434026
-1.7225705164080063
1.6176870687336862
1.7514477675358955
-1.885623724812777
0.7458093468046869
1.9454675402083843
-2.327395120011904
0.18525362231949746
1.2945489913172552
-2.868603426936565
-0.5259335684970105
0.8251368453709372
-2.453764100576569
-1.4098782764989493
0.10132194970075875
-2.77572535614932
-1.1027045603124404
-0.7947411146962274
-2.0978576183893813
-0.4064828108533925
-0.21233571581036198
-2.6147133839746486
-1.0214575034470328
0.2344466526169575
-1.7552864606947967
-0.7901551013061882
0.01276226007797744
-0.9736353363271634
-0.07580363206909063
-0.28520244385127563
-1.5992219178035927
0.34420940855463367
0.5361747201696851
-2.224091267444094
-0.03378757800018903
1.455555970962271
-1.9288261334993682
0.9217629662906285
1.1701081875844823
-1.500862351223325
1.0938474095762967
1.0183064216036335
-2.529404662201506
1.5657495588369417
0.3492998999164901
-3.085072392499794
2.0465498103099296
-0.5175509034656173
-3.039357013895611
1.348710824504087
-1.1610015154874938
-2.6363759210114712
1.9920669437327774
-0.9463556142276546
-1.872799962630781
1.6443927889824277
-1.0271086587007352
-0.912057791085385
1.3317440438010073
-1.695915736399462
-0.36561784118416707
0.54418001478819
-2.456704499476658
-0.6143245522283879
-0.015029542279766314
-1.8531378890376564
-0.5940417003505265
0.758577477410404
-1.4562391993292443
-1.1079879001052582
1.6188927893476062
-1.8234597191148414
-1.7436123848105578
1.4511354152747062
-2.076217680570028
-2.709728880899045
1.2222180710947144
-1.4711920593542123
-3.5180002611228893
1.0819382581105401
-0.47663288098793105
-3.4024290287686387
0.5632142498797925
0.40062206483738233
-3.1203080967228862
-0.4323819143398864
0.4546016709319032
-3.3748582689144215
-1.3150806332458151
1.0593092779240454
-3.072251626099893
-1.3293594853796724
1.1686584446343633
-1.9952816871718935
-2.068106565953776
0.7556497093056678
-2.4738888462776285
-1.8930427537515409
0.5081100279215859
-1.5230931495073106
-1.8942598348710682
-0.5290844714403289
-1.559870395080943
-1.6424321253613636
-1.4453817251087138
-1.7001493861509178
-1.0138359995682156
-1.935868754700327
-1.1233923905020298
-0.359708361456193
-2.750057578150718
-0.8943192393852418
0.008875109119999577
-2.147302205311433
-1.596015397723375
-0.12318069372599341
-1.133882517300583
-1.375817824886395
-0.2829498018981701
-1.417395090114792
-2.2355553393718615
0.3991603445244641
-1.2626988779540178
-2.9972372653869694
0.06193412819495876
-0.39165306032770997
-3.433035079427944
0.500450707703414
-0.38852140844606176
-2.560577217129329
1.4637884360797417
-0.1282730945013422
-2.2311808912622104
1.860428165367939
-0.08984546379530019
-1.3185707855686843
1.6875098822303474
0.6471596046672871
-1.8264538980187677
1.0019970393853599
0.07648888730637488
-1.374908801482999
0.7210146377369351
-0.8025673407154087
-1.6851850133727273
0.6517692347018583
-1.751539419649347
-2.2687445401176602
0.9384091280396637
-2.5897270919911635
-1.5215580049090698
1.5280120498502465
-2.7628099028746047
-0.6797066273587136
1.0458540866114523
-2.6956704963996603
0.298266837026024
0.782574781909163
-1.9385629906806257
1.0629568763571975
0.4639950724417818
-1.7945289276189387
0.13842328596433226
0.5765541448448607
-1.1128378414893103
-0.33362034384912204
-0.39286279674816743
-0.961391327676836
-0.22786208188991638
-1.4382330921087867
-0.6852893819192629
-0.3088646682391452
-1.2344519899315312
-0.9316200281500352
-1.104389510093724
-1.489478453827449
-1.4795173904770775
-0.29012250895196046
-1.0697482370113462
-0.9380586411550232
0.32787006674259156
-0.5715176167336913
-0.12524710174089781
0.0816971528729277
-0.5497107902915868
0.5701550835603618
0.8419779399616389
-1.053125759583124
0.4392219609213671
1.6826551791829492
-1.5688325153118705
-0.13586902637382395
2.1887015327792803
-1.0615614451046391
-0.4955937244326607
2.9763325079273706
-0.06893588297395105
-0.75928002402171
2.888786745393219
-0.14804029891153134
0.3026282654220405
3.04378547946237
-0.5845859442858286
-0.004182188525744266
2.17639291970505
-0.8358145104469942
-0.3709977245758144
1.2600601759078607
-0.5477353356457386
-1.4462592192776538
1.277852857441873
0.15540164718317015
-1.1207933436687445
0.6746864663525178
-0.42995151615271476
-1.7999314934461974
0.24558383982232015
-0.9718562253575328
-2.5024144833456026
-0.15560485485647937
-1.5700258085396301
-2.006974841547744
0.5799673315853366
-1.9195235095974579
-1.1402507853805954
0.4005770752799952
-2.5017664571360263
-0.32111429990922125
0.3011653045914886
-2.7838429435623735
-0.8810391535865786
1.1233456484566022
-3.6669250257988253
-1.0147058878408066
1.151456113794164
-3.0667473584691898
-1.6393350098775725
0.5579416909417777
-2.286150373882907
-1.918123891889338
-0.0747700153207835
-2.0449233173631223
-1.1728335903365783
-0.9129014834866346
-3.0664108822453007
-1.346690624437192
-0.4215032838984012
-3.3954023840344485
-0.7674402155541431
0.28637271471689574
-3.232008776365751
0.11544096630667809
-0.11208884681044755
-3.241422612565927
0.8265910948845963
0.6713107046541277
-4.138534261928335
0.21746178774629868
0.6190948635957753
-3.7462168537164513
0.3878968042359248
1.6344500644569653
-2.907572216550954
0.9296726723957457
1.5988379314222887
-2.3282312896724893
0.29802508545491885
1.0627841667776636
-1.5291154251319703
0.7562060123898438
0.6780568107123138
-1.5304599706495563
0.4563088472872257
-0.2393855949022705
-1.5403514003699446
-0.22667858461179602
0.6375557985951539
-1.6972318852695445
-0.786413880762343
1.3825513379758252
-0.9553836937450212
-0.9903395380298659
2.0308126079473023
-0.01149063592199651
-0.83373195368705
1.7967264175204856
0.07829060609102959
-0.18064457047274093
1.029064718061362
0.13786887562648362
0.23720854909457068
0.13436539695416438
0.03655915772398993
-0.2620986880849072
-0.6772370379923465
0.7226077081570128
-0.4020651440774199
0.3140354379546441
1.3836543805203865
0.5035105707393233
0.15315271121196314
0.8344856544123441
1.46025225270641
0.028921055992336832
0.43863724394917847
1.9177952943476029
0.7412215690016253
1.2310458029021505
2.0904485390697625
1.3940629145352557
1.37338987727931
1.2363000925739949
0.7922089504945231
0.3566586146026398
0.9923860074965083
0.9432426011110153
0.04573148588030113
0.6684345290809075
1.7193343907836094
0.6134883192225082
-0.08373696791083617
1.894325566547805
1.1418764256914082
-0.09953917383017735
0.8950457377644563
0.8936582145623738
-0.8884194490493785
1.4660970559595443
1.3173870727170758
-0.6963666864803931
2.2125655821808192
2.372356783878601
-0.6956115950717555
2.0688451520234135
2.6596741155674115
-0.01691781074222669
1.4311808993832713
2.829923147073505
-0.9246950850132918
1.10801493047733
2.7125394399673204
-0.15434032133889214
0.3645261554769989
1.719297849225699
-0.2540526655401303
0.3382643544943462
2.4667972353151684
-0.5431137459217444
-0.4930282853508215
2.097098869015633
-1.313218602900941
-0.011126059324232721
1.2670026929193565
-1.1802842176139439
0.48885513294690675
1.7542979445837266
-0.7250097298938389
1.1882277013484654
2.1796092016330126
-1.6081249309001788
1.581541325508406
1.9164614696156461
-1.476285050109711
2.55762709498322
1.3648422694609903
-0.9262209244820002
3.2167408624440683
0.7535383953619755
-0.1734591636706592
2.8694845895057064
1.1706317002419955
0.6028072446021708
2.560372625277537
1.8117292426490823
0.07392863777466997
1.8595727504210349
1.7880454156117134
-0.0691655030823335
2.8513370997062935
1.2889670282053955
-0.0473579772817315
3.7262771290397136
0.29669354484797283
-0.13375852587550507
3.8235372578151736
0.6848697868284563
0.6769555354911465
3.4172594678997155
0.3120522690570741
1.6580157599586058
3.382845212484196
-0.5311739162756706
1.2663917740736848
3.060865302359839
-1.2193433951360015
0.6141330487801341
2.599038518047864
-2.0444847306115004
0.6312949255146668
2.042107761477734
-2.8079693801536574
-0.062363321353671286
1.7901565594255078
-3.1648439471385426
-0.19254875306259886
0.9065822390268397
