-0.3054916040799275
-0.3515202525747428
-0.9827404452568197
-0.696153308915329
-0.09040698184519408
-0.07444826383645906
-0.8129502993505157
-0.8522017897592837
0.6001252595060564
0.1087932734172843
-1.2452750632586924
0.7543640746390666
-0.021443503221377478
-0.24979975218223546
0.6384312908444805
-0.14495759932057795
0.6686040404616512
0.28256583047184664
-0.3801920260897499
0.6077563484827097
-0.6852322895756807
-0.30532326447768793
1.5188327740602683
-0.26317560775557464
-0.4955398963986979
1.5477266036242798
0.7311702148126528
0.4555455208768735
1.5048918335794548
0.4051064634846622
0.509682669586718
0.9521715115381295
-0.4254563221831895
0.2986368251223953
0.04913953802154235
-0.27641106644789826
0.6055652080039767
-0.8271787677184997
-0.7553192905111678
0.5494671991868199
-1.5955862075502496
-0.09226501496600555
0.788649745969082
-0.7203552457571226
0.2572369073463169
-0.1542889403092998
-0.9167985891220087
-0.11395174057229479
