-0.6344172254263746
-1.8090853057557599
2.108803335091363
-1.33914868879473
-1.0525220990587705
2.094566076716782
-1.167441767729748
-0.18778764448559343
1.52165267269724
-2.143780052869905
-0.500496091198324
1.3019976564929503
-2.984009885833231
-0.7103058073900601
0.8553163792277086
-3.1848080932324976
0.29589061587722
0.803289556128733
-2.706988848370917
1.0409906034460186
0.9633281229508833
-3.5694324898514456
1.1737173921913489
0.6252079831536772
-2.9369006133650184
0.7560272140365765
0.02902488328138472
-2.705574001599556
1.6648576396852568
0.04803679819072454
-3.590661453657527
1.483080386832904
-0.33494922039671193
-3.8942183205436955
0.559769441392693
-0.10282882435921092
-3.572946245383882
-0.19350337898024145
-0.6802861943849836
-2.8274267641393953
-0.1998893416610611
0.007083724032750561
-2.727471677669332
-0.6328585237602184
-0.9854450743889106
-2.255250523888674
-0.4185238596138465
-1.8962814441133162
-1.9232528800579596
-1.2718403900461253
-2.3087594452917055
-0.9932235373240228
-1.922783590973266
-2.245025860810544
-0.12174041264634533
-2.2443623620932254
-1.8106752915804858
-0.20278170604609763
-2.300853331750098
-0.8448588441345369
-0.9842681226987978
-2.4063676268549714
-1.37466499989667
-1.7642959724010374
-1.8109859552360938
-1.3032915805952756
-0.8416980030103757
-1.512046478758186
-0.9943434821060159
-1.077386819025527
-0.9621944688820676
-1.6415289444417327
-1.7220972404619148
-0.34189727371582496
-1.1241534666808708
-2.4892056889389296
0.3637482133432812
-0.8043607072708285
-1.9052817563331117
0.8354119586768644
-0.1686192535836607
-1.0820507281385443
0.40176064469695316
-0.2722649035814075
-0.3250343673081384
0.7382896402074575
0.42250131393442025
-0.9913378439381786
1.4167331529267215
0.07056891167537847
-0.34203088092052414
1.9020530246066978
-0.6862681241965055
-0.17934052848162618
1.256064913840397
-1.4284697812022722
-0.019617378290885158
0.4058560231745768
-1.8516623854768073
-0.45983355815986987
-0.35289015645626615
-2.410552849796028
-0.17366687001963024
-1.1646593318753293
-2.047853834640162
0.26144638201770465
-1.4668356799837523
-1.3227400233901345
0.7878580541611478
-1.9850649101723428
-0.534803107591047
-0.08592170243884757
-2.169389397443273
0.17996489426407436
-0.9680428303642532
-2.2357478194227167
-0.266708533165789
-1.7217827578896743
-1.8063213438361156
0.4132571933642641
-1.986634384625502
-2.1968941064809413
-0.4670585754514658
-1.6163849610513652
-1.2818805812198035
-0.5632423745249506
-0.9614640532380176
-0.5699170950268716
-0.3190746790396448
-0.653613323564581
-1.4011353164631033
0.271262299975497
-0.4508001511062049
-1.968937674126046
1.0114209203987614
-1.4563433201205276
-1.8249922403010372
1.3212769521838739
-2.333026921950323
-1.4235687204108851
1.0693059638334976
-2.4294279061742117
-1.0457657796925226
0.17523405696626226
-1.8532048172354816
-0.0060825008419220635
-0.19235797443942443
-1.452510458410233
-0.7289891677146596
0.6452949268379586
-0.7101628616940298
-0.9856192499977526
1.2013092282754563
-0.38913294254446074
-0.9162250644697914
2.26486374618415
-0.3729432625651189
-0.12822780667024314
3.0457338883977507
0.24456345750364217
0.7221344556157574
2.6171678521524764
0.31195925053534007
1.5270487406069357
2.0235787273513566
-0.17588968039349878
2.1059075338329825
1.1482634905141798
-0.7447911776165065
1.3794413797572205
1.0255336922587757
-1.2406951046790755
0.37550810871418056
0.7107517127144878
-2.2044365561880555
0.289181468282787
0.633034586281571
-1.927478987167122
0.4973186437825938
1.6186696504973903
-1.4154635674186795
0.13292211578453822
2.408685112903155
-0.518390285450813
0.20809123099683896
2.038368690517145
-1.1244130261602079
0.9424623054761606
1.9658123368732547
-1.9501439985190394
1.4713922440098943
1.7185750485068414
-2.3599432098222266
2.0946553959200065
0.9129668068783642
-1.821402482304571
2.0276757780772336
0.12472912463831451
-1.6114079108519066
1.2953309747364952
0.7807793760830001
-0.9352231216616392
2.1348291993118553
0.6536550310220829
-0.08512265151099531
1.6989977587038927
0.35176442567964505
-0.011141899346912018
1.0472727268656103
-0.5452142094766017
-0.6025957572345648
0.3644092791736704
-1.0086260738465835
-1.2989599713620494
-0.1777652829960344
-1.807513010351179
-0.3772217530925739
-0.522476689502661
-1.4737284980476637
0.3688589084433889
-0.4097841552737879
-2.236630271520582
0.03372377084967642
-0.6298696825677901
-3.139872090190468
-0.8295435911898806
-1.06523157843227
-2.8287180420075124
0.11804865184064237
-1.6161829829321215
-2.9601322409065207
0.876327474152196
-1.5092316122785672
-2.3293505275208086
0.8177862720607572
-2.2571035718600387
-1.540698323247352
0.5992760522697288
-2.404606561500654
-2.5095975103355155
1.6199741146479871
-2.207701245058488
-2.4103682094231056
2.498480052757222
-1.9465736677669396
-1.901072847423749
2.2619845899203352
-0.992869497827809
-1.8764163948640822
1.7154074324078827
-1.6462366731884805
-1.6500046053662656
1.3138284014109065
-0.6632161273328077
-1.802797041797164
0.6202429487775555
-0.30733956655842704
-1.1599158736340336
-0.10968183877320951
-0.24772935082614225
-0.5021036894391933
-0.45103892273491325
-0.40324726066788874
0.5575035448635085
0.5121913447048635
-0.2567913381904447
0.7841745656853797
1.0377013277758846
-0.5168237384076237
1.2697387488434397
1.3993810836918648
-0.7671608985956083
2.270501957490909
2.1828076049767957
-0.14490618746354372
2.436956032959687
2.8262822818588407
0.2061253414819568
1.8028657240480315
2.895225197334164
0.8758815384197222
0.9602818904957839
2.254128913619532
0.2508859457018439
0.4429852520523604
1.222097740576456
0.31311503479898667
0.8313262292498437
0.49453231548047555
0.19143987698947323
1.5968382486024806
-0.3189261524954941
0.3815430797617769
1.1790359773423473
0.15434368375151392
1.1666309713856204
1.0454914685456462
1.1765338624400778
1.1454653544230746
1.4260509951415326
1.322422664838563
0.257912230446887
1.968666589043888
2.122031535703221
-0.2886465086771722
1.4439800491407575
1.9826526136941438
0.6217454865991766
1.4268054321957195
1.7225234990140617
1.1210379845866716
2.230094639762612
2.61068240085949
1.3528902481849523
1.8038830763608886
1.7663542201588063
1.859608872417195
1.500152834838614
0.9857172242387712
2.1340636187059845
1.3212324046145674
0.26820550326786174
3.0497081050179102
1.093219552319142
-0.3644335672015668
2.8338608456578673
0.23269714587219312
-1.0963554787741416
2.497288659388432
-0.4045194507229828
-1.4528285088097888
2.1822331673258737
-1.3249810572310357
-2.0627964404854904
2.587268805412259
-0.6744655922819868
-2.606926848834474
2.6265803174055984
0.15148079001527331
-3.0427650243384656
2.252268937848561
-0.655820532158829
-2.8690520291943566
1.3007033511955723
-0.9771123434699435
-2.4258228348311843
2.0760910578928655
-1.4541627511343604
-1.8924340940935613
1.6341710945655736
-0.8154379834882794
-1.0870917841078562
1.3438436967842988
-1.0503117718745223
-1.7025650717417695
0.5703778552541751
-0.9410063568577182
-1.8790976652528235
1.3525108357850295
-1.6503720743551349
-2.0204031827821627
0.45670850481779135
-2.256630418192292
-1.2106113775170122
0.44101886073686836
-2.8436215705100367
-0.8892541311878518
0.8742767368409045
-1.9466577350787508
-0.21980847240008347
0.6597100592880533
-2.7066297963220594
0.7673695759572989
0.5571391181346337
-2.3692294534851985
1.3201732183530257
0.3148775589821791
-1.5560054203664693
1.3063318071716585
-0.06603225496683426
-0.42215087148036473
1.5358029384486032
-0.4057983137708625
0.31323266632948155
1.006749050875762
-1.2455080556990945
0.5171776123090986
0.5151175885595972
-1.2346670991544337
1.6483788600208722
1.6050310436056863
-1.411613574722863
1.3593992912771329
1.9944635646017788
-1.194556116662582
0.6537732383573645
1.6974780477661844
-1.2558929405397732
-0.29640543353130483
1.0898025426938465
-1.1091757071039223
-0.8893989070074823
1.9312039228098599
-0.5813104308102124
-1.102866393238195
2.141718966618638
0.5629173081938684
-0.8642978540111257
1.7172267318096053
1.4853292874584059
-0.8115833173032289
1.3608719059046712
2.395567004993689
-0.3607845579692719
0.6900510009023102
2.359224421010008
0.3344425546706817
1.2222283894536219
3.041736395016696
0.9193944620617343
2.1578794827952024
2.7519360853572974
1.176343135740845
2.6355524463367384
1.8683303999402074
0.9336256793909559
2.2938533564165504
1.7991668212479683
-0.04594003424118815
1.9264321978963324
1.3530751267966197
0.771009546634228
1.5028788812140663
2.233764204207909
0.7231841756279629
0.8771215465967976
1.5464669457999554
0.5021633607339527
0.6675581409109508
1.7604807134357434
-0.43559220580738234
0.9120747976575708
0.8614667762433816
-0.8095046401851286
1.4707580649002745
0.83376623836692
-0.248668273310047
0.7174638832263054
0.3820634311438566
0.049815324397809446
0.8003722082632622
-0.6254900449043754
-0.334807507974692
0.013422483132788366
-1.2317197467514813
-0.2906617517700701
0.009763206972440264
-1.1753593362461692
0.7489683854464751
-0.05034397966630824
-0.4233687645561559
1.2895728339310495
0.5725705753013004
-0.22090653888914144
2.3347183162386678
0.26221412879808675
-0.8634192407493702
3.082803418737057
1.116190712565984
-1.3334396966051123
3.020434738876035
0.2814814963017417
-1.6501641245130843
2.463051283842524
1.224419459672679
-1.7477863530304787
2.1525921632446656
2.270383035831667
-1.6680500175953996
2.0126917963890896
2.760707983826833
-0.7841424922712791
1.9578783482364694
2.848192329062949
-1.453912911671187
1.2042924911388464
2.8422269714515975
-1.7100177065306377
0.09447963560816552
3.3179927120434227
-1.1363817187545644
-0.5492195259494649
3.19989947777511
-1.2869438315933477
-1.587274706782902
3.141632685755433
-0.4037497678821151
-2.159089318282967
2.262867328685611
0.02816026475419696
-1.7526812294438132
2.8397609804633586
-0.47990133478014196
-1.065004005393694
2.297925273090901
-1.314651560098326
-0.9996524544581659
2.500277672237186
-0.6515019059121521
-0.3020516986335472
2.7943252308441973
-0.44573691881860267
0.7644891501435859
3.549063925028397
-1.060762538213954
0.4032284832340085
3.775631595043771
-1.882767623310561
-0.05902399471640568
3.136424341348123
-2.1875944629560196
-0.7102290222812948
