-0.525052484599029
1.0797284961334834
-0.6575330311321043
-0.1051856905748167
1.197471950786832
0.2285981343508842
-0.20003978939174724
0.2913098754851866
-0.14448162906917428
0.048268783079638604
0.4045456248636883
0.8104256581214213
0.20708227071199153
-0.4157969872178699
1.3852549090308188
0.1593928739906432
-0.5095110491285009
0.35100555973837644
0.755249073296713
0.016710240361835348
-0.06293044306007714
0.4286353842011618
0.902833680541169
-0.5527328558989801
0.8309673167431909
0.9198608103293658
0.3885015797143816
1.4570145238540424
0.6931747620856604
-0.4369721444423598
0.8462328436139432
0.09162279006676759
-1.059979085104244
-0.12106587589226005
0.3115013176242133
-1.133849154370979
-1.0228663219837695
0.22018746153591132
-0.7227323098337747
-0.7422110975004632
-0.514784775649614
-0.10252944621696121
0.12944602502660305
-0.529766707813769
-0.610008287845538
-0.20053089698844007
-1.32709688857667
-0.049047975761626804
-0.1924591872516357
-1.257530477007134
0.9680380054958861
-0.7013396555876269
-0.3524342878670666
0.8959611016347311
-1.051538094748141
-1.2220258365535113
0.5050114146493241
