-1.0677379593995997
-0.25664342569084436
-0.6803159347052365
-0.8070748747099485
0.6500613295440141
-0.44582571015006495
-1.4300754040510237
0.22764741429523302
0.138069533222603
-0.6747702226854108
0.7559290879181114
0.5226106378270353
0.07785048184843743
0.678324501458852
-0.10451448573288274
0.3003462159004835
0.9073971876360443
0.8464507029662152
0.16601307537909776
-0.03787582477968147
0.9799488647489645
-0.16012048844675106
-0.9808050532018181
0.47211983171481087
-0.5874353121819542
-0.06005628134804395
0.02622935486884216
0.4402171627100247
-0.2465614470165844
-0.1137621850433351
-0.25859766758572617
-0.8337938726078277
-0.5285819492775059
-0.1310461227390742
0.05115953006038686
-0.8049180152295591
0.631899470829018
-0.6168811827158467
-0.946672963182779
1.3611112003171737
-0.29420855983652483
-0.3063798662499478
1.0392431930537533
0.4813243741898241
0.26717933959216644
1.1001772517615092
-0.42501777790530126
0.678362844630673
