0.08820956039516124
-1.8292910428139553
-0.3174151499888856
0.15682443295965098
-0.970493004983465
-0.839390809694753
0.4311238269062641
-1.0009577082232692
0.1113825750837928
-0.33170744542191477
-0.7301853562018856
0.7142768894218183
0.4133524492175333
-0.08968563565339857
0.5288011609021206
0.6681603410344681
-0.19323279544167277
-0.4520556396839237
-0.26492405475200287
-0.31824556069937976
-0.19594485182444993
-0.06707143531946926
0.228038918672282
-0.9996047853702109
-0.8020973567190542
0.50159253605388
-0.36644109890338394
-0.5280406812656214
0.24593999926386645
0.5644988881443824
0.2125385729012132
0.8293466676740362
0.8717444520941097
-0.531167680863577
1.2045454527729145
0.3025829101601567
0.40777075373793376
1.5267185121602027
0.18146788301990005
0.14702871718941646
0.595909017419843
-0.10390242336067937
