0.28339530747921987
1.0173623086556554
-0.4923661346708124
0.9073622482109107
0.1916314584050361
-0.5709289545232068
0.6978075337385571
-0.4200931776689619
0.1913985691484489
0.6311694791710497
0.5480414968752345
0.3295906237537816
-0.09431132614880233
-0.05933609800883714
0.6770138434385974
-0.03261555139983844
0.06509512753693286
-0.28994804845968186
-0.6985465545144066
0.7361325941542823
-0.6146323424764915
-1.3114575783785065
0.9430214043015391
0.14678557891568314
-0.3288666983675848
0.8342807684781791
0.31011955261568414
-0.9025980071292888
0.023776085212408118
0.09636042875136955
-0.30281332335698236
-0.7989770963888401
0.033804986089295934
0.4059590557919247
-0.7011158127351481
-0.7029833870210492
0.5180205915155398
-1.3931608221076077
0.009776365439239426
0.22749482338821053
-0.9866582367098965
0.8760089189991375
