-0.42656557458091277
1.0295844841395339
1.6470050357889934
-1.210358046514889
1.569097508265261
1.505364876822472
-0.3385201418557778
1.9417055511132666
1.1082408196434304
-0.40111304650841667
1.716033307979125
0.17454870183928783
0.42163906801437245
1.2747270255378333
0.1978116573774312
1.1092854984556675
2.221658364643331
-0.0946263301824785
1.531898975074578
2.091260769029322
-0.964179895839269
0.7351116644109165
1.5849505948105223
-0.6680747610691494
-0.08871306192749784
0.996804533544721
-0.44170032391371694
-0.26150079752233296
-0.05225293193820668
-0.6577514056713982
-0.46889655683557635
0.2956207122693803
0.2395423157263658
0.23663046834344803
-0.16900737892680706
0.6513312939871659
-0.33348306772159575
0.02478653835728632
1.506789592311265
-1.1718265338117453
0.46583962966560605
1.5576142177054286
-1.896576849965462
1.1227775968943017
0.9138217762721103
-2.2740215750377772
0.5762680174658046
0.13646307495970347
-2.5246122296492843
1.5056498921340962
0.3241598988699485
-1.9434740592798956
2.1509556437099664
-0.14072913399016207
-1.2155090631175547
1.4734256492930569
-0.13684624388296399
-0.6900570934580396
1.2001160781309792
0.7107259777521593
-1.423745883202828
0.1878152276489617
0.3980342437053602
-0.8020514603702255
-0.412995621487209
0.8526850720177123
-0.8634729077615252
-1.4579503754248913
1.1447908751987237
-0.7865545593875334
-0.7100289112796876
1.856348921864948
-1.6367988122666888
-0.949880054138425
1.2462108413475192
-1.6780825170847082
-0.2051120657627373
1.9113492542280606
-2.1166430414536856
0.6697861487508163
1.7755241287001933
-1.3800690703456293
1.0397221204242835
2.2413019798035476
-2.075227570559701
1.6464156614745153
1.9752141653803508
-2.0751582492159963
2.0268204442690196
1.0547273564760826
-1.203953701238835
2.1407592291890607
0.5246789232872131
-1.082017104334704
2.4583668935363217
-0.311355035261837
-1.4431380219179146
1.9171586528072244
-1.033091174946525
-2.159073395359746
1.260110095945885
-0.5874666266201783
-1.2141901632374505
0.6092884694163462
-0.4459149951584392
-1.68753280432353
0.6462833863623189
-1.4239987070898592
-1.5688130115435464
0.35594938713609575
-2.430801408042065
-1.0967308894370602
-0.6335955306025359
-2.1366630601633405
-0.14300900597515287
-0.5606359695982408
-1.7741835928393856
-0.5552647807650115
-1.4922548706577785
-1.82435938078635
-0.7314377666106944
-1.7451366780731368
-0.8275936942152731
-1.2855733568545462
-1.098906569811318
-1.25319360092275
-0.38168697211485186
-0.8592725070967426
-0.8995648952538482
0.44759704306568443
-1.105897577434865
-0.3794956914244903
-0.24492596459933935
-0.680018398684516
0.17713229119991217
0.6276334843275015
-0.14232596849408113
-0.06257920436571095
0.9452868744693703
0.5190672470803562
0.3299246600773197
0.7866140786359977
0.702996515931337
-0.47360861715273656
0.0816083979154077
0.35556060341610074
-1.6183277401729743
-0.4980687880878472
0.3400664517234056
-2.028241720605902
-0.6918284168754002
-0.08975940697533416
-2.9409162079428937
0.1952817763354992
0.02572015697578481
-2.5149332984829633
0.5268101896066324
-1.0193436732416532
-2.38143210628361
0.26626789665411843
-1.9560511863006604
-2.174998485241087
-0.28198065314298487
-2.445715575979826
-1.377989349495601
-1.0005154826129319
-2.6646626237369224
-0.8350103059367872
-1.7270506475481073
-1.9405163007984891
-0.6782231077927535
-1.8850822966414407
-2.677580310027609
-0.020719691561751477
-0.9530954540114389
-3.161728235623005
0.006064006173748015
-0.0902875620756843
-3.0099653074741126
-0.5227274203509187
0.799779223795985
-2.5784482194793332
-1.0695491868896
0.30068312317377366
-1.4386213927642992
-1.2681090188627164
0.562112109768239
-0.7552719626158388
-1.0472649611449616
1.160184092961377
-1.068833368763334
-1.6403682088490996
1.9402362471822037
-0.3890799131835521
-1.621904672796495
1.1853882901212132
-0.2730073987652283
-2.1759370451641895
1.184338285620253
0.24112873442809968
-1.349766769976534
1.3526608754299079
-0.5545129663500963
-0.6109859704816611
1.1931194616567575
-0.40455053697813875
0.21886985421737024
1.333643576487344
0.17805498248649604
-0.4266566925022666
2.0325940519744017
0.5879939971443188
-1.3025237023419434
1.5702055629511105
1.1406808872829544
-0.690437307709652
1.1784817021312028
1.304350890569146
-1.4628184582912434
0.13487535116151492
1.2368095973155246
-1.4584358258214585
-0.7008305977712738
0.706512296300559
-1.3057713966734006
-1.1326174704664225
-0.03910354230897736
-1.0722160280901625
-2.0007960201180053
0.04849363594389748
-0.7268489377018523
-1.874950200401532
-0.9550511223877227
-0.5802509384804377
-1.1190401088021322
-1.1256754779491163
0.3087305393829008
-0.9959443771957275
-0.28857158073584804
-0.21036211108743968
-2.025883085033771
-0.5360235815364499
0.4781914867585257
-1.9888963088854974
-1.740107084964187
0.25521852745162416
-1.0797207238442683
-2.0603629336532965
0.03778514718017594
-0.14761976879585817
-2.57256544247592
0.36419714846481555
0.7227616472841358
-2.8640492154527712
0.06288942361418814
0.6994299210539889
-1.9524179635631922
0.19143237635084404
0.15817593906182395
-2.024265968985762
-0.32544400379455474
-0.2982620578718654
-1.5421641490046507
0.2809641233548596
-0.026442266502083655
-0.8382889087049186
1.2529050081642679
0.1305394798832846
-1.910494056702082
1.2596223125351806
0.7120552153166569
-2.7122442332056087
1.0331187262028387
1.5774506380976037
-2.4247633916566533
0.44204832766609103
2.1035466141750296
-1.9327190716884433
-0.2593078587483137
1.5150880814296295
-2.6584146280936913
-0.5001208537971833
1.2186351800243103
-1.766915125263026
-0.674944762612013
1.4088576982649488
-1.3508368982900851
0.13625190291638906
2.2084894667082082
-0.9451266869750846
-0.19162190152165443
2.274168065090313
-0.1910173051854629
-0.7192482432575268
2.6206215912931747
0.8713841459608783
-0.41054481036740387
2.0642533584778864
1.750848021411427
0.04180711117880389
1.4391743153829222
1.602109083155871
0.7043489637672415
2.2061610458238214
1.3773179062084733
1.033958837963375
1.7825247351188707
0.8274732644719791
0.48775038441379703
2.181049345913982
0.045637125918711795
0.18991163893082427
2.5221869334365663
0.380601026520436
1.0694443472415536
2.1383466816446113
-0.2886854421727173
1.7225713858295368
1.1922573746331493
-0.27446172608518093
2.1257355168013126
0.18885632714419928
-0.5991478426967368
2.1213387506135932
0.1481947457143265
0.3378246190794711
2.3447293796632653
-0.8602919467378178
0.15715603256609484
2.322323587780444
-0.43633678371514356
1.1040843650180505
2.776849786668527
-0.5102657757426042
1.9491872067862024
2.101935034468114
0.42738417695217584
2.037581760838295
1.641628660884702
0.2884704204872185
1.8082004617587202
2.676401554097644
0.6068560756536263
1.0837315900792235
1.9965527201097535
1.3641495300277684
0.9562207520278416
1.4083752082437335
1.6291901167539038
0.12187659343465988
1.0212776210753454
1.979072889746766
-0.872672460712214
0.962678442719487
1.671654852751735
-1.1812912950861685
1.744139711145966
1.1740014157760583
-1.7007049326672357
1.232323896645198
0.48330106803773853
-0.8835457069009054
0.6064113824995483
0.9532515509157048
-0.7475011531204963
1.2460510592463991
0.6887121513271727
0.3046743551650652
1.4932603016050212
0.2605794406549265
1.102685492260446
1.1278698516117027
0.37196487664931466
2.3303139912123365
0.6198517501449909
0.16830904736639976
2.5016527698754873
-0.29520926437938094
-0.548829914338494
1.8608568999359012
-0.8171432848044734
-0.724369424422288
1.6200250705597377
-1.7494384356345878
-0.09960134110747211
1.0055193544214804
-2.4214668098461782
0.1271663220045632
1.9558952218574557
-2.212902916929598
0.13840449320160936
2.3530841491304533
-1.358865046511486
-0.8062740185033289
2.648993846504711
-1.2913951103992398
