-1.0508211371762257
1.0491507583025355
-0.5428887368394427
-1.1918965243543067
0.09763119960074203
-0.813474057018953
-1.5818551705726152
-0.08940637678464809
0.12223141739008696
-0.721233676826907
-0.15467886665756214
0.9366538642892566
-0.9390809670449785
0.8771343667648486
0.42442731796210176
-0.3574890379075191
0.142211996580511
-0.1992591810984033
-0.8376513429666043
-0.844786273276033
0.12485396848373422
-0.8697125653619516
-0.8345695579128819
-0.9071577851316088
-0.6034784524641144
-0.13610058266521097
-1.5945937837736421
0.5814959278694163
-0.1289781758813492
-1.808865517647688
0.9096611304261405
-0.31027737279612777
-0.7762950238154382
1.162416335409752
-0.4248831453420257
0.17345089669604033
0.10757151401403742
-0.25662357969782906
0.4142526206053936
0.7176412511601702
0.44114759559955286
-0.20622294577663136
0.9050635238610543
0.637284464081535
-1.1191455928555958
0.023665578266041334
0.27243533619525634
-0.8158189765092286
-0.07925719214295084
0.9899749379046182
-0.32302104894270095
-0.02975103025672889
0.6591905705557876
0.6351061790584924
-0.2399820719790377
1.48180178730396
1.1729637010477898
-1.2480584991430261
1.3675449527130472
1.2116084803765326
-1.613561852680334
0.4345892722297265
1.1272352232645904
-0.6585598465364857
0.6224000215539981
1.4535927532237873
0.2976850232772529
0.7339652242843361
1.5959484604551615
0.7148586790378996
1.2937448050308278
0.8920152225995527
0.9220467131756113
0.3439961803384244
0.951923821439366
0.6754556889878082
-0.6742982064733122
1.2678961640716044
-0.12771972560114286
-0.192871778529161
1.5960900594501033
-0.2501909425241752
-0.9604312057393581
0.9413829296798152
0.5240107477015633
-1.1697677084255005
0.32323847429405944
0.7894186826604718
-1.3131479919969917
-0.6750122958259828
-0.09141783649649464
-1.7337442399406546
-0.2672820123891938
-0.0998244456142668
-0.6728308846630628
-0.37877454617709644
0.07281952811461576
-0.8612953649839102
-1.2614952030747337
1.0263581012793725
-0.9403967996983374
-1.5691176588486329
1.508390380668679
-0.04674535417959728
-1.5233032732456973
1.6529835117401444
0.30162999660383766
-0.5831439154167559
