-1.6560339808128717
-0.5276394503824615
-1.5788157053927458
-0.7107182661939387
-0.33601762665573576
-1.8596260168233802
0.0435288528630793
0.31713625035175874
-1.855736111720579
-0.8811206332171592
0.6227970148860805
-1.6009998162721895
-0.9582363486674951
1.045746983799261
-0.6635528268245364
-0.30858263585686313
0.5840784734182548
-0.21403448023541044
-0.11000050487666438
0.9580566311953497
-1.119546554607159
-0.3736446441257518
0.00820944847510498
-1.0424511450064058
-1.3500011181121503
0.12529177332182295
-0.8881504359232453
-0.8995643172896785
-0.7907432148862986
-0.9790884697754806
0.0360839017092597
-0.7895328199467241
-1.376346987180253
0.6344090702261141
0.002928965816554661
-1.056778933588478
1.0197549243024546
-0.7537268331739797
-0.4555085555453198
0.5382481549145995
-0.9396787833338112
0.4490799188901487
-0.0874536122958609
-0.7509206794606383
-0.4101180704746628
-0.9310178061197402
-0.3272850127140598
-0.03622757306989695
-1.0266229962442346
-0.3369276441461981
0.9635385770320325
-1.470856530417714
-1.0222553879548963
0.3923476777531019
-0.4984725849593509
-1.0250125968087842
0.48651530289776196
0.07477127818322388
-0.9958920590768832
1.3207923453714334
-0.5872749509547531
-0.5211939788698157
1.8751783262144055
-0.2976182054824608
0.289186666167764
1.4061543722470653
0.49342488376643107
0.7848895607052462
1.5961247016150713
0.40083018957462246
-0.20983262582807616
1.8659203349100688
1.030058879461266
-0.7853584674662025
1.3212625098185153
1.4221694440774182
-0.3926162925576202
0.3772916941358331
0.641396848839699
-0.014876042245962638
-0.06354438212079562
1.3706625730328095
0.1704263014910548
-0.42314794645979525
1.1369235875961474
0.6724673654177505
0.37269907193386753
0.6458721397162376
0.829153272671822
-0.42381176874173276
-0.1536567286014143
1.4909805199069865
-0.18321037585476288
0.7779979811236978
1.588044326825242
0.24136359750674272
0.1895567285973697
0.8618784304343066
0.6177699975460954
-0.26291233494433086
-0.08513251967061687
0.6180470899104211
0.5528205966424341
0.11146428371576211
0.9976955106098817
1.5552781645457894
0.14190576657861123
1.3289151272241755
