-1.3373476634715766
-1.4546601502019276
0.4361040878176698
-0.6859428389213499
-1.7279651596916672
0.9241988405402981
0.026215215777814282
-2.176393660850569
1.613528751697409
0.020216303503423638
-1.3021748627795373
2.047400411585441
-0.8317343428838748
-1.7896171962812102
2.0108045171277573
-0.8213771404128929
-2.738546605444947
1.435282555498306
-0.6659513929456243
-2.5775888730780494
0.37575541287243186
-1.090571239742843
-3.1452144180374986
-0.3344653004229813
-1.4442367451497207
-2.5119684948018244
-1.0517038338510745
-2.009556954365431
-1.6573679180662988
-1.0330746585807644
-2.100595271241359
-0.7266503840168029
-0.7964219652651227
-1.4954477754464222
-1.0367966869148633
-1.4050372945224165
-1.1747333930308597
-1.1620530552556332
-2.432306143818612
-1.5300099871576758
-1.911252266798483
-1.8558920020373166
-0.6455686263443936
-1.983538606626397
-1.37272294257433
-0.4983015210943772
-2.376266476452985
-0.5134873697585759
-1.4864132497737075
-2.302024188496712
-0.027298724067974824
-2.1996294969240724
-1.6661664779396266
0.5432805063484295
-1.7173056272431002
-1.8737396078583248
1.366898210257675
-1.830870141293697
-1.0393503729514233
1.0691799218395626
-1.6164056837918939
-0.5997577527906249
0.20131794787952992
-1.2333123256879512
0.003564654373846895
-0.6700336111259858
-0.44565171782611146
0.4628340375465761
-0.9255106298485709
0.5017323555007891
0.4995911274841074
-0.2907309667902812
0.9459356774548716
-0.2903174226642175
-0.25205261441441434
1.2379842174999078
-1.391558663485036
0.03675194515871452
0.9632216031276447
-0.8566563153821625
0.6404667620879755
0.17040163687451731
-1.429271223129175
1.0265123758373809
0.4795040437699989
-0.5224309659797768
1.5600272907267299
-0.36049433163086847
0.010334394905809365
1.741090134616417
-0.6781574442004668
-1.0164856688627704
1.43880950114657
-0.17984705365820874
-0.5758724789084492
0.7645838304185459
-1.0366792564162979
-0.13722294134526777
0.7467731659141674
-0.4023053615148809
0.37266342605834396
0.8553564170728477
0.719713054906871
0.9571903191494053
0.6080262154806787
-0.1750172306812633
1.1414103053085354
0.19918437674180553
-1.1461820511889793
0.8368237915392955
-0.322460493012294
-2.0197527238819855
0.8790968935822704
0.1897337639632539
-2.155161663385705
1.1194674554497859
1.179216536546785
-3.1207049511067546
1.1669394950306535
1.3255922668649034
-2.914255895716577
0.17630440768376512
1.1287151256008303
-2.534375681989217
-0.6623689073835035
0.6324432666846411
-1.98611514435388
0.1428968822664441
0.8104478363817735
-1.2411627724587257
0.7448164729380744
1.4995534379600703
-1.062990996707442
1.0853545357959922
0.7162535279850624
-1.2843901365925967
1.8859258934749323
-0.07334210555941235
-1.6450922160157584
1.8974311686746759
0.9451252177060665
-1.6050082147241092
1.607297190008516
1.816209726120395
-0.6216766375989915
1.1420651999711524
2.197595309119446
-0.8460207624897413
1.5695012585993513
1.4561955128397257
-0.04144162462133105
0.8342473608375912
1.62576780504219
0.679525293418695
0.3298586010372661
1.5491470158235494
0.9219852689386139
1.1460859770650054
2.0279283547182914
0.7911626509160553
2.371832098600685
1.5735050168391913
0.8329901020836445
2.042580098889924
2.67726049179484
-0.07153547791308634
1.7366665654942894
1.9483823775537434
0.19312997158575826
1.728866712449264
0.9794876391807412
-0.3231271534267474
2.1303013380891485
0.24129952506804078
0.1724590102155628
2.706678608670791
0.8663484642588397
0.662397860206745
2.16436864773529
0.2663973574794197
1.4194800581069307
1.514593211693465
0.1642250231664817
1.457588680906052
0.5765551208207869
-0.23002596024039398
1.4445799970261919
-0.28215804912462233
0.7264570032156582
1.9042524767502162
-0.7651492990218163
-0.08077744815119017
2.7571171987409344
-0.9689942255483509
0.23428015612719919
2.116826993380613
-1.6703727434554252
-0.0036304620602576657
2.795021847336896
-1.3825379177642014
-0.665056734717142
2.884824098211174
-0.38243441524075267
-0.5563126373105673
1.990004595080053
-0.05230483420954023
-0.9184179854925572
2.442089677497497
0.03001035249071534
0.15028644243109407
1.6922889295252461
0.9255202246403911
0.8505707893365259
2.6823524548060256
0.6526496740280162
0.8925527266992391
2.3839099987458767
-0.27280424290662836
1.131987616862105
1.954182836284861
-1.027646211363745
0.7977681344561761
1.261475536109871
-1.9553711568189303
0.7053939158396149
1.0669328273401544
-1.3942873600225236
1.7162273310341392
1.5623080910916927
-0.49016942092295734
1.549799155794103
1.0477585910476006
-0.6661836766638147
2.4060006676032555
1.8408748803734036
0.009871210251953024
2.5473412086765768
2.6144674186963934
0.4158258051388709
1.9046918959373642
2.258561804826444
1.2756789292330184
1.4724107930267245
1.5168677820346017
0.5371264286277988
1.6678490828153452
0.883788731090432
0.3762676112624133
2.45019918697131
0.10124523619813058
-0.3660389680071653
2.471348904366447
-0.8390445124222455
0.07301016223060056
2.5843085557609724
-1.4128669040995316
-0.2861029737605295
1.903105090786367
-2.1722870354629618
0.2823709243457702
1.8072715822045244
-2.539416340997824
1.1439470825296076
2.106481126546373
-1.6740077513091292
0.6915676229259047
2.518199360225516
-1.3520350516658752
1.661365369764139
2.9105757642870818
-0.3620559739688758
1.7292732258841716
2.92978883855329
-0.8414839554548579
2.2004898416837655
2.2009668976510595
-0.14617744999873122
2.695282337502375
1.8063680045786303
-0.8332869639945093
2.5569637581657454
1.043329859263549
-1.6661277660674803
2.5494858005318717
1.6592802828812758
-2.4725651252241057
1.9614689361506359
1.4750616674063743
-2.7231773673816524
1.6505526064861014
0.5617291542252579
-2.8288555781124165
1.110395837630823
-0.28759638050308056
-2.336573359104025
0.42420345461023184
-0.6289960832780411
-1.9446365153488414
1.312768906115147
-0.6404313222700416
-1.268664720194667
0.8886994625047276
-1.2753252853202974
-0.3793535286872574
1.1088837850169815
-1.5420627481654314
0.4821810731473727
1.699310367421801
-2.135169318794794
0.4230110054922959
2.5936432891022783
-1.6779239850366146
0.8634213259693309
2.4125264492819434
-0.7374086116003632
0.8242101391929252
1.3436371185817493
-0.5758041372466357
0.2296196528375144
1.7279277660241783
-1.225525790005769
-0.4503159630781341
1.5364862859300705
-0.7570506920376705
-1.1973918608826821
1.9190723944874555
-1.105551462630692
-0.3960013576868815
2.430960117736245
-0.7969486752899195
-0.47391993155475265
2.11634648739595
-1.758391112374649
-0.4545274523855016
1.4808105357135848
-2.6385252845650227
0.32328884565799054
0.7099164415119843
-2.3526588944048386
0.8572054087902296
0.9980026851848063
-1.5530654850800065
1.4175729838375715
1.836089220062475
-1.3134328768932186
2.0699597662286218
1.7332607883702913
-0.5229296926897786
2.3787025629398073
1.469702961761664
0.46018550796425073
2.5309831200585924
0.8752941008760838
-0.37522950176226266
1.816848110156139
0.8072655834993182
-1.0277727988924266
1.058454416540609
0.11446943398356936
-1.0117013058177726
0.030148213415321805
0.2221364650147464
-1.5995564478017597
-0.5558790505347061
-0.302025030677535
-1.1517593435056148
-0.8017592546098498
-0.9159878131859639
-0.40803168373952775
0.34304811898107623
-0.8019459737270874
0.002833816996087816
0.5451783817048068
-0.14310011619386423
0.4698297172823146
-0.3392261369369759
-0.27409643761208424
0.05444297345946099
0.1566280730633905
-0.39430369416078875
-0.8189499510992798
0.5471742902157352
-0.8525332440549419
-1.6478034772472532
0.37046985050422554
-1.4355065063199004
-2.3537111971256937
0.45395558046838175
-0.9712938365349416
-3.248982217914209
-0.48773939261936705
-1.2101262258561205
-3.1096102175686027
-0.5158066512943552
-1.9213200856269486
-2.4145589221575587
-0.9489632201757036
-2.7763121330895557
-1.9707867846886904
-0.09699333036496309
-2.8179684766787667
-1.3945891094592566
0.36397607236410556
-1.8646003373292905
-1.4967260383335563
-0.2832179798395032
-1.2814742956748602
-1.7884185740764662
-0.05688851220447981
-1.3101889016546142
-0.6716910031953797
-1.2475350410246075
-1.5835795634944552
-0.6241894267095602
-0.4327548521264673
-1.6987619040406725
-0.05862363286700359
0.4839011775353318
-1.9474866104704458
-0.04779138454936933
0.7884121570421341
-1.1404743138147801
-0.970825046839592
1.8647285697728266
-1.292669526845612
-0.9078393256617947
2.1362204745837374
-2.269707983681609
-0.837092720594543
1.4216670977401824
-2.4899342974311676
-0.11916358310958694
0.5270650195378248
-2.7387118061736437
-0.6042177557840152
1.1633166529918126
-2.094409248397494
-0.9672107957405006
1.2306920010539546
-1.4383668708000816
-1.771837971742991
1.7366709345222455
-0.5404811126197342
-1.7565655795606527
1.1597517389346883
-0.7856879447836935
-2.54127333532401
1.1052269266085966
0.09710716923121283
-2.2056346220234215
0.6287200441001666
-0.047935175595341294
-2.9795204052097106
-0.09268098732037044
-0.5865996034670006
-2.4963367641199365
-0.886723797048049
-0.3127079809824675
-2.9133000798754782
-0.35260570730883717
0.5638822386343606
-3.079858850282096
0.6002627616944133
0.9168512723898957
-3.26322474030268
1.2279882051615605
1.0269105781104189
-2.4420873449744813
1.9231705819963616
0.45888197161060584
-1.9365586500701903
2.6947979536802813
0.5058160254035586
-1.2784966770933899
