-0.780432274421726
0.6678322518060197
-1.2232624922492694
-1.0771676981074567
1.4391262678086079
-0.6463361985922099
-1.2581389396063172
0.4669114211068208
-0.24515525853991565
-0.3908037078808239
-0.16756542193179425
-0.39659679469388315
0.18811401477368725
0.4763648223391146
-0.24256954371012357
-0.14213477517572992
0.23006396755503838
0.49552339610128865
-0.33262388146404975
1.144043403495078
1.0752477330422536
-1.0583766281851312
1.6526824717304665
1.4795571559970961
-1.2321421701102115
1.0117433918035685
0.75177966224208
-0.959595834595268
0.47020703650380924
1.5165697765029014
-0.5707661896216069
-0.6000932918223374
1.3240013377808038
0.21165482552737044
-0.5681613016554206
1.7921639938070522
0.07177310080791252
0.24141566940182757
1.4505878923873103
-0.624930982369401
-0.177397169022888
2.1456500952130764
-1.4995457436255615
-0.36966640806219575
1.6371164525942599
-1.3623266813901718
0.08076941596025644
0.6410283462693959
-0.7103299376463662
-0.81881542285687
0.18014678893823163
-0.144452371167596
-1.582624609893811
0.24452905634337566
0.7944658616053039
-1.3001739761045583
0.470275338639982
1.008730211786083
-0.8996220885735561
-0.5143614921355427
0.4210768040109716
-0.41873564127849566
-0.12390853536018939
0.2626590708056814
-0.5035059826760686
0.8908046682627234
0.9871525412879772
0.14819117668048296
1.40540137268583
0.7050281313008044
0.5179132294605872
0.49647869908721104
1.3597428430655705
-0.4654453714086243
0.7137537848880608
0.9820327486106466
-1.0069602665784545
1.3777582063557594
1.4482782485244967
-1.7269571125417253
1.938459777819384
0.45908035861248525
-1.5671675657674031
2.084249356719418
-0.4826152384923797
-1.204269864311689
2.062354624226158
0.01373537203448521
-1.3364801600986442
1.2082636293653268
0.8073886123769975
-2.0066087352402198
1.2074631042757635
0.39377450553439697
-2.4182982372929986
0.40980656211303673
0.6241020562288045
-1.826432694876185
-0.364094366222718
0.08259069639877371
-1.0289666427243298
-0.6264829818848324
0.6780920972981278
-1.0735174137883359
-1.4108626328024305
-0.303959240362753
-1.2822089449716176
-1.600942440824103
-0.488450839293293
-0.6187451071545361
-2.3417079637965452
-1.0507099343186466
0.13981976106897062
-2.018991336430627
-0.05007252374280102
0.25477869800833114
-2.104991621013898
0.9647512922063097
0.22822918477739437
-1.9336480933858162
1.6105067847549739
0.9631113983844067
-1.7221695451042132
1.1853838003249189
0.5881923786046928
-0.9133375244300067
1.371910381500329
-0.3426321986792514
-1.1660349607398695
1.4206505322280152
0.0248422987419615
-0.25466562879705534
1.5507408444220676
0.8025162331085763
0.5245559276550635
0.7485395543669361
1.0624865685351845
1.1834376450704303
0.25485026757731466
1.6297801936855751
0.4848226640516755
-0.7140888854370121
1.8496560764822967
0.5698924181268892
-0.43701694876050484
1.0130000553195027
0.22266451547956853
0.09258408750148414
1.4873097260118486
-0.6209347299706222
-0.4711020162409935
1.5365098298422415
-1.3912419324958243
0.19460673578047558
2.269602418120435
-1.1484530386552725
0.7081565732569698
2.148192883886732
-0.3329428641748852
0.9199826318184818
1.1825938853973603
-0.18088170935069603
0.8672724037930766
1.6007058088464647
-1.092386868040923
0.11622736469168662
0.808154110931835
-1.3269940875515394
0.35882671569168406
-0.32658946418180607
-1.0131224745992884
-0.4167038351591229
-0.31322784162037187
-1.4521827743174505
-1.235770673347188
-0.8704787462090107
-1.75445803982401
-1.4565733435537653
-0.1778062180703067
-1.1011488117813517
-0.9657729183191905
-0.9563395945419019
-0.7274222261983017
-1.5427570519499367
-0.4581276810182632
-0.15339701529689154
-2.105100806160283
0.2768751395483412
0.16134200092889708
