-1.1829466237063258
0.8154530069076764
0.451145723743277
-0.7212860542612751
1.5185744158760355
-0.1097704011759826
-1.274038532396536
0.8744855136978118
-0.5534809426586734
-0.9890765213960322
0.004185927776858979
-0.8676351601136674
-1.0622649946585714
-0.8371405528446969
-0.5650859402444202
-1.739126611229363
-0.9747427030844941
0.1736118649213053
-1.3171898736702101
-0.17491441701135407
0.7685218632546216
-0.8161522832317762
0.5166474137401292
1.3375703719190795
-0.5531530701953709
-0.6851735808782092
1.4542950428687451
-0.7722316241346532
-0.9420403121163013
0.35916728244770635
-1.3436887359147864
0.009293651908959323
-0.19190603920376986
-2.2041390582756257
-0.11820934497660295
0.2129185267900191
-1.8530693377684382
-0.5075339135880461
-0.6311815884292215
-1.3314101104693892
-0.8357295322197018
-1.4131586140243164
-1.9008462515553062
0.08605357997939107
-1.473245210030328
-2.2737514025329593
-0.8709422278541988
-1.5765017217314863
-1.718308282886467
-1.4278630230366158
-0.9318657714605231
-1.1391358922340673
-1.7317321273570072
-1.6707161765140348
-0.8423652209236744
-1.0726629606556606
-2.3122975768125813
-0.42765807883320717
-1.1172319866977887
-1.3925834317670276
-0.12383153147334323
-0.23498683943391613
-0.9218476000227853
-0.43670904751887124
-0.20875455243704166
-1.7776528473101028
-1.3307776942727965
-0.10177240610273368
-2.3589936173251993
-1.03940307777942
0.7346537897015402
-1.7179474646802608
-0.40026305060759215
1.1070917763672898
-1.004829013012291
0.4093336043302144
0.5964312287603137
-0.9083237230858094
0.2869644940397914
0.004470805836164168
0.013606701575459922
-0.17848011254967655
0.7445564512948729
0.6314776174667687
-0.4319796838675509
0.4151879313768499
-0.31178409956844144
0.37150476536984245
1.2711719041858605
-0.175567700635331
1.23133700413892
0.7479402523345314
0.06927646476279001
1.2061135975387598
1.6055369224937284
0.1885035682808715
0.4028335874960703
2.2099535956712906
0.10962282975410596
-0.09947971968503587
1.7767974583906494
0.8260464185922267
0.8132531122973515
2.052243609643082
1.0146303755153037
0.6070867971902263
1.3891305818691222
1.7402024036993753
-0.3998759374550238
1.320701108737096
1.6724247852270995
0.10516970101681909
0.537353509419569
1.442957783819192
-0.1605762733811756
-0.07102877402578424
0.6267423046019395
0.04011185550026609
-0.8845472581843056
0.009421055885338802
0.8900013877483446
-1.1177223095891506
-0.5528072635962887
1.2608039782366534
-0.24221777634511174
-0.6348977987349097
1.3999901681097824
-0.531687682559068
0.20777960708066726
1.5504607626652236
-0.9469698016356374
1.0743079785661134
2.385548905248848
-0.8547608847999205
1.4515607507485184
2.3245324687769733
-0.7168657787085706
0.5196574986387628
2.0002566679132974
-0.1318635333392071
1.0924286560722727
1.2384231979083806
0.6231118425470727
1.6813011759087608
0.653345225768045
1.1389587196156545
0.7854147555132406
1.7790992674061843
1.0375737472725568
0.6972404935320734
2.019106217939168
0.17530292815859866
0.11961684554746974
2.144859679911445
-0.562909134120133
-0.5299676874665304
1.8517143018826032
-1.4853950787695278
-0.14454569674496331
0.9296903493533484
-1.5528837224128431
0.3673064878861168
-0.02426063419111655
-1.5232277421375866
0.6582885278444883
0.4913053978961122
-0.6665363277419305
0.7320399259875062
0.9360403285534797
0.07460879785219428
0.6237213549728612
0.7585884988195501
-0.2574241867517946
1.6157860429248743
