1.6558385569656957
-1.4231503056005395
0.5043236047517163
0.7874801179379977
-1.4958873709337612
0.09716046337651885
1.630594307731054
-1.5855797855759806
-0.4687730099099741
1.3420889334398276
-0.754700498760528
-0.07705220069124696
1.3569494565437807
0.030446726619774614
0.49501330011019795
1.7939805135811129
0.9269729274875738
0.445477049992326
1.0500760324414213
1.535942573285322
-0.04323573542110536
1.128037048420847
0.5607698119975512
-0.5029623784591515
1.2175855112498961
1.4260728564413
-1.0281175113918948
1.9885034174624936
1.4209673270241776
-0.467223336872334
1.8236637825384423
0.7739319241912717
-1.188069622318284
1.4810305496321365
1.3267019173101393
-1.9540861128081075
0.7903282604681167
2.0366210248500063
-1.7771368975711377
0.3203033467667253
2.071769020393782
-0.8938786634877219
0.32845470242909675
1.2210142873376022
-1.558228804193093
0.3907433659779012
0.31791213315649725
-2.1794122406153265
0.978758027983598
0.3666868784411886
-1.281495156095337
0.33415083913072613
1.0257738286148694
-0.549466991589391
-0.041282265109081034
1.1743575416020935
0.3378859264475705
-0.8024044243802364
1.778174320896627
0.11265511279176199
-0.6382227746370368
2.1574401567076817
-0.7923006972410095
-0.2232608240523699
2.020068174183276
-1.6911657097942003
-1.198175737986812
1.838818630049397
-1.5224189592953559
-1.4227822998130861
1.4901790997371027
-0.5777674928211233
-1.5981249001190705
1.2776083760489543
0.4063089854909714
-2.4086666816797955
0.6700138686237131
0.5902902350851851
-1.504944074677456
0.36529637581222674
0.8301440018168208
-1.5762582853102394
-0.5610138493388653
1.0450946534981873
-2.234555126889011
-0.2934667293592875
0.2426090028021087
-2.0018934781769455
-0.19538515100224021
-0.8402688593315895
-0.9913136477783479
-0.29869745345428245
-1.3398783087613804
-0.4589208113528036
0.5239291796635273
-1.717294896047712
-0.6809299229939746
1.2305136018445697
-0.9869172496740953
-0.9986609986645001
0.8812486123890272
-0.3083022167344155
-1.9587915104125249
0.7546438429950842
-0.2890735585510319
-1.4068061065753825
0.671211620944569
-1.0144346575737269
-0.42439542661773094
0.25459030587855225
-0.7112303371284937
0.30355551451077895
0.32066855726539295
0.04427922739779109
0.31462115540671937
-0.6514067437674207
0.07532051818002111
0.29501121484354553
-1.1857088378306713
-0.9003693723109581
0.0976697293457964
-0.3196824090564715
-1.421178730194518
-0.5802776184085784
-1.1045868499658218
-1.3984134482804238
-1.4343585060619382
-0.9152301363010108
-0.8051133691374426
-1.253915054110932
-0.16125985067692522
-0.10615195407423379
-1.6328559291349403
-1.0694741720398369
0.17663938336704038
-1.4752211822204808
-1.9077861147637933
-0.37014202351175907
-0.5282690619429701
-1.6913624106865297
-0.5610593714471727
-0.658289084266427
-0.7003953730538753
-0.5265600285043861
-0.6747061474571742
-0.647812493918245
0.35377341887623454
-0.5722434271466602
0.16256029261473534
0.6298029452302164
-0.8112548325085531
-0.01711214493693648
1.4426240143244036
-1.3321666745297716
-0.6144369711008258
2.0054704995765142
-0.7307018047359101
-0.9869973573478515
1.328301063293323
-0.6167924907547861
-2.0338779909105664
1.3246546452469348
-0.8649135298866966
-1.737839123776083
0.35253097839446296
-1.5067637218892271
-1.573714109427125
1.0896839197484978
-1.1250592714709433
-1.5798960753683091
2.0302620247493217
-0.40213131583153394
-0.8987137544318161
2.249277502534401
0.37749762795617137
-1.0633922113648013
1.6262255862155883
0.8247718698721641
-0.771606085795485
0.724945595501769
0.8888625564665866
0.04539881054865071
1.2237700214331924
0.1556255521594719
-0.10361649706592548
1.9893300440301687
1.2345939518317866
-0.12425135353389516
2.0501945405073307
1.798470308192105
-0.49310901559042164
1.2460006067592135
1.2449048442415998
-1.4652003345510864
1.4704394015315512
0.4319500647510979
-2.021164384214958
1.37633493520504
0.1461972378631223
-1.3265615173457885
0.7343721820869201
-0.11695507817694167
-0.46866933037011055
0.9047380738347691
-0.03702312143765067
0.6612483134747934
1.192965186009807
0.801950377709832
0.8294606752746235
0.7420459309880025
1.6140453593650264
0.4724822325056564
1.2851650394888416
2.3055544309279425
0.1256029950956666
0.6496951321842277
2.230122366061631
0.43018560840573966
-0.32898602568239477
1.664922550259364
-0.13437477183736735
-0.9377171206586083
0.7570338172868576
-0.2568980260658808
-0.7246948058845125
1.038359849446005
-0.5432668385913753
-1.5852268987942315
