0.07695116052413743
-1.230507435200618
2.0035161233440504
-0.8383625700208557
-0.7890138395224873
1.492306274080418
-1.1285344204750956
-0.26468041789300245
0.7233799539872274
-1.085156430174185
-0.5653297720872662
-0.170316661189391
-0.5536593408833234
-1.4634101903229793
-0.28040437100323834
-0.3313974438555361
-1.9941227738929568
0.5413190979592033
-1.2597944406963868
-2.097377193502555
0.7931594105291621
-1.5584726133370022
-1.3764668132862603
1.3767830610757714
-2.468632487221688
-0.7787485054922174
1.24491325736003
-1.686915802097608
-0.45321831200210516
1.8060239457246272
-2.1183147068398953
0.417508094031479
1.914987164764826
-2.9141230306375676
0.17048217264254048
1.1834201831787525
-2.7172219069265324
0.2147084583753297
0.13611552619364586
-2.5226452077277353
-0.7044733341374211
-0.3486188247525905
-2.5596066883057413
-0.5676719142120832
-1.4220936494934873
-2.259079306301184
0.26466511836336404
-0.7676643150573054
-1.8608161263704397
0.5565827756369632
0.10153654532135081
-1.3341377428197876
0.1954417532671255
-0.7216336383969301
-1.5681112674495932
-0.6301270643884133
-0.8716496456481817
-1.5841102078606624
-1.4049694205496475
-0.244621675791252
-0.9907091104834848
-1.1638546351867194
0.681721009865484
-1.8767263073371445
-0.7577104151895725
0.42208249059573455
-1.9529490292725717
0.11107510830733888
0.9339607809856681
-2.488297062703568
0.9087153307505236
0.7052450120029631
-2.4216869703428716
1.0775478857650587
-0.3605431178388744
-1.7358912502960655
0.9483054730016985
-1.2041567022905946
-0.8579342895478116
1.0727358868452723
-1.7566663049764288
0.05031542556639926
1.3947853757817938
-1.5812173655087052
-0.7533214111259872
1.6426248340778415
-1.1990066332272402
-0.36604396802777106
0.8886730180892288
-1.0041387435690667
-0.8563702193125596
0.06618277865630251
-1.7215856929184534
0.020267411324224008
-0.40072785786675874
-1.673921234846473
0.26873050036814783
0.3697146842696657
-1.2621184820982772
0.031688670824943185
0.6370555754855759
-0.252322749086841
0.7180635840952123
0.8436576884160027
0.6288520464029597
1.1367917226124054
0.2546302275568747
1.441898156771691
1.6507436422690915
0.5345692004133699
0.6579005225774409
1.582891561003281
1.5477101000209443
0.30625608424165307
0.6637952201913317
1.5019375870007456
-0.07102658799910708
-0.18712992060870579
1.4702062545797299
-0.18550541809556725
-0.0785907563393413
2.492381701634946
-0.644795062382134
-1.1057216104034158
2.752941523571895
-1.1583691061934873
-1.6899582964111641
1.9154065494227794
-0.9422520786224423
-1.184603524220372
1.2874656777615314
-0.4223622548433229
-1.1502922605903052
2.228465520439247
-0.1235163284575471
-0.3349848486954167
2.3819263096076755
0.3898663682346264
0.08343153564629631
1.6006003421859494
0.6835451971029365
-0.8330829981759302
1.5219696822752207
0.4848970280016806
-1.7395759686881593
1.6175938303804682
0.23638913163067002
-1.517631291853798
0.9427929432062421
1.0082929115879748
-1.36209465803062
1.0578159006706465
1.9037344408331218
-0.8773844466039853
0.5352556696952729
1.6364793139326534
0.040607743656932725
-0.07577758240400673
1.9836009931340763
0.024430215838808837
-0.19789380024990758
2.9579747028894956
-0.7234047577043223
-0.7000248030350523
2.586095059056564
-1.2319461702463865
0.12477808556527582
2.3684132536453544
-1.1531827411483944
0.9804619496987003
2.970062332713146
-0.7700539360194536
1.7783343253948714
2.395445481444564
-0.5179159797893326
1.3571963094671702
1.5370687991344578
-0.2800500287422665
0.7447829259138571
2.232854287458018
0.518360066886107
0.38850945954262334
2.415818369942583
0.740368762058118
-0.551340116942353
2.4341019623250473
1.5758369005425894
0.022412009600297815
2.3027579786579295
1.4360238596316035
1.0912860017522465
2.450559323952281
1.963964855260082
1.7407052227746025
1.9544760631641822
1.7980570000128062
2.2331325713388575
1.083837998335262
2.3548064918404803
1.4289123219002775
0.9947799221739908
2.4802681373490993
1.2091982270448531
0.06313638334289791
2.7264335071316865
0.25774825459840595
-0.21268958024554788
2.663192553616329
0.5469452159774079
0.7593580118417652
2.8582378455686204
-0.371958430472708
0.6094803918130812
2.3375051574551966
-1.1073518183802156
1.0029661530899665
2.0634382355938627
-0.12240553396700501
1.257832754025888
1.9820890422279784
0.7051104087494475
1.7489450601046332
1.2291681291743028
1.3755693666138609
1.2971439569080065
0.8880638172552024
2.107212703625161
0.7520212009092551
0.4584693585980888
1.7731682606701085
1.6312066252854733
0.24360260874952325
0.7769208289634599
1.6201470451558069
-0.05901095061861173
-0.21564045519499914
1.0961857304296743
-0.11183451857636866
-0.49481013370327104
0.15207296271005052
-0.05849056973935042
-1.0881315703695602
0.997658988492573
-0.6462277040230531
-1.7199891780670284
1.4770830418430916
0.34447752407932125
-1.9558916084262632
1.33208799268581
1.1352969314000176
-1.478837544359477
1.0605554470076934
0.736437494674186
-0.6101079989028493
1.3364105695318576
1.458300327937737
-0.5892546843238166
0.642348691711386
2.3631704926895654
-0.9060749655174438
0.01731045906685778
2.2353645478365367
-1.6606249533998851
-0.5874263397023327
1.3251734727881135
-1.6463186095041127
-0.5773061903193113
0.7634329297488426
-1.9558196234985723
0.2228487264522538
0.3655536829962519
-2.2729792348090534
-0.62903558753564
-0.032316213516352686
-2.1727190827882867
-1.591097985027797
0.622707242233173
-1.4691405248166884
-1.4224559303949997
0.24753240896687595
-1.2431392694043548
-2.228796640982987
-0.7432488595343505
-1.512316744480078
-1.9395122593771414
-1.7208450416910686
-1.1601954252030466
-1.789119450463739
-2.246134758867102
-1.4942417074178096
-0.9631041493049549
-1.2946006151155778
-1.7742164256842528
-1.1318598437577816
-0.8138275442970972
-0.9534745660865642
-1.079473545647901
-0.2537644091081339
-0.21941923648273146
-0.7708669121334668
-0.7290835176703484
0.29327721643344995
0.09577930935293641
-0.18302368835119717
0.708438712187241
0.6934011391745735
0.6270758709019931
-0.1485597572261642
0.7303952455552196
0.6782262604432732
-0.9272510206052391
0.1967591243793643
0.09348467475363245
-0.9588473534504734
-0.6011274792382769
0.8602952837243112
-0.6245728367561209
-1.227979005362696
1.4167223757983631
0.04124296590406489
-0.9844025843515545
1.096166584433033
1.107532064926075
-1.099243888113309
1.9274009055056085
0.7745821258231856
-0.7259336974091474
1.777089964719472
0.12641615981194781
-0.11047672501712749
1.1141025820869936
0.7022279131933964
-0.1636019321187555
0.6442297496041974
-0.3441183011281631
-0.5099764761748931
1.3144040075926953
-0.8225629080872487
-0.516235744762493
1.683118832935545
-1.6889329479094697
0.22749142268189987
1.4222398025806018
-2.491292079089131
-0.21222120717915857
1.1899327109462239
-2.439279916098482
-1.2742200971589643
0.813618897450785
-2.0305110300446856
-2.126399625835718
1.246398430103358
-1.212080673784047
-2.09525781532565
1.7709164123942496
-1.1335507746234976
-1.2979446080125656
2.262212200332349
-0.3744159417913247
-0.9229572668997761
1.8414094477093153
-0.27127376663321334
-1.7988857356106918
1.527158184435352
-0.3643654266908876
-2.826673325510745
0.6641834544688386
-0.14749087572438355
-2.232178849767895
-0.014010653455814072
0.3316472103278666
-2.0705300126856594
-0.24969087448462765
-0.3472619867943023
-2.6322038430503607
-1.208790390623832
-0.23737684970993195
-2.5583775284847055
-1.6882232182338142
0.4969562736085342
-2.1178056614712966
-0.8416015064042137
0.6437169584393542
-2.8172215564767695
0.16212541829970992
1.2717716112340294
-2.660261300146276
0.8419135199691844
0.7396050061410061
-2.1461338037706184
0.4525773879311733
0.3176118216173646
-2.974869816262814
0.5903058496906197
-0.6952915522546923
-3.110683354483428
