0.4210115417390716
0.2564172842858441
-1.2035566622542206
0.37119505936704333
-0.586785176370667
-0.6866760798532563
-0.4737480088308725
-0.13214977974181025
-0.9640761504871334
0.08008499956034032
0.33672386964485046
-0.2718545365096148
0.5497948402231094
-0.396175905491326
0.27443323466091707
1.0283364407622109
0.12472490449553009
-0.41725102017794485
0.7178692283706322
0.5697237282567112
0.44184000447295213
-0.1379965449509372
0.12431983088518662
0.7435061477463113
-0.40226266873078714
-0.5043952670691053
-0.01826355394890891
-0.1251875501513617
-0.8616355365195573
0.8562234553491795
-0.9986220221081241
-0.37324521932989474
0.7621747801238378
-0.8674071070495916
0.3809046443322151
0.1078604841276437
-0.16306820820073462
1.0615726226220188
0.3756398967502314
