-1.366054134116729
-1.9747002954470838
0.7666106375751102
-0.6462186985671211
-1.4137254237498995
0.6776155084712531
-1.3011794610838199
-0.3286445765641656
1.0949394614124706
-2.125997248053998
0.19927202595824156
0.802505512190349
-2.184564228373109
0.06759655166804042
-0.08386648009650963
-2.038707550686748
-0.6944931333015658
0.49810209843417375
-1.6790240698279695
-1.1815694834438637
1.3146681741871424
-0.980893284067836
-0.7836177038457429
1.8456027437032252
-1.3773770080846066
0.33018698782610095
1.9019758111082403
-0.5445558771982595
-0.07497810419710416
2.5841821611092963
-1.1462754912044468
0.769910535121869
2.81686398512468
-1.2129341263294962
1.306949859057016
1.925968189529605
-0.940755968038103
2.0884387260497483
1.3344516687102232
-0.17594995697721655
2.408530539100033
1.8427468650304883
0.8037557917855911
2.375522140199778
1.6806544060837958
0.4119905796173687
2.740256239249114
0.9058657579440674
-0.4962374444694405
2.519703152623909
0.5442692728533467
-0.9463504491140212
1.5721205291104565
0.4522403436443126
-1.5578934203437333
0.740160565279443
0.1157466900409709
-1.3828318417903955
0.8116242165152527
1.1029798005463893
-0.5428647488202785
0.5865937142706813
0.5217232577391421
0.17590787814590425
0.457673435577311
0.9204471649761821
-0.2834611957419855
-0.2966712027604241
0.6212123695685856
-1.3177229944567723
-0.21565139694549648
-0.08410786750034284
-0.7382162631952824
0.17919815561716507
-0.6741301748931505
-0.7902942266936561
1.2408920551434224
-0.4127230867014103
-1.7244465481768905
1.6618982367328259
-0.17148985500946032
-1.602394045836247
2.369372396014883
0.6368841920937094
-1.4769365307101994
2.615407729415969
-0.33611053229135024
-0.5662164904929698
3.0818076836527126
-0.2895885824475693
-0.5921016285658041
2.086211378265358
-0.2642748201765747
0.27742297647350483
2.354050077804884
0.2070163513454388
0.19160288289926433
1.9030242025680153
1.012124568001105
0.3121923370184833
1.5017160693933906
1.961871506060732
-0.32912739690274556
0.868076198545799
2.129602581984248
0.59133600077517
0.6974528634145747
2.442169872299112
1.529521712780415
0.7663009876474849
2.070606684202461
1.6358123155508333
0.4113125129737535
1.1616543994429582
2.393003665662515
0.28911316565205314
1.8461847003442684
2.3789561614665264
-0.4462510916944771
2.509660818850813
2.6988761787051008
-1.0860199572447486
1.7850027459279543
1.775861643709562
-1.4643611971800568
1.9962340487482721
1.3858701521729149
-0.7074049423338844
2.5023447433057737
0.4548038048685069
-0.24968734114174929
2.738188645302238
0.49831371341346237
-1.2221551782506799
2.4646006657623727
0.07021946308314764
-0.5169807954341017
1.9073219348200592
-0.43435859888203504
0.1872799501981362
1.3857511523703658
-0.514577843892915
1.0405072746487336
1.2273236033615516
-0.1962197211139119
1.3334112011207
0.05448765124449267
0.43255173823286336
1.7135673666192017
-0.8059965402912187
0.10422976661338419
2.6226355303874698
-0.9684234957693799
-0.32866190558776703
1.7791873594430223
-1.2636998203902303
-0.09873181535200955
0.9389854464169519
-1.1029804666139504
0.9298759567066814
0.9308003819410597
-0.6270273490737464
1.542782255674931
0.5514620331913701
-0.03650865251937536
1.7107545133150182
-0.3778306116159348
-0.12637305554346354
1.1978577817248512
-1.2538680070507653
0.02072695155783401
1.8579549372557138
-1.7800982380426458
-0.49597623859672235
1.8847034542314558
-0.9222207828193266
-0.9802342711349027
2.5087180100535345
-1.119014662945841
-0.16117611345504834
2.4270124685718857
-0.8211612935934695
0.8572309557951054
1.9748150241363305
-0.6103355454197084
1.7628497528763454
0.9888097241226222
-0.024758985187738208
1.9495645443209202
0.5161149582949247
-0.4269529597921385
1.0636880843535386
1.0209819455465357
-1.0526908218513797
1.7005119611085955
0.9039117361347387
-1.9534340824172538
1.8607394542287246
0.511577319533957
-2.3970476495136106
0.9398375395238643
0.2183035966344434
-1.495705714456366
0.2092152760649106
0.17303492766121117
-2.562019520337084
0.06483540138730583
-1.0305402864871356
-2.753932182606852
0.18910094885632303
-1.5775828019018194
-2.84154183267917
-0.5619049456539567
-0.8782898576622405
-2.4332799737805217
-0.9753455832933643
-0.1146006196649771
-2.0495644815143885
-1.7958873386863716
0.7796434346788906
-2.5812260001616965
-1.6131798594331324
1.40691088578677
-2.670430068854607
-0.8232804521623389
1.7542071934084318
-2.570350494850132
0.1773173373335857
1.8606381264278438
-1.5602633323083201
0.49917667963618345
1.4609936256222504
-0.7230856436545848
0.6946896233997748
1.0673076051556796
-1.4912002873580743
0.9732983839901195
-0.01375734483647464
-1.3470218407046652
1.3398676041532713
-0.7989520691721124
-1.6549031380093062
1.5459583827211678
-0.06599062363995807
-2.239637601179935
1.738815652493135
-0.420849542252205
-2.224887343956056
0.9380672153020571
-0.5755627563676846
-1.6006729279650254
-0.2662266722234687
0.2973719618780671
-2.21026944910155
-0.8494352797000224
1.137394535796706
-1.8452658082749536
-1.1750034221918837
0.850711088093214
-2.01793163795243
-0.20613518909372483
0.28826489863493093
-1.4318750751027784
-0.7387054207846
-0.003116020559103416
-1.1489854633853094
-1.381917486122588
-0.680729197722107
-0.3360116817312496
-1.264481570292059
-0.3921375167306748
0.2004077263896019
-1.6813763166465958
-0.5963329549735256
0.14235489426568082
-2.716390390408241
-1.284911246897299
-0.6432166282634507
-2.735700551625433
-1.5723304463656347
-1.1898548375529614
-1.9675809475969364
-1.6667849333534788
-0.8501217615684942
-0.8012102742577712
-2.548611877120539
-0.7357416735936171
-0.8105805366619178
-2.124856704593172
-0.6237413023737431
-1.5863117597086593
-2.00982675263724
0.609298402697078
-1.8500316554532192
-1.254216782796881
0.827237733554965
-2.411430373468719
-0.9749722628429145
0.8489872159237776
-1.4930580255630017
-1.0663989882688427
-0.06669027776539144
-2.0777863114343917
-0.5041511730489556
-0.6443530404074881
-2.2888082657608675
-0.827621824091026
-1.4833081778221966
-2.6255991744421827
-1.0771030861568047
-2.1126445966293166
-1.853402167428798
-1.461474201424909
-2.8909024927732396
-1.5241920870548937
-1.6141151274321495
-2.0778021588325988
-1.141210125695383
-0.8408404369165902
-1.590057323643275
-0.9393002537587384
-1.2955759808039262
-1.267646126425313
-0.09379230593828793
-2.2607510039822913
-1.5585212611740995
-0.3920139549455345
-2.4646561229350454
-1.365080365099298
-1.5421459126608812
-3.003389715889702
-0.522178724936442
-1.6004097936685622
-2.6122650707979993
0.22774050335753365
-1.0869522516479406
-1.5647654484732971
-0.012778558449672524
-0.9198485315294119
-1.890234740891326
1.0201962208833548
-0.7832238259752496
-1.4644736907691287
1.856692999283028
-1.005991667420398
-1.1202654574781756
1.6811811600625792
-1.969332420558851
-0.2674616757260705
1.2134803989732321
-1.9381272986648332
0.3692026312860188
2.069316264942831
-1.7260122972712817
1.0822348484061826
2.3463722345006692
-1.053504304036384
1.3143462430441157
1.8496323079631436
-0.20050666328190972
1.1709474200257346
2.7259670226280295
0.14171323013817133
0.40357337455899966
3.1856713105861707
-0.2437697061068445
0.9354314106928842
3.637102069109855
0.5035547123660497
1.3937684744868601
2.9278090961642094
1.1023939008338084
1.062541762696581
2.1254529169225473
0.8086164429217284
1.0205156932687551
1.1662070331192875
1.3322476643518386
1.762176883020973
1.2994786273951673
0.5897445359352268
2.2307707577380422
1.4464903443325154
-0.33425877092460343
1.6112167273417026
1.4669235856617857
-1.108860425994627
2.465004420616696
0.9154927805567677
-1.133652334459021
2.5010611663464406
0.07754663252118328
-1.7946924187606539
1.4952220425766898
-0.399217814970977
-1.7790885198412287
1.5912241737159623
0.7166584780248254
-1.797183448753886
0.7631720142910483
1.2214859553229798
-1.579473442721662
0.8023077670510744
0.2910819937825917
-1.484280212659801
0.5664195319954455
-0.4542325064153941
-1.9780379027446606
0.9216936999642705
-0.6964979628564979
-1.0195760147237463
0.04925518083767293
-0.33731591056663196
-0.9247700474298541
-0.3801199638674922
-0.8787816097884894
-0.2989068377370294
0.3314881403949464
-0.48577362682014064
0.14442105921221984
0.8827758711070152
0.13497538701287212
0.36691214938059724
0.7782574542100908
1.1756306745769711
0.4371781153186223
0.2042888820892352
0.46201583646813743
-0.07645584952238421
1.022859209933062
0.040692299109590976
-0.46502843263441607
1.81611201053027
0.06505612193058226
-0.8926208732886912
