-0.6913196275163426
0.6207516854645296
1.3253119172219703
-1.9478712268505092
0.8449852951167647
1.4667574284321854
-2.290815484759985
0.33875822601271166
0.48649073094551776
-1.7033765983941802
0.4403736461312192
-0.4011703661646231
-2.2464973781271493
1.1819212714906682
-0.0292282961922434
-1.4725570531017507
1.7881798033828422
0.18579622014582456
-1.687410229344643
1.6875644692631864
1.1243357887855832
-0.9403403290587569
1.3993087590131508
1.8166721816249956
-0.028554044240708322
1.2041123163265963
1.3836538357489707
0.7690496596135009
1.9038206299312272
1.182686032077102
1.6360618506628624
1.4955347535682857
0.8840196988723722
0.9318975448975761
1.1793763756138373
0.628058656284329
0.869031164343221
0.356732344473472
-0.01047865594903406
0.6761040835339918
0.07086979262064094
0.7931597348285625
0.40045066241349225
-0.03496644142050505
1.8018216944979262
1.215330176395444
-0.24093288026022217
1.4044764691082816
1.7961631913799838
-1.0820086974486898
1.6792639412985297
0.7957074975318827
-1.0291781248200595
1.878002369946321
1.2016745021170554
-1.032471401083975
0.9001243826847816
0.42878553862535634
-1.4192133647639056
0.33238236428466256
1.142425711528816
-1.5731161666024218
-0.27391280157176195
1.940072121644166
-0.9256391626668738
-0.17666337134022075
2.5548969865320577
-0.021800428752798844
0.17060962527327864
1.7205898001382107
0.9709264902402902
0.14031737581624484
0.9399987130451649
1.1918014991053338
-0.3809902914294883
1.059131695770962
1.992101056897268
0.23426750804244378
1.7865926492856186
1.6781615749111374
-0.4305872995708512
1.6267108173580935
0.8491402459720943
-0.9912287544161557
0.830866886098256
0.3225155835297664
-0.9665505397612065
0.00021498046222948953
0.35819072368595256
-0.36091057657077097
-0.031201000292320837
-0.31432452825206336
-1.2055151490474392
0.15483965777318665
-1.0037195928386513
-0.41758985713418373
0.9886568327243902
-0.6985917616463334
-0.015190005209485354
1.493743802605855
-0.21044252967979377
0.5401690613823305
1.595203839800846
-0.06388119738955886
-0.6275149010570243
1.5245316393767885
-0.023104745438031645
-1.4886357946873294
0.7506541772644699
-0.5906990541727734
-1.881865518795361
0.7312796297505318
-1.4886294650068466
-1.2809268773318307
1.0201615574282485
-0.6047972440045094
-0.9067058520915142
1.7275467899084118
-1.316200467991341
-1.0784736173758804
1.298025637776777
-2.2687704893374567
-1.0638585083961738
0.3799948272551007
-2.1329482585982498
-0.6158885759256079
-0.3927718405902825
-1.746600253570067
-0.0526419517137026
-1.3300987031233982
-2.0803689470059195
-0.2799520042774031
-1.8623152917041186
-1.5253789125617077
-0.9318597058093051
-1.8099369021780616
-0.4948849866039921
-0.6763617295931064
-0.6942841317483087
-0.21916371101340545
-0.5448711570968399
-0.9046437390967261
-0.6357927654747069
-1.540209417958325
-0.9242768423309188
-1.2864140099456223
-0.598667888083965
-0.25612944704168655
-1.2980096820744134
-1.368315122359462
-0.22317026512088328
-0.6492118983761931
-2.098995334584241
-0.5937942828206649
0.20772992342717145
-1.7755943972767971
-0.8138635563788683
0.628304110436338
-0.9812120807218477
-0.07452734960003118
1.3857180001197253
-0.7223385291625224
-0.6171893985010775
2.0599646416290938
-0.31813505698901334
-0.819609425891367
1.1730108795383871
0.0698249123972289
-0.2975195125766359
0.6882027364375529
0.5552941865061206
0.07249030018380989
1.589622854166101
0.2355607345702458
-0.655898009775357
1.4476852024695275
0.7470133716017012
-1.5358918405628046
0.8876421832825727
0.5332479961061358
-1.6489036933500831
-0.09229612679788694
1.1812567569944252
-0.5855714683753501
-0.3376383461274141
1.010994076785451
0.24032372474223818
-0.6786398865218349
1.1966760892066726
-0.010508442975949528
-0.27737655441546
0.16028897461419
-0.7506138948495268
-0.8041899346679378
0.1801624181267425
-0.7089954109102445
0.3180633239763001
0.08472510478997046
-1.5670978089673064
-0.3035929098919192
0.18965565931584225
-1.7159740571965005
-1.2009878968618757
-0.01622533379233409
-2.465680362615487
-0.5550875741484173
0.006188021120050763
