0.20318425549877658
-0.12499772717522487
-1.0192623116699278
0.14019039488349475
0.8702729498861587
-0.9479847211325482
-0.8232232445688648
0.9194059731698548
-0.6681650812053985
-0.5340965161578097
0.3904700327468246
-1.47931709346928
-0.7590611915421042
-0.31002889920639076
-0.8176681270430923
-0.06596407116027236
-0.9492308230512351
-0.5028903336480953
0.4928537617950297
-1.7343628632888757
-0.2297619450354441
0.7723760672982021
-1.2567434423672734
0.5990738947040861
-0.19539389638581128
-1.3676337157583687
0.3941440071292751
0.29308577881209463
-0.5501346522272764
0.3117087048843806
0.8945897652976785
-0.8152884795964221
-0.2721212861880786
1.158722358407126
-0.33854863329722906
0.5396846034998115
1.4035885447496832
0.628588133364379
0.3853988059361766
0.7633093313666202
0.1539075102435121
-0.2160435280760621
-0.21522240909944937
0.3406903823091318
-0.2904752167215499
0.39681184835177824
1.0559753409447987
-0.007185251713061771
-0.543922050806998
1.049290615752781
0.28736135620619596
-1.1819425697430077
0.8040211670643557
0.9722436520672796
-0.2052247941281348
0.9664745198327281
1.2188686433477582
0.5014889900273273
0.3898030506021611
0.7283166893366447
-0.5122881572935595
0.1741704938583704
0.813396781460405
-0.8170771363441017
-0.6266578513141562
0.12675190047062218
-1.1667850592576738
0.33055691750736044
0.07392585686000559
