0.7012991260185855
-0.9575566561816228
-0.997126831556492
0.7303925875533646
0.03425497055213873
-1.1420724326923892
0.25000405117699226
0.23240902178418904
-0.36185574282651545
0.3412836774727947
0.028285699167710322
0.6496092850247885
-0.589380744672574
-0.20875996156578958
0.9640139394766166
0.18818167951441497
-0.27873412605378295
1.5713108180469193
-0.13718013528348427
0.6205441126039032
1.2637699741960837
-0.45269758375056857
0.52780987171339
0.3347535351242272
0.4532159252627344
0.9468176616107487
0.2386533632157953
0.6586319490976391
0.9640167198740788
-0.7590980507761984
-0.10427700610520341
0.5346648461403802
-1.224517063335928
-0.1567196325235035
-0.44687826348067666
-1.0116217226097939
-0.7971864751037252
0.2287972770684386
-0.5953392937575095
-1.2794172782137978
-0.03970984669937214
0.2546665788213141
-0.45041758430707374
-0.5223169057668827
0.04525010306469433
0.572069535641014
-0.7397543748572519
-0.037804340474357094
0.07219790822240023
-0.9238900459096231
0.8074078810587384
