-0.8935214593644608
0.6968289779420127
-0.12824702735631113
-0.007213809748553351
0.7811509056449207
0.3434049635522978
-0.05092634410867586
-0.12359883014069518
0.7452264986036498
-0.9622932041159622
-0.18155681460828227
0.35050787887444823
-0.28239609509591995
-0.9015632594979577
0.1639522335140552
0.6430274412279082
-0.8145087189106132
0.547928550782902
0.7122504556866456
0.10616659992659651
0.14561992026746315
-0.18883156236478763
0.005320547030777892
-0.2522079035116207
0.4990352331970519
-0.6951437159972618
-0.4310992770478461
0.5975024940692032
0.20600948664912513
-0.8434266006238428
-0.0666331493824409
0.9208948219613783
-0.6416592370551947
