1.4433617031252408
0.8836527973734289
0.6109528345032595
1.8324935509785203
0.12476910755581246
0.12110355889644629
1.2553923572471957
-0.06136941750474264
0.922591484275756
1.2508977179965162
-0.6999375880612179
0.12476130703561429
0.35408248900001144
-0.8992254528686008
-0.1767491585021296
-0.35603759676562663
-0.7282308887493315
0.4157492288019646
-0.15753371016805331
-1.6685751788634167
0.13845275597702492
0.10937446092478502
-1.5882602538790966
-0.8495353139112796
0.769941751784399
-1.7584373523158912
-0.12236533849469013
1.098793665023884
-1.0733385144115688
-0.7930047684553017
0.7040935362286588
-1.383906649688912
-1.617710887306707
1.1978783713911276
-0.5129732253563563
-1.6032799112027052
1.3725838286196224
0.4432623583419396
-1.3153258235935235
1.1589060990057558
0.008882532771191127
-0.5010642739418718
1.4329150169607876
0.8777597664041602
-0.3969847690798627
0.5554438921082734
0.886760812277182
-0.8817288088904197
0.054722330283889925
1.6645520882366982
-0.6527921742487882
-0.6048900815758448
1.0428593909145432
-1.0679137017703306
-0.3587005810862733
0.9064436516508313
-0.1331455673602502
-0.22679771329366716
0.3167442874753415
0.6990418411101427
-0.9994956114108685
0.5990085006245786
1.0363810856767788
-0.7166042973589086
-0.04977763347315392
-0.013646829969973663
-1.7092701129679289
-0.03847438140226801
-0.3680762337291534
-1.5941315208036162
0.8415579661967796
0.10612267201138961
-1.697206641969861
-0.19796595324248417
0.6531994072386725
-1.2776464653945745
-0.8440456806134949
0.015604321879304814
-1.4892481817041934
-0.7647058172468709
-0.9836766377281075
-0.884689545179185
0.08032726518996101
-0.9526695192595914
-0.619519267392382
-0.6918939727904406
-0.6556446069595373
0.29783412006836846
-0.5958815741444191
-1.203577390448947
-0.0681931996006603
0.296396374088242
-1.4555956540163797
-0.1180929642208276
0.08872593570079058
-0.4521933186725929
0.5061151801486985
-0.26826705095574005
0.3481324762739215
0.5586601961239416
-1.136323672990518
0.6398483544925607
0.3380867058574334
-0.31441878283977676
1.2748079458956867
-0.2532184841034659
-1.1439929436184735
1.3845596210649402
-0.7997395859751582
-0.3125400913957644
1.237523533409482
-0.2859996750000538
0.48705592597335373
1.620668435674914
0.6166352657325338
0.6933678750064234
1.1499035321089501
0.6265213013597297
0.8388281403896848
0.09373007826207196
0.018820041861643332
1.3987553467715022
0.7217229966278024
-0.9543214640829025
1.5582822447264928
0.44632854599185384
-1.6673624527371154
1.3068236913751348
1.0398859831509437
-0.7148544290395357
1.3877260173684867
1.3956086871825963
