0.934176943162187
-1.2971211338660487
0.07331034407561508
0.11818383768036325
-1.8863343040490406
0.3116816939376077
-0.6171585982121399
-1.4164743721769302
-0.15151604593182552
-0.5665439503447472
-1.351324473785542
0.8524694202468394
-0.9274003284357168
-0.6163361774096912
0.34788864572246475
-0.42253371587587146
-0.5201591038653569
-0.5949078835737434
-0.9159403177468081
0.2939972055824042
-0.7017433840003138
-0.2904399303044758
0.05516535345617334
0.0950016871869057
0.419931831936718
-0.26890153325883537
-0.46711661393225207
0.22623331574734606
-1.1906362766540806
-0.649120752893406
-0.07288008968809347
-0.7350867102748185
-1.4818495458551941
0.0010825206249958337
0.21081294555361338
-1.1669983244170055
-0.08588415080029878
0.9402868627700194
-0.4496250611465839
0.6839647250037388
1.3530383272252056
-0.10040820882595321
0.6609440637254496
0.9877547913749077
-1.052920567083656
1.237715429857248
0.5278867192616441
-0.3966689686752266
1.3377242643673524
-0.3885782911631922
0.1830964006698451
2.052180501330384
0.2928896599570109
0.11010119470163594
1.612314267084333
1.1718402620335069
0.26437821044359683
1.3439642758145667
0.38309412654485936
0.8061780586385372
0.8026286929931002
1.2178170758002385
0.8927694750187912
0.17659516596130445
0.520703816906227
1.2323669807748103
-0.33696557632653934
-0.38304747572989173
1.1033418663033265
-0.0034717809235708004
-0.7659435056505416
0.2377188593448256
0.6381809996202847
-0.29486257601214727
0.8772790973095634
0.46101215023712955
0.5061031924484174
0.3346203374735265
-0.10107404123690124
1.2011972501017398
0.5411856779899611
-0.7726181398088331
0.5145692044282751
0.9817675579366113
-1.0670004908713913
0.9413470356873348
0.06077922673675505
-1.703472433297687
0.8477379159655906
-0.6439676679041728
-1.7597176672932728
-0.08653256470963987
-0.9867806563291934
-1.465764984124733
-0.8551091098199375
-0.42936001526973966
-1.5979667898553853
0.09020586332851233
-0.03295103867290147
