-0.6141497574979214
-0.6936740141686066
-0.20633277405488532
-0.7539341607477911
-0.569375889486401
-1.1901654888215425
0.12159346669294045
-0.3584749531914825
-0.7562849757165345
-0.6476121781595592
0.2314285258134936
-0.6082522154308775
0.3068267056370338
0.5885653040034929
-0.6407454280116445
-0.35846071729991863
1.0415366125869951
0.02065781413524804
0.6707197575253016
0.7709850437668099
0.32528814689709673
0.8522152351432971
-0.1117370720254603
-0.13978951364040582
0.28706236168974275
-0.8462783632456091
0.25908763641930815
-0.27627354479603317
-0.4595351966411618
0.9873518357459508
-0.13945662522582591
0.5524083543278113
0.984254176169566
-0.08122461382800514
-0.043218466189807
0.14084349478869815
0.632694070866738
-0.10262988555007417
0.8240872915200175
