-0.5545007070885797
0.7251021889447499
0.4574429828448814
-1.2958388439692698
0.39311157201144653
-0.13669705410291488
-1.4972500298322644
0.8783016105306234
-1.0335388162259471
-1.5604184694891474
-0.14622403215139876
-0.9650892611997908
-0.8189474074899838
-0.47787136362764904
-0.3268594923898212
-0.950078727194846
-0.1711769483636183
0.6088634734721425
-0.3229338462019443
-0.9618783824325686
0.7020569412798892
0.5662421743245717
-1.4515576851071366
0.6818786496453998
-0.2676463448805636
-1.904572838042524
0.9803799860045603
0.15627555243809
-1.1927748958821391
1.5310412840767655
1.1397801569630461
-1.1403248791387206
1.413782001035514
1.3669842634896947
-0.8381309153749313
0.501125879518273
1.4284212417973188
-0.4669522863724556
-0.4582663845016598
1.0457783670716847
0.08003456796396513
0.1951568699627983
0.606078330106953
-0.857500028035849
-0.1014010724972265
0.5549799684585285
-0.5012201999580643
1.0150147195197297
-0.18271395076608907
0.1692364947215691
1.1429426115610228
0.3887958177808722
0.7540949595613453
0.5740997379119736
-0.1387771125360046
-0.03263882652847445
0.16768213410121244
0.17486603363905948
-0.19472241011792535
-0.7729534725410074
0.9614947553918106
0.40112848747855373
-0.7103066083375785
0.041525379846792124
0.6550095314624853
-0.35337114337466635
-0.7716098760121909
1.2147857440195617
-0.4432802143540902
-0.6103003126446188
0.3309442659002921
-0.931480063980226
0.1947374966814506
0.5913557794948289
-1.3595337101060236
-0.5986421903064728
1.1992901586344837
-1.4035566598218772
0.0709494597507229
1.6516889754991035
-0.7910301496943928
0.8727488206713382
1.2934613549104523
-0.18410316780693706
