1.0018491300996397
1.2447347635291799
-0.3587952589814888
0.7122354909764346
0.4390374622550136
0.32000212353311563
-0.3138054738740633
0.49425434855225037
0.14446618215950224
0.2589568440002411
1.3912545464435033
0.3443540006382349
-0.39509358657913923
1.0409550134258245
0.9471905295621891
-1.014486336864886
0.2875324109110047
0.7873114850457756
-0.5732470521040866
0.4197811775280008
1.708410322690631
0.05591343429797245
0.0952891838179337
0.8573651562042858
0.9257245403621535
-0.25125310568507103
0.9559932686439766
0.13946064499251337
-0.8930055180460561
0.9763548008228989
-0.7320268866302482
-0.5485438066557901
1.3569763368228995
-0.5864438870564982
-0.527876936569507
0.42137256945703966
0.20345085096838375
-0.22808478947694005
-0.00923200508149435
0.6472102452330973
0.3637100805202226
-0.6652936874040455
1.2171005386057547
-0.3333987306735051
-1.1094367755949108
1.2067097169846117
-0.25778493052275725
-0.11347026910455879
0.9220280054028321
-1.0939167149232432
0.3970763095027412
-0.017061692969294058
-1.2768293774797588
0.06357974846218968
0.7812218305664931
-1.0716669694329573
-0.5895046378450064
0.20105172437949934
-0.3857636704774102
-1.1550517666602231
-0.5563480739166425
-0.8482866875159109
-1.5564902291008915
-0.09419852701199112
-1.4612495969782129
-0.9321014272947242
-0.5993514135980184
-0.662199590904024
-0.5919282364268361
-0.44835990207978493
0.2931724040055034
-0.8687589176701112
0.04602146081897412
1.1784451605386135
-0.6486119787168608
-0.6839329552083486
1.5444399168563516
0.08928633690354303
-1.1599180299780099
0.9741542216670976
-0.6025124076705792
-1.1446606398175947
0.07309973529067106
-0.16855157289725023
