0.2681369549401026
1.5337455707802559
-0.04185400256898713
0.08075750098603704
0.521787525714834
0.18348422726736302
0.45667447981207027
1.1989686342677048
0.8525098841581278
-0.4879642741514356
1.2674358851631848
0.5634077692208908
-0.7667433437828094
0.4544868651762335
0.2964100975358227
-0.8376336296889438
0.8343344563075561
-0.5213279183668657
0.06092456377750301
1.0793250520282098
-0.9518751722432437
0.6780899519709298
0.6690784770267791
-0.3381748330200179
0.6968501104206526
0.14992002511030025
0.6662615181983187
-0.1310134970183913
0.5515489278663649
0.99791921055982
0.6904843701229689
0.3033532328718936
1.6362203642932773
1.204794129032332
-0.4773007125561091
1.2735721033877934
1.662546718981507
0.3378377582351979
1.6030055863190273
1.396873663258956
0.8336116444702033
0.7827429407259497
1.6860476740255457
0.4240426309042318
-0.09345082466269539
1.296327918753967
1.4001370170004952
-0.06748688677763122
1.0443645533690837
1.24374053566239
-1.043549241060986
0.5305415303489007
0.5921510635809342
-1.6404177794504045
0.3693335607466979
0.03432598332822825
-0.9832256465329322
1.3292410094663707
0.29223246987504553
-0.953213846002885
1.0718651435953448
-0.25865275987987923
-0.15546533908050914
1.005425584115872
-1.303542716571497
-0.5909061942004616
0.3325892356411747
-1.021471761855906
-1.3863280939444336
1.2155824358037788
-0.6326515219757304
-1.3023258400444802
1.8952106180817287
-0.4390309602392657
-0.5690233715148333
1.5765750778391143
-1.0294661711539912
0.17977856406489387
0.638629119872541
-0.9333241500934489
0.5432839955233341
-0.2653733704407109
-0.36826978358647056
0.41765678544838025
0.10109458252656453
-0.8742325408086433
-0.398546415317517
-0.5435502733356582
-0.7725964889807895
-1.160669063498773
-0.3646930693486682
0.34444015354667074
-1.4164960730787195
-0.4752966404096152
-0.15083795465316913
-0.3169172333954337
-0.6328512689492841
-1.0842365190276324
-0.03199795350380962
0.130234830476883
-1.7916389238983685
-0.3804864619647505
-0.016576068401655115
-1.6630871109663887
0.5906082129133134
-0.660228333779641
-1.032010650205225
1.001737350136385
0.20950579282778825
-0.5680391955876366
1.387795222655378
-0.30722047193251645
0.003985130945200296
2.0644020930760485
-0.8874085671958899
-0.0920834790886253
1.2207053325093415
-1.2107631242118173
-0.5593724662783184
0.36736120525599214
-1.7119487084470257
0.35061634939250547
0.9402188331928307
-1.4509375731503678
1.187811240688001
0.15227631476287204
-1.757460078404563
0.9693537869633952
-0.7859857884907673
-1.4165120031401237
0.11244464417403303
-1.0606420127892502
-1.81980871124391
0.1535878176901167
-0.28367239755596346
-2.1683148722651415
-0.6728265308402384
0.09211036265006461
-1.4360493611768188
-0.7207755719628866
-0.48774416765871653
-2.2803538703193107
-0.3988549085595226
-0.8516854171300882
