-1.4721977692125559
-1.198324387704225
1.5473129303104836
-0.48810237385496247
-1.076578543420172
1.1645937210383883
0.21404377696277924
-1.4777586858554852
1.741364622482289
0.3687998910997862
-0.6183468253582887
1.2402211209857512
1.003238707087901
-1.4971486128296647
1.072700335370114
1.0282197270420825
-1.3690879427271077
-0.04299970501018941
0.2564532095404648
-2.0582204418349934
-0.02437990397791218
-0.5462741232374637
-1.836553337395037
-0.5581336486245985
-0.6060089829275892
-1.783694135815391
0.4379250663618418
0.18054761652329737
-2.1033368949261497
0.9575265644123621
0.11772287350540274
-1.2195267931988856
0.44649925472695695
0.3685150014134894
-0.5213205796641586
-0.14620210361278724
-0.5531387359036385
-0.9924319565144428
-0.04347179700131475
-1.2515840358297248
-0.24620072025137066
-0.08838559726177668
-1.822561003301776
0.2094779401779693
0.5449773514562218
-2.1086938930282946
-0.6565891464171425
0.9733213839577877
-1.3053867601871316
-1.0811774827309573
0.4970681564366858
-1.1922350006905933
-0.2690203353509275
1.0974735753476563
-0.9693414770174216
0.6117064558341916
0.8781295966493436
-0.3247843273245859
-0.33416024402449085
0.5835395127233942
-0.3010622331299118
-0.065434430454092
1.525025921621225
0.6687553022453381
0.19949067972434026
1.5964707192822836
0.8492025666968932
-0.023855097690481927
0.6166635869843594
0.32626429428551657
0.48008206792588176
-0.05782802679097695
0.15312507171896006
0.5601431475627031
0.8920654049461373
0.6264388253584107
1.3264858025578872
0.44391115930018166
1.2340310706079087
1.1058499098924421
-0.326261960829587
1.0624479977639003
1.7046621415858072
-1.1683506799525438
0.11100517978498775
1.5693325850661792
-1.5706404546129147
-0.8584897835831052
1.204839438206229
-1.532698522199085
-1.2177966502554896
0.4981334597470918
-0.8218637962754839
-0.3318356120364825
0.6281816987942194
-0.9700822349290986
-0.736884488172674
1.3400561019613055
-0.4717369761350673
-0.329897477781258
2.173308500162705
-0.19650518933349415
0.6421653187473655
2.1965969354036963
-0.019767941289765
0.31355434633494556
2.289212177397046
-0.9316603215825999
0.1858339296959534
1.500712769260903
-0.4326210211063385
-0.34539670729339866
1.4221084243843551
0.3557655739722468
-0.6077604222900688
0.4780279012794852
-0.1966033767048874
-0.6115803484762202
-0.2108383469995663
-0.9275378291793293
0.06928917387396272
-1.0860081586283932
-0.9226548459208516
1.018374439258873
-0.8416005535716962
-0.8610140536956892
1.1421587223565326
0.1070622933981485
-0.532221750585183
1.9771388633663243
-0.26213707918382323
-0.8743563154762581
1.2311499177944147
-0.057878690923769016
-1.5058882913661613
0.32530631885000005
-0.13421383642485893
-1.0931832658993936
0.7957892981166722
0.733249288746934
-1.2214165029312238
1.711440765502175
0.6827235408258966
-1.0740894460812158
