0.7823684325243311
0.2643153073293241
-0.263480300798961
0.5187802705736679
0.049020466646810354
0.6159281651617595
0.4703016690042068
-0.6594049098248659
1.3246137833581433
-0.22324660655803422
-0.2792915007225443
1.7620959823458315
0.3556457770688779
-1.0783631921299226
2.170167743084756
0.5533049466969716
-1.6603471751299
1.3614192213264555
0.8470298782589762
-2.1926779516297037
0.589602152101308
0.0007379167314206577
-2.5717833751518677
0.1520029607969407
-0.6765313041620461
-1.9755619963883477
-0.29279153950667336
-0.20007657245719057
-0.9315738667588773
-0.3629132470136827
-0.41538351832116616
-0.010069876766462694
-0.091981357011923
-1.0236296513012837
-0.6364224971207588
-0.7226330506091505
-1.9285011206131908
-0.801540430884981
-0.7419113328554289
-2.2969720083940373
-0.6466949278121747
0.16293047894812313
-1.799430282929326
-1.0222257490491304
0.9589651634656153
-1.600573167457071
-1.3883733882354432
0.05172317983897087
-1.1960618788074628
-2.1773017218451214
0.5152459351525378
-0.837696782291917
-1.3787040572197957
0.6698031027910171
-0.12825924075414788
-0.6164552764546587
0.6133087176533116
-1.1809161634732526
-0.5036535361967429
0.07273107561816011
-1.84126280124018
-0.0027457003508504904
0.7453712359996549
-1.2446959460160802
0.5984410273141263
1.4173839381277766
-0.9286453554518698
-0.3400430810491888
1.2429649729675152
-0.2901424296253625
-1.1834842746020016
1.5076776774811698
-0.2858206804865386
-2.0572581625821016
0.933550474304238
0.13728372634513217
-1.6481239659945655
0.1868398194655292
0.1768872215260844
-1.8159313629712563
-0.7928268528837394
-0.212294551377934
-1.049817056794938
-1.2639694975955356
0.15402840560751
-0.4026029035950865
-0.8143721320546149
0.7768891932466068
-1.050844381398843
-1.0483364901718013
1.0567655561816778
-1.7549321470891839
-0.22385456527292025
1.0549197272454798
-1.2951445431273725
0.508007230101607
1.6150629249884136
-0.2835711131491186
0.31023808281558546
1.412542529156609
0.40873767323384586
1.0003586550986772
1.624162951191073
-0.5394071470178798
1.2850163215235435
2.2026929245366142
-0.9935757591017466
0.6643561913419234
1.7827085723561062
-1.867998163677174
0.4048325400608475
1.7140983285644307
-1.112781318197455
-0.14179169621451565
0.6382999438418714
-0.791439163403133
-0.14904186575331377
1.3746901752209089
-0.3062500504825373
-0.7213656411183675
0.9554684402086576
0.23569024266305683
-1.355630211110377
0.156696057333715
-0.24520193162114334
-1.876852646904398
-0.7952594711905749
-0.4501904748684003
-1.7911399728158623
-1.385255265710772
0.1919428166101158
-1.1461561088792165
-1.7344822062885008
0.022307806821609398
-0.20695672772659413
-1.1363433121329052
0.52108366683835
0.18070499578118449
-1.19109041358087
1.4107163353506598
-0.1789853359473259
-1.8261145666323353
0.983145816704045
-0.7473788199209731
-2.034291592686861
0.8562921040140948
-1.689605340062614
-1.1713222374919883
1.1764560722565034
-1.4146064771394573
-0.8565194131534996
0.6954619465712367
-0.6656952272751239
-0.4540724213855288
0.4682241883856409
-1.5878972622946226
0.36254395345500773
0.7582655380979217
-2.016647610460121
0.7179351800502557
1.7000070702282326
-2.1250647763689914
1.390109740710548
2.071986664493378
-1.4655437597756573
1.3292501407453818
2.0832683026835848
-0.4534157169712054
1.0552326176949431
1.9305330558199592
0.5062611389157057
0.9272516758345772
1.4645446159471802
1.404110156317656
0.450557301779525
0.9625356863753415
0.7367089200122178
-0.6090550360977329
1.2762014679187683
0.8376184750428233
-0.5933159579000755
2.021472794956545
0.30367933738544245
-0.4027100690134766
1.0240127369790912
-0.09901864393046787
0.0716891027539584
0.8115239030190311
-0.8540203588379214
0.8824075319051149
1.2649596323808525
-1.2609272107685217
1.5371897163250379
0.6774130221311687
-0.7244904684571019
1.2706049815081426
0.9997936904998851
0.18511626111880922
0.5777168008644392
1.4503973732551143
-0.37825076239209404
-0.37645575900648764
1.824244232625888
-0.5903683404162561
-0.04185796987981139
1.4992051768955568
-1.5154868126249157
0.5335119221377944
2.179818716796941
-1.0155705711973524
0.2848883519441134
2.3380627759084764
0.0020575338077132126
0.12381871924309769
1.9453820993783315
0.964441242236155
-0.025573097832477062
1.102952029262264
1.5640143541111533
-0.15581677474149602
0.2777539610710015
0.9447051660839894
0.5916161574585135
0.3108942508641564
1.4904852149149788
0.6319861636237428
-0.13527613793279247
2.44394113447901
