1.4747716954731134
2.649032153386613
1.701299130534854
1.200535740285622
2.1078105712913624
2.452248347597224
1.558305745661306
1.6878645263413379
1.655376660951312
1.7931725291446778
1.3368413775083399
0.7617803161821646
1.0994877152183753
0.7709422910309706
0.3845070046451513
0.7014128797564523
0.6129189329766357
-0.4251086013622608
1.35249796244369
-0.16790663844563172
0.08931922732626403
2.0103857520033386
0.5289507916891046
0.13423918235376406
1.9047623506181348
0.3396571084325754
1.1148617698420114
2.210868156258371
-0.3673780400830189
0.5110344562885047
1.8841222026049171
-1.026708143388459
-0.14069836317539836
0.9103607688480801
-1.3180090733306833
0.11307834404364094
0.7665042764183163
-0.6576402376523122
0.8879001795631962
1.6038655716942776
-0.49254529099070715
1.4676954043213766
2.096831479402973
-1.2038842849691478
1.93429872274815
1.7986942423737893
-2.0536155306338126
1.4480677248843195
0.7536785197545802
-1.8271495795648087
0.8998798194986249
1.590927516311281
-1.0505029187855803
0.7884330356604825
1.113360417049579
-1.2049207863540168
1.8770484992872105
0.25824070757751877
-1.171929135421818
1.500748967609052
-0.30247750070558055
-1.7889384335687644
2.0577903315554287
-1.0725723817059591
-2.370822223682347
1.6763734820750025
-1.0458826868693167
-2.345012680385003
0.67375150568939
-0.06131086180374939
-2.2713386672503266
1.0204121748795134
0.11190564047041146
-1.3147108537410475
0.6545941526238727
-0.6709317515970916
-0.5507478478614822
0.6731327190406434
-0.9175999552982805
0.19045762457508578
1.0519259758883077
-0.02599447296571769
-0.20365895149779706
1.309716263370289
0.1133079413126368
0.6915457807527968
0.9066368350351656
0.0182950316588206
1.5029589533492285
1.4450501880657252
-0.9150275034079075
1.0375745688245872
1.5391364089502724
-0.9429195120831311
0.21819304295839992
2.141217987641223
-0.02847497282254748
0.38869343714705107
1.8264357339464934
-0.39377544475826803
1.2434366099727818
2.552727541538421
0.20853660009551453
1.9506800297099647
2.407839514298114
0.6018454624426146
2.984294158190928
1.6252657487756803
0.3541994792166361
2.5122556331427357
0.7600189990405887
-0.42682252616964356
1.8332908148685463
0.8196393736187029
-1.2695223800433988
2.041346172758397
0.4647361471130193
-1.243166672639352
1.8089547677669997
-0.4700705068556735
-0.30935743174902314
2.024432269214996
-0.28143473722732104
0.6527147123886332
2.3364210049186136
-0.20818336769987475
0.7048988161932821
3.243122140258506
0.09983898335619652
1.08835040622156
3.189960044962792
0.9479779369672824
0.12451427704343426
3.4450169129632697
0.8886758444315633
-0.6494725914604201
3.7168435846163574
0.1696913749991675
-1.1486525932077831
2.77479699955691
-0.2439515003227197
-0.6844163633725775
2.4192969413077408
-0.9975507010085254
-1.2844617869929515
1.7651595663071222
-1.5326620595045857
-0.5494034967764746
1.0128412198669867
-1.9510459432217924
-0.08492474964127271
0.16716732233122386
-2.188681547609981
0.8989164937900767
0.5332225774624191
-2.0810444392541063
0.39010027803629416
0.8793383415944085
-1.3969253437033395
0.4883525844583461
1.698241596158629
-1.7884805679080034
0.23686418359686565
2.566017493525357
-1.2006623804411933
-0.12355236978542893
2.9188175862644115
-0.37770405292807985
-0.5588643923526402
2.7191993171845747
0.7009729564117981
-0.4333768167032781
2.394249915473762
1.5308051020721145
0.700784677192606
2.036322778543361
1.6310401494614046
0.8065646876053252
1.2818789897848375
2.1311039635081506
0.5321365903641495
0.3470473122037366
2.5480994565742745
-0.23940819007627623
-0.3993215686772728
2.176000243985411
0.5412436367845223
-1.1310742358999435
2.528178761095462
1.4556301958662907
-0.6510737578752013
2.433851365546382
0.807123356736093
-0.4294258376551078
1.6632723277325894
0.7956429519299966
0.22523579520286238
1.251468915379026
0.3615663836866189
0.02683323839249962
0.19678206050320307
0.5571939355259785
-0.6303731371898706
-0.47037552665598265
0.07389188356113574
-1.3281922870505278
-0.36263113488330484
-0.26543348732160155
-0.6095691344850025
-0.22339665412350088
-0.5599526521156087
0.07198712420231083
0.24870696568347522
-0.9668718920945802
1.0433405137659073
0.5522242469935275
-0.02915267589725534
1.089837773699835
-0.22984146746306955
0.04365098399050947
0.11781689963756084
-0.5704210802070864
0.7970133653400057
0.15641630959955974
-1.2049778368703288
1.1838590477022184
1.1507491528587812
-1.374109728876184
1.1243488454442938
1.5121861264413783
-0.24834477078001993
1.6931968185453676
0.3526735941787556
-0.7596729569125745
1.576785702784516
-0.526947004451888
-0.9428592306119145
0.9688713669199674
-1.4186462786575298
-1.032156541671988
0.7773111697237058
-2.158507714205173
-0.3039760472715273
0.5351189140813857
-2.654071931073304
0.46102782193964364
-0.3842840862299079
-3.0149042387292746
0.4574390185485682
-1.1573330144561333
-2.807255436623093
-0.18032894361144738
-1.834209653232284
-2.132834032409075
0.060443507947277667
-1.9592748736754495
-2.703167764811976
0.8741066140541354
-1.7551719708716447
-1.7322834272868324
1.0013218779456314
-0.7980302298822535
-1.4460763868065043
1.1199615162151655
-1.2551602779919973
-1.4459605777634874
2.050136420458368
-0.9332581222168386
-0.6642543394129135
1.614144152554912
-1.6339550136045327
-0.7510574817601797
0.809552515193435
-1.5401601605233797
0.11149341591173194
0.2506482093813049
-1.9330563604784197
0.27647803444517616
-0.7295574725830906
-1.4144373498990481
0.742382991471051
-1.46689113896109
-2.017019041287114
0.14916888519739893
-2.0162357222226155
-1.0142537512947694
0.2600120475117671
-2.2547658637127523
-0.6665324529795036
0.14080239720845625
-1.3591783308101062
-1.4742928319492747
-0.45167313740111303
-1.4395569920667601
-1.5474040669720965
-1.118942871798442
-0.6323661013793456
-1.8155090749859533
-1.9716439046367464
-0.9540757617981043
-0.9730842198490168
-1.8932628877063638
-0.6257247740117828
-1.1169695104642603
-1.4426316848472376
0.2347674794148142
-0.2144871576323702
-2.1491226853357865
0.1882431461337947
-0.30358006775296514
-2.7620650536261944
-0.7485378141608257
0.08383461144242878
-2.7856113244415712
-1.6950544700620493
-0.2623981479585162
-2.1201154609027943
-2.396575716066265
-0.9755704403038367
-1.3884622555471084
-2.6387059788967444
-0.2339242986412346
-1.250017161204699
-3.3092917306177076
0.49918855867380524
-1.6604567626673803
-2.8914489495588334
0.5918185884633563
-1.927216780423253
-1.956242630497567
1.0922326387410835
-2.386281028330939
-1.2571934360351622
0.16794334761782276
-2.060100591523527
-1.1866014027931233
-0.7001354060116236
-2.2367919619135743
-1.4773681734808344
-1.2743768397222797
-2.2797264384623945
-2.35037409859922
-1.9028101767521484
-1.514308786880267
-2.413306551836739
-1.5331306444744959
-0.6013259881028332
-2.549489768488954
-0.6552327866087055
-0.44088074491842766
-2.949685807029749
0.20681319665948186
-0.7756042989796322
-2.4923391720454457
0.13297806216893784
-0.5369729785597055
-1.3900726211327121
-0.7126774605740847
-0.6074735538443575
-2.0058916912940905
-1.3094891083575286
-1.414340220677903
-1.6468094467676235
-0.26495867745789126
-1.3989441585007745
-1.682288091179626
-0.6150889563985728
-1.021425880542286
-0.960736343520665
-1.018637351655933
-0.19450168356139647
-0.5433775044597149
-1.1281842226939378
0.7802244239499811
-0.48302014789143904
-0.4984533707061615
1.3745023901628985
-0.8634544769165032
0.38466341457074743
1.4719990644532168
-0.8315711631562575
1.2588004563962876
2.1299723347551147
-1.0406845281700619
1.6347285154133837
2.3252376082941497
-0.16760703118554268
1.3012863845781282
2.131846004679116
0.8598924704714821
0.7081439426267456
1.3223713693022041
1.193250642299936
0.5603569220001102
1.5416554192651832
0.3915330118070854
