0.007967481737652788
-1.630279772535045
-0.25629311668950566
0.15803436090325418
-1.155395490624559
-1.1120548589728512
-0.0848952241539652
-0.3857217546657952
-1.6708941161741462
-0.7742998297879118
-1.0809888492481503
-1.4590341548817976
-0.9302762364167997
-1.5497079627795762
-0.5845710523022225
-0.8539100238857827
-0.5747705378694882
-0.588663377178442
-0.6820277440772562
-0.6481987731477432
0.35042460558327676
-0.7376818991200642
-1.5540075564064337
0.3937855112468172
-1.4953698646137776
-0.9965531238704668
0.035561710676905556
-1.5176544530835883
-0.020821251426444767
-0.09783519508070998
-0.8291392737181532
0.8170988392708325
-0.13456196508234292
-1.445687698508064
1.1920156223215859
0.5051550007780128
-1.8719305925070087
0.9062824012788674
-0.4008318795590364
-1.2004427432094773
0.28630772586422515
-1.0390962153745988
-0.48985804236894515
1.0646964653953188
-1.1702127300378977
0.11770533332309295
1.0655257394190047
-0.3485433512869813
-0.12113873967811649
0.38176396229548376
0.10628174965216475
-0.5188642819881094
1.1393495639335218
0.5972822885539895
0.4222265611121223
1.5586627989178465
1.0232944773080206
0.9724452154696642
0.8882450331920595
1.5635146577597325
1.0875075801882998
-0.04341875760393219
1.2021865061980122
0.8172133333088704
-0.402641349453296
0.414402776867131
1.5184823520458968
0.3918916887765778
0.44644486992534876
0.6223501845035788
0.45072138539880874
-0.3213609915463443
0.6529857667971634
0.5711075140794183
0.592796834589304
-0.05238815243116415
0.6408879809137144
1.4418339283930925
-1.012462586965629
0.9492078039254378
1.4010169626919018
-1.0892338702396482
0.35873402019311107
0.6923626322239715
-0.7385376474084376
-0.010082021096248589
1.5753303956371203
0.14526136538404066
-0.273626965582982
1.0953137444252958
0.15633607658220414
-1.1257363840879857
0.5833303147450075
-24755850586921646e-21
-0.5600097741527561
-0.2708816883349167
-0.10506142113191173
0.17181928334350674
-0.7448524774991311
0.653492063433447
-0.3178933467362771
-1.037135947705981
1.4205504927125967
-0.9108310020110337
-1.2218561793878893
0.9433978629535096
-1.1279394657918487
-0.4256845915905989
1.5692185569947954
-0.4053961889627094
-0.4111292866108945
2.4100603307731117
0.03491405911152904
-0.10423812043185797
1.7883943486046228
0.7158268302425163
-0.598330441791955
1.0872558143166016
1.1889616101794593
-0.02225722973499419
