0.034961611211955776
-0.6544027241078471
-0.5751644148512859
0.8810477509042335
-0.11221507322655357
-0.8263814490988551
0.771475321415791
0.8868692939879954
-0.5663185944283802
0.20429550037933975
0.1943631174982871
-0.1612827832132781
0.00042745752854548343
0.44831478838231376
-0.9949136145913272
-0.29502049637371713
0.9603219431196883
-0.2309722507858084
-1.1808006089201792
0.7301422426411542
0.15702156830483976
-1.1580228512095645
-0.17627583668302146
0.6598343760563761
-1.6521973698922847
-0.13379799299895814
-0.19214245145825365
-0.9164904891551173
-0.8910819485195203
-0.3282637846699485
-0.5557610272360908
0.05847699292577933
-0.3527918182749874
-0.3088628764329916
0.41310702772162844
0.5677816570907354
0.4465182625704793
0.9894823095125707
0.39540777749601247
1.2018986691278912
0.42629060089135734
0.23367926555698254
0.7815085470071352
-0.7312837994950707
0.07897161326649212
0.15996114226004543
-1.4112722093644352
0.059013260275569204
-0.28770044619357743
-0.5555422177289642
0.35554199634322886
0.44306324748058773
-0.07627736009877294
0.8862454359141476
1.4296986555275206
-0.3652191544576338
0.8347342110677345
