0.846113718177905
-2.061179301970511
0.2342543004339788
0.8197418643377617
-1.8525522014035622
-0.7318914481488061
1.683578498091545
-1.7833582632260216
-0.30340059433010325
1.1092183942455265
-1.0953176038952241
0.08721741742441994
0.9478374144866455
-0.4184476042567448
1.01104247490106
0.9486746217183724
-1.44186568957109
1.027644149189018
0.05415105577568822
-1.8705270481379928
1.1270160935166373
0.1838879685931671
-0.983968160296556
1.4952637204751633
0.7547635842589198
-0.29631274642786337
1.786432913924171
-0.24330300528223803
-0.09308519222140374
1.5448835989559777
-0.8349335486024881
0.19106038321287666
0.8421271100503185
-0.021648029443181345
0.40165021714503896
0.2990207863556503
0.19047521869801937
-0.16540312941539814
0.022935213525646155
0.25493836706674944
-1.159970611195745
0.4042013143678648
-0.5469672990030411
-0.8658477281354864
-0.21099965164336257
0.3397776746458203
-0.9601198059392086
-0.6027737746926857
-0.03998936199348453
-1.7298369435605527
-0.18191381515593139
-0.046766947442411666
-1.7063274864637294
-1.178913746344488
-0.01611177116899712
-0.7983717762881759
-1.5698934932496964
-0.8479471960202264
-1.1178705114154819
-1.0445449955625832
-1.4716156738655046
-0.5100478628288412
-0.542633743423149
-1.3240649287628155
0.4703260069266983
-1.074804399495996
-0.5221246170545081
0.902826930001997
-0.6444185517906833
-0.6679565606670393
1.0513313011582262
-1.5750074608289755
-0.3309137660491482
1.7328432342216853
-0.9646773172157538
-1.2757178695718414
1.404414039085876
-0.9235445981282386
-1.3922136544816393
0.7900114224787358
-0.18831910996068232
-1.4936906832667958
1.4668061873916844
0.6772013791949212
-1.8788910667612344
1.80154279494275
1.4681741258021481
-1.4506565402604865
0.9793813502194025
1.5175546737447019
-1.8033114955666383
0.5202956241828034
0.726364002608398
-1.5029527609114597
-0.3824823857050019
0.488451394805018
-0.6910020147895144
-0.6660136421414624
0.8290109690286009
-0.7675045811294169
0.1100366364271061
0.14982290625043435
-0.5080946615144518
0.9826277812650259
0.23051756150050293
0.24019792340893592
1.2545638792339198
-0.25077624993411446
0.1919442287584941
1.3923227758645267
0.7277902471852015
-0.49948816877389873
2.0665252083141747
0.6087934664412851
-0.8948919794572842
1.7723476143084143
1.460672362558641
-0.284868889021702
0.9595618441100389
1.4582693842655539
0.47955845331149555
0.4080526657382989
1.3008892507947478
1.197273394151391
1.1373182590856672
1.0168821999257844
1.070155221196028
0.3528552321887277
0.3376703819454561
1.4390183870563111
0.1325698748056337
1.2652699927176103
1.5628539845496743
-0.7758230773604612
1.4072589007922724
1.6726197983707916
-0.39907954865464196
0.4751376166025977
1.0903303638877486
-0.22047480005941872
-0.24053045858305266
1.17187337487254
0.731240126278246
-0.535404097134755
0.3280237108655103
0.2310399969748527
-0.5896579604150662
-0.4122706757221404
-0.17582762544202046
-0.9160702276776093
-1.2491161469269425
-0.4351707908669311
-1.5776011278023323
-0.891156954513158
0.2343756249584338
-2.221653307926123
-0.010589925780979198
0.1776512837563379
-1.7007668861046328
0.6978651856715644
-0.24010517708847917
-1.3452700506225466
1.3625458557979633
-1.1000282765359568
-0.9407643260304951
1.8065786249379128
-0.09213826239562048
-1.1393723406653022
1.1773001249114865
0.6033407050155762
-1.5188956288929598
0.2994637619612091
1.1386342536065863
-1.3132705475238613
