-1.5163141980957808
-0.4474332497415636
-0.7480771898303945
-1.4320236964682445
0.04507441436343708
-1.6291931279868697
-0.825814014647825
0.07383606951119431
-0.9138637178950153
-0.8088964659598061
-0.684338120931101
-1.432651048838234
0.0013908742013036002
-0.4947062273213027
-0.9957925149173319
-0.7524332888098768
-1.0806070649905628
-0.5418835903043046
-0.6749485951059051
-1.000749295856935
0.48164135991040513
-0.47327547502382766
-0.2188037593911604
-0.08987416218870087
-0.909443431491639
-0.05079215959040994
0.7658559513521028
-1.2000000325818772
0.33209246242929513
-0.08836660832963138
-0.610716860343481
1.04285799940226
-0.4346865515083561
-0.4097491158248768
0.5771009035039758
0.3059025882086726
0.09348592033190398
1.3908433820723933
1.0320580147920826
1.0869097040351523
1.390226038297273
0.4017877977512527
0.33863809798703726
1.072259652627479
-0.2420027163507492
0.7409707063751345
0.4642875085445877
0.6178334304212831
-0.15356689761060166
0.33771864240791555
1.354755536237357
0.7782376652642418
0.015196223521836293
1.4510645174250705
0.5756449223453395
-0.9231155048643471
1.2083772299890225
-0.16008591687173832
-1.582630639926124
1.0943886291859073
0.08916502043243835
-1.2834707716976423
2.0096924465446464
-0.37335777982991014
-0.6416830326258581
1.4143402941079901
0.12097237402939008
-0.2384249729929249
0.6706164765761443
0.4932466539849119
-0.902029262096992
-0.05762323835382702
1.0485793785596687
-0.32194131199461007
0.5369088526838512
1.598959982982052
0.5253530893509205
0.43065410753801714
1.2664077192061032
0.8333456127953683
-0.43580053279953856
1.5051401029947968
-0.11874356150841159
-0.3407031689827565
0.6055949840601975
0.19716269732838362
-0.21706578601340207
0.9260868785295417
-0.044234664855403
-1.1595909790004182
0.1823867911385177
0.5553760470561022
-1.0572144983910303
-0.42927689741816544
0.13071808563090434
-1.8708888149113292
-0.7219151103741833
1.0502547715420145
-1.5205989861218858
