-1.3232279991795481
1.115999100001111
0.5666974439257312
-1.6406867153237363
0.9263886027956443
-0.35468226622434484
-1.0639816874485426
0.29324823601577954
-0.4038870123934854
-0.8497090862037731
0.6841196603301687
-1.4702652626726522
-1.1854494434806189
-0.35671152233642905
-1.2426688590471884
-1.1539839868468864
-0.5865321619655082
-0.26186975295779286
-1.4998954861763818
0.17325369326387302
0.29219458786673813
-0.6201903176895405
0.46385733557290887
0.38862585600391875
-0.6211351592142658
0.9986091090018439
1.2832212889922046
0.250354189587351
0.4925290111381846
1.0667772276530667
0.20295356796944997
-0.47073004797907886
0.7638720897086131
0.5196397762419959
-0.978249702619866
0.006308982732166857
-0.398828270929869
-1.0504511320156211
-0.6452395221100374
0.47168714550003704
-1.2415700864269719
-1.0285642121007574
0.11716167225218911
-1.8765189674032126
-0.24305086534022913
-0.37788957119162586
-1.1310934795002916
0.3624320972711304
-0.21750883191520648
-0.23780988375500237
-0.12942171484761203
-0.028493343253933847
-0.37263679109275066
-1.0847023465447527
0.7525003127275006
-0.2729196728033907
-0.7214215369805254
1.3771120412375224
-1.0939459001529
-0.6092983760875486
1.1894403629289767
-1.7097122145355597
0.14383750972178053
0.3726139365173863
-1.684215526805516
0.6891387598402906
1.0562092093217847
-0.9928847480829148
0.8236333897584055
1.3807843230287296
-0.42173664103278585
0.09911320238486991
1.5613792200642176
0.55622122820598
0.020218312721995386
1.0090987306913448
0.997630022979468
0.7199352482867254
0.5849461884518676
0.3228400957437645
0.1075350531433903
0.16947217816566995
1.1034407859860174
0.22237544349671257
0.8256604202702238
1.0722585469805386
-0.4314723653162741
0.15830189601940858
0.8009176094242947
-0.5673518037921864
-0.6982107267998374
1.2034485886412516
-0.2282708677064997
-0.5802693440980475
1.779830696788125
0.6349216722142084
0.2601447987761075
1.4931261556389026
1.2313285984000284
