0.822637477857626
-1.0314964040124939
-0.9157570666719448
-0.031219065490172768
-0.46906072184541386
-1.0692604475080103
0.881603920500421
-0.2882115287624289
-1.6616590299450917
0.37272357856101374
-1.1365986772138015
-1.8887375772972248
-0.015992205930630218
-0.1829282789826154
-2.1026635200434134
0.3122263778903376
0.4599780147836444
-1.3642811591180108
0.6010643888992216
1.0253902678263562
-0.4879228044854096
0.5116097054451493
1.4965422044170653
0.4435146666438877
-0.12498884585473859
0.7339426231642767
0.42075327097641746
-0.25604353014150877
-0.2547105394192216
0.42509929464317836
0.07519546616573894
0.09909040942222305
-0.4950471106612476
1.0076655216225407
-0.06612995702153661
-0.660973101767522
1.7412602281842053
0.23752793640200662
-0.035842454738799594
1.5377555945910752
0.175095240364019
0.975503279051795
0.604060890938132
0.7028517729704339
1.1041324531460142
1.4120666556296537
1.0470609637516066
0.46682065051537114
0.7737490510314688
0.2301887813155904
0.16615365782145913
1.3392404465088403
-0.5480641792269992
0.34026005798171843
1.3429571491225687
-0.7219049645691222
1.3631365066158274
0.4487533763586888
-0.29481310327973786
0.9368484272162749
0.41567620072822675
-0.5702989355877545
-0.11082305046920764
0.3189341428058875
-1.6188554017966468
-0.28906087607462666
0.6509841675933702
-1.3130634898220415
0.7215180729548847
-0.2530913877989195
-1.0094894420250853
0.9513678250267407
-1.1510688240102378
-0.6062371022285856
0.7290977954561453
-1.4388645584656747
-0.682079685492367
-0.23721413341794131
-0.43319964018361695
-1.0322425117287155
-0.362166696143677
-0.865326955955123
-0.7236255136531397
-1.1322531896356882
-0.25288562887618193
-1.4811241687940215
-1.1066355782527326
-1.0986687143690008
-1.6470137435092291
-0.6782206238219133
-1.914577331727424
-1.142136842484677
-1.0350005535341387
-2.372749656101323
-0.4503817189013163
-0.4968785160335959
-1.6246555561918774
-0.06138089565707286
-1.0611061150351917
-0.7132045619316788
0.16742316935408683
-1.4047890294831358
-0.47112927592050713
0.990859355544667
-0.8976812936416874
-0.9066070220779322
0.1194552940951009
-0.5170679484926262
-1.0434781977363192
0.416332810125129
0.5428261575153559
-0.26882955200886927
0.3110611209884377
1.1701765634627976
0.21028896944649297
0.8939659728325725
1.9397519718311549
0.7420736675593219
1.5925529646969017
1.4159539472848386
0.1454237413365172
2.2554925647993813
0.9854154879311154
-0.070857383228108
1.9035355431970007
1.9277280278367068
-0.16405573561927642
1.3097157190607687
1.077861819628203
-0.7964570891573898
1.1637850769025613
1.9071219427330688
