0.37591893404463655
-0.32668911678411944
-4.197487353176157
0.33584643067537384
-0.6083641386627535
-3.2098430568083427
-0.4946588632746866
0.03360263345112391
-2.751787372156278
-0.5264289968642746
1.001844414913593
-3.034849381423772
0.06642592588906898
1.6653173695798922
-2.4002392117205895
-0.6664408664086516
1.5618052845696102
-1.7730193678597463
0.1594416256001153
1.4928794110456503
-1.3425906482389378
0.5115631079968745
0.6865409576144693
-0.8654908312239856
0.5011726667640909
0.32750926259815993
-0.05147448392118935
1.208706250321435
-0.47077068858843335
0.3447912664115347
2.0547298071665603
-1.0693503251612178
0.23468701094759334
2.286705798023134
-1.1427580656067482
-0.9572168507092071
1.5783340426188917
-0.5682134131579788
-1.4736460725896479
1.0219960418642258
-0.5662082422620391
-2.2776140512616347
-0.05874435838161919
-0.6302944552951513
-2.307566296521398
-0.8781175712168809
0.10544424876904719
-2.026756600593681
-1.114870768594522
-0.028616897781740206
-0.9316762970382837
-1.104532476979586
0.5896043044042194
-0.26472947641267025
-0.6793076446941919
0.7655366861303377
-1.0697412889873947
-0.12224706717717802
0.6409682434575648
-2.02152007729117
0.5681548560433944
0.27901254704043
-2.582119300936684
1.0154631213686034
0.22076301342263677
-3.5857222088516316
0.67559017048446
1.0268714644744614
-4.04629359708534
-0.2911171342832966
1.2941157737909674
-3.9255837664888547
-1.168315630670489
0.8441624474525192
-3.707385270428233
-1.937188827977557
1.3748972266803225
-3.3243497558848536
-1.044723641434488
1.777877509144572
-3.3977800260163544
-1.7680374734914088
2.2636504120415855
-2.8993544049845554
-2.0402250451717503
2.080671989796345
-1.9348368204363295
-1.6925321907506348
2.9071139127513286
-1.4979944353881594
-1.0928798734006642
2.3556764272988278
-2.1452513037468988
-1.3635973139898618
1.4836295012627185
-2.580277742583862
-1.317330385873911
0.4574901071321827
-2.7306545347715074
-1.7215425698462101
-0.29800751361562583
-2.145001601717079
-1.7895218139195512
-0.6527506982460604
-1.0929695074793653
-1.0883242311297012
-0.6768171406730269
-0.3305620451195469
-1.7819850303393043
-0.08618342986969502
-0.26697329064810393
-1.7186936466107456
0.6472054484855758
-0.8680399658739348
-2.422254654129295
1.2510061951785472
-1.518411066731091
-2.212867611160596
0.9894615776720741
-2.412995536206612
-1.4576477082584072
0.8041823772034651
-1.8031744459424495
-1.4483987751560083
1.645533054956386
-1.209359767936043
-1.5248565239318284
1.4453050716172187
-0.28542545106817807
-1.870086506572554
2.336253154597684
0.029833572976122595
-1.981306480598755
3.1575818417677883
-0.5631733984353049
-1.2521548527703386
2.541417371133045
-0.7089264398279069
-2.203020832349384
2.267714752239692
-0.9190609808649882
-2.476432819127035
1.3800413833831147
-0.4553373370621834
-2.1635221669109526
1.4647185417706656
0.4645645956023983
-1.2007003790399087
1.1723688249873987
0.7116326866717567
-0.2048428076878101
0.9094600369354632
0.7099063573978293
0.13030905360218983
0.7815993983878601
1.4488411630226363
-0.45297330747720904
1.5320269263457027
1.2828472507694255
0.26569676483504456
2.2971934116529544
1.3636973305845355
0.710943216062012
1.4811342551481435
1.8163150891394004
0.5005990021641724
0.6704468419803872
2.4938762294812236
0.05307648535671055
-0.05200690501312973
2.8886067585042468
-0.1592749377466094
-0.9449142156142908
2.610223272114768
-0.9914494801445894
-0.3771739667511089
2.681658589255727
-1.4412623123748414
-0.07537301900661711
2.118486844759211
-1.4078003492095312
0.02001976490091791
1.023496886014415
-0.6941120026813725
-0.7361547231391081
0.7979477341789633
-0.5003671246546015
-0.08947268916442155
0.2631618194755978
-0.38730664379439905
0.14719465314562855
1.2153422719009221
-0.5531475558817381
0.20161923102381057
2.1672798638603052
-0.6383280704121108
-0.5814307040239305
1.9171000818378205
0.20497833086590378
-0.19576605384138845
1.8434700076402937
0.9120695321092014
-0.19492472517818082
2.568618327124949
1.7128723733904858
-0.560134181810234
2.9560213794328183
2.0340115956895204
-1.4547960584788184
2.7605088454528377
2.343238135443795
-1.7732975632319739
1.893169062825158
1.587522924935133
-2.1980383158749546
1.4019400436382714
0.9235529381570645
-2.3925201496235178
0.5572335200711349
1.8237831691045323
-1.9383992160077579
0.4098656507976293
1.0792926901321576
-1.385991936359824
1.1073670598053458
0.44581823095312145
-1.1939089276103998
1.6607058475508463
-0.5523239035764109
-1.61585399577343
1.973622223504461
-1.3838037700220693
-1.3016132981709205
1.398515822796577
-1.612689646961484
-0.7103880344527114
0.457996044324427
-1.7822622974994284
-1.3277467060757984
-0.4118296184885787
-2.0794882249762763
-2.1060975984100234
0.09877982299936158
-2.166983636019228
-1.5315137517201147
0.9257723332911771
-2.0873710308392526
-0.5895356354976706
1.428405403434001
-1.6174007744049923
-0.9367642238180067
2.2002533577026635
-1.41730412209868
-1.9423735026427482
2.104470207461165
-0.9679023075995876
-1.4400136529862708
2.7803242345120505
-1.078297647999954
-0.9437800256825285
3.6765810911152204
-0.6860394514290675
0.11536127054021805
3.636340225812175
-0.39222281338868187
0.8369283837131609
3.012229213547534
0.27848747103153
1.6162305045143057
2.781604803693044
1.2176860006085817
1.964797169365218
2.5596271501364654
1.456772693118995
2.309471359499624
1.6107767274948173
2.138352472305525
1.8000878992289244
2.158303650934758
2.312445754406632
2.0085032385132178
1.1792806013291401
1.9017324564929468
1.5138891720231487
0.40889892880304934
1.3103749462731535
2.0744533520065738
-0.19572990705699111
0.2976821731277875
1.9198750152780024
-0.5504820685782176
-0.5533052120278494
1.7632028909486488
-0.86431591584003
-0.26609621975611314
2.366026323250881
-1.536360881527804
-0.2758335714695352
2.7233038159010867
-0.5699505514356397
-0.4321863174558161
2.9781578902583346
0.40441923595212037
-0.7298344257043354
2.577234478208416
1.2664796768449063
-1.3054018420120563
1.8650820691281444
1.899382349651734
-1.1438269289172172
0.8691484998604533
1.6455401632165365
-2.2195351879866965
0.46585129546041854
1.4300273832886814
-1.9980102692572925
1.376258542393314
1.459578157197021
-1.5318910541229642
2.0719113231505744
0.911255270865899
-0.8475757450858848
2.1236574929960086
0.2031291020834703
0.03128037845839461
1.782512717096423
0.5868868561179061
0.7234923827156754
0.9762562555209359
0.9369171248120758
0.9976683528985494
0.6250240946319401
1.7359853832899437
1.8790203891452981
0.22325670705010267
2.271222321631246
2.109459014775507
-0.7384399729706319
1.9915973888426866
2.0359348418365024
-1.2616242261950326
1.1641957498066329
1.4014745911236137
-1.4226515673735531
1.8853398782944248
1.1946625004408913
-0.5336591475878508
1.550752447906094
1.8726613273092152
0.27636725517499955
1.2714945904757358
1.5961857354932072
1.3133037128007712
1.4151232116578112
0.9904117942382787
2.0342717382799007
0.8347852963792095
0.5156011128026303
2.7588985990346067
0.17103058323789538
0.7099554600911381
2.7512175859522032
-0.8949778844131454
1.0402340088379116
2.0348693492727614
-1.5205180629101211
1.6605789946078189
2.5553899384577075
-0.8771094290355258
1.4964164867976384
2.968354811473073
0.08680932847372923
0.9597144915255464
2.9351456352128364
0.9984105529905744
1.955715732504292
2.9234460319342355
1.0103672252031228
2.3078487239840935
2.3986770993093574
0.24370800789078295
2.149432665538682
1.744186357398723
-0.5044244297144019
1.9009061608332365
0.7813141645903395
-0.3035810474701903
2.142019451186438
-0.11923283199501507
-0.4392983011094385
1.3199950834467478
-0.8326426070383696
-0.6204254675105063
0.5414830303022636
-0.7835795482131581
-0.3689450625968099
1.1247460849085968
0.025577533426526355
-0.44044115230543085
1.3051245671940008
0.43466655304333945
0.35867519988727287
0.6038301822922971
0.12994461254492842
1.0590055626006238
0.31281798471302424
-0.9367213434420046
0.7650833174865189
0.9666607757756814
-1.47721565196233
0.006289713628853055
1.6431366416555966
-1.788977292061086
-0.5091708107532592
0.6983575871499499
-1.429499834241962
-0.8074062028520687
0.052794735397656986
-1.495814032085948
-1.6292441790574237
-0.2531511391662163
-0.7287178890459511
-1.4713112381482312
-1.100193021793072
-1.2930063734441317
-1.1316156039813678
-1.216423739543247
-2.151149086130983
-0.42959165571696445
-1.361618168780378
-2.6512434214720537
0.4036633369790488
-1.0454639099388556
-2.1581212895786397
1.2196404287602673
-1.1555299451219947
-1.7206109091170516
0.37967369669260603
-0.22895573176938355
-1.2469032099867157
0.20767084183486914
-0.5290285918723683
-2.2830435699701903
0.2805476728664593
-0.16474842426992026
-1.667657756339637
0.9593453969920561
0.11049834502711219
-2.651328769587364
1.0931296130480619
-0.1730589618410439
-3.272516157039462
0.2921380358572329
-0.2629934686728755
-3.1535801446813827
-0.7297486490228697
-0.21834750027419064
-2.948572863769312
-1.7600808944966226
-0.19128888070390415
-2.1395902523542207
-2.4273876869028372
-0.329267226653888
-1.27191218208793
-3.0514089392409605
0.5607909236879415
-1.351776094556931
-2.6447762729860993
1.1117846596754692
-1.4129980226755976
-1.7469310803788614
0.567255124831271
-0.771957747333011
-1.2685150375150507
-0.059230293131473884
0.008534278893012903
-0.7723110509300374
-0.05323314797384491
1.055775711179262
-0.41472108034433314
0.8037124835373785
1.080957669839191
-0.08872998046306374
1.3445583703236015
1.3502143163298939
-0.8710645471278899
1.4796576185041883
0.4318268490562898
-1.4363787902600755
0.5178549539000985
0.13375865458111916
-1.618005729655328
0.8064049091218011
1.0092445259230205
-2.0871136839688273
0.5172480177017922
1.0924131883999955
-3.0874017949188053
0.03898609007089156
0.4735679243701517
-3.6791041391463333
-0.5408209671825118
-0.5161552478680517
-3.6973192895162432
-1.1503435029913704
-0.7159857695078337
-2.893015309823915
-0.7566105232123281
-1.289569690815233
-2.130100658927159
-0.7053868276383403
-2.140443186591711
-1.6184935986068096
-0.0054690109452175265
-2.2510920332579643
-1.0396967169773355
-0.2248109568313992
-1.4477626805427801
-0.782280497493499
0.2981787449860386
-1.9762286245027223
-0.15343465819340663
0.5955984714193233
-2.9141837414216094
-0.25542413225063376
0.6014829777410603
-3.2477172243449
-1.222136837976747
0.6138176759400468
-2.42915945419302
-1.849321008613822
1.2350628779956574
-2.493830448049158
-0.9807606235773507
1.3777339351824955
-3.3782538956818042
-0.6005992389971753
1.2040895024298146
-3.3486101015072984
0.4104975095598842
0.983070684034996
-3.0113075823570825
1.351256184664338
0.6736155943751128
-2.1440565858209504
1.791408623676362
0.2201411716789245
-1.929605251101993
2.7014187273284422
-0.6415858633789545
-2.3010148056580846
2.634204616011547
-0.37501635285053014
-1.77654164361665
3.470210676537346
-0.07382590473927801
-0.8415847688246493
3.616677139567381
0.8394491667749858
-0.53312689605003
3.4482492672480416
0.5537038370773478
-1.5314095189288954
3.5929286165136403
1.2577275997018063
-2.046040707477403
3.006915766718976
0.9525309407137631
-1.1127421313968813
2.7476586481094456
1.5435426510022785
-1.2427014348349603
3.5715499784452374
