-0.831879423950175
-1.0944520085500946
-1.992125554972475
-0.5167074704826732
-0.168359214578467
-1.996050378620461
-0.9115481394319026
0.347091293671773
-1.225188844508226
-0.6539120387974166
-0.6839076076867565
-1.1806613185628927
0.2653200072625838
-0.4758630193110657
-1.4782015102719661
0.8667869431434253
0.10086022458890678
-0.9311770279763082
1.3292423141609764
0.7825400638788786
-0.33310463376797755
1.1509947510412966
1.312478197795169
0.5706938923049816
0.15580402495027496
1.6054168585856254
0.4750844814289407
-0.5957160369004374
1.0570817684417027
0.7608429449998273
-1.4249407162329757
0.5807181912409689
0.4348845089868339
-1.2871021637047562
1.0150925631221317
-0.5399843587277388
-0.52412123510503
1.2087430097632252
-1.2006269364994355
0.09271925378844248
0.49004244193013086
-1.4919139149667906
0.48628226292082255
0.9221008487086702
-0.8149820498203417
0.07686640148576371
1.9160106241116577
-0.553591563984822
-0.7788253891030205
1.8768688756449239
0.13708953088639883
-0.4594171713183699
2.057732883288048
1.0583964186862054
-0.3726103268665619
1.2941294403342762
1.7120251233487236
-0.42766333229123266
0.43170643456843755
1.381461478954174
0.5325365005082613
0.03807921166170283
0.8506208749353872
-0.3346302741550733
0.2444317888967859
0.22748105190849702
-0.008014291738656122
0.15934295188744502
-0.6018207103118443
0.18137173056592168
-1.0125508264758423
-0.618989772340198
-0.08709211303917526
-1.4173844196183496
-1.4208471029217034
-0.8793130836284703
-1.5644378753756905
-0.8403667155496265
-1.4387417361213466
-0.862085807344657
-0.48483124520303145
-1.101197639704875
0.19290174628036413
-0.3293928820375489
-0.4866677971730207
0.8644851772860169
-0.15936801873622036
0.48749667636305344
0.5799950909884225
0.20710466262754154
0.346067548774799
0.9329013305821975
1.1325614740269248
1.0804305004565706
0.3970216343503149
1.5510877757801942
0.2526367607043773
0.5470993885351345
2.0612037459019232
0.1509328606247362
-0.4529558981853621
1.8870395865319067
-0.4768828875021529
-0.6878766344885296
0.9298271069048313
-0.41773556148190616
-0.605398760335791
0.01793912888345948
-1.3184890588000093
-0.4772073400281002
0.5270389858410435
-0.7787676869055711
-1.3581909724556904
0.41300419881183026
0.1715742049563551
-1.1301399817748923
0.4138217905008017
0.6051597712932634
-0.28777098766600107
0.020645355308531517
1.1385924608432654
-1.1473828189811903
-0.16335228845903257
1.566933627184858
-0.21742393608921004
-0.2067738011420965
1.349099631388221
0.32674602479694803
0.6488006112839712
1.2503080134150129
-0.4847884253937305
1.1610653034278235
1.2711783080741268
-1.4451750144972626
0.7958611312360833
0.745825874024504
-2.0613004357025733
0.18604461010169981
-0.14121232862563834
-1.8286192894373048
-0.2230657561899716
0.6990274751295521
-1.818346790963241
-0.7752093880378329
