1.417785794641088
1.3180350390201734
-0.9917167314624604
0.917296776409544
1.9758050201274442
-0.4827399329588292
0.38448515651227105
1.2685064298549185
-0.9773249664568711
-0.18100313599030995
0.426335124379601
-0.28177447324102506
-0.8534795988531425
-0.011866504473564646
-0.03202985809902836
-0.3266825315877903
-1.010150270422641
0.07777855256943304
-0.20971853090608614
-0.3674964026753193
-0.7993960607992721
-0.10501131754538354
0.41629752450332136
-1.2649554382631851
0.9595731127232893
0.6801168323214458
-1.5574345826810831
1.488716446786388
-0.20537315672763187
-1.7239997922037775
1.5929702371439993
-0.24095809302959642
-0.6741558977284844
0.7009396964742046
-0.28904382019992536
-1.0343611931047365
0.44713052350275073
-0.10339058806518917
-2.075554839113249
-0.3806477492497741
0.5224201375076528
-2.180034946869955
-0.5005603442588163
1.2526033755157497
-1.4490047100558066
-0.352326975069197
1.4484971981652501
-0.4843984457423138
-1.2476385861000274
1.8715202894975367
0.012851971958923517
-1.2277068574281933
1.2776448065662065
0.9143252383383933
-0.31623389260005846
1.5267249323328487
0.5743415319674324
0.526645617408134
1.3277130791670437
0.06973547959837009
0.993842111698055
0.5085486600291983
-0.5288712877659478
1.74806125624811
0.5187397263912419
0.020454760421796975
1.4288983420369885
1.489742662588913
0.2655953288501079
1.2173988733130072
1.033732703214185
1.1243599108671922
0.6160141502633389
1.7749457947756988
0.8496068706207562
0.25810524667116636
0.881945105685005
0.9612943779142646
0.8427948877747702
0.44593164674497804
0.4210756993595161
0.6062236203951603
-0.5175092980598922
-0.19690581117085468
1.584924170373368
-0.3317690679009417
0.4982993309039846
0.7352805025793607
-0.6328647873618457
0.9711805836916798
-0.09125174198345569
-0.025523634969767464
0.6447893221934758
-0.9594582949081195
0.30342378236161505
0.8034590170082644
-1.8421037518611725
-0.08061887971070981
1.1381887191932942
-1.4552133452325648
0.6580570905681007
1.6798154870909416
-0.3706141704698537
0.7400660252126003
1.673734086030447
0.5929748504234887
0.7606072855196636
1.8823465660989465
1.1429754938932999
0.0934415389966797
1.3837554540520864
0.18534475302839287
-0.20135224150304956
1.592100841687818
-0.20180242556183284
-0.8671067545401339
1.0569162261919842
-1.1790717973969078
-0.6674802302883618
0.8265520787569872
-0.8697016023419191
-0.40067895062677866
1.6708126964811574
-1.0261922518520243
-1.3123402637700539
1.573318375839991
-0.8883033913438374
-1.6412811099738764
0.6361135652240268
0.10584277130893219
-1.7813959244780186
0.8763503316075817
0.502312733891773
-1.190540662852189
1.5951435951440154
1.096774544769678
-1.4994683495824712
0.8611300445070679
1.2968505535910737
-2.121879119260199
-0.010635825143188414
1.4155649230679124
-1.0874321307562755
-0.11142960728740313
0.4126438691076755
-1.4083138705971123
-0.012929057283588683
-0.28444311173245357
-2.000250473924248
-0.021225163336890087
0.49262945612479947
-2.1591564393447022
-0.6691045544058444
0.7849390025171932
-1.1897741207724637
-0.8776263404428305
-0.17877556298829286
-1.4524634849304783
-0.7823747600348199
-1.090888024132881
-1.5009998752889304
-0.3274374618970738
-1.6857520048103367
-0.6796540965414904
-0.1170761227954923
-1.7289109325536494
0.25966662393207757
0.2306875046016893
-1.0601844807826932
0.7889291388222577
0.10911725298019012
-0.8673740216208564
0.24046768794533974
-0.7431748182719664
-1.2876733524580457
1.1936561273747934
-0.85578070218961
-1.905684906094079
0.44014114352219047
-0.7748152950331089
-1.23342838805992
0.660041991159982
-1.753490948477901
-0.6936940609515054
-0.24849079818311232
-1.6245419471339864
0.10559166404596933
-0.877681122992712
-1.5789292303008335
