1.0191324533095587
1.833897671052761
-0.5211966648469102
0.05522420937094648
1.7177156144376289
-0.28078590371356066
0.33897640149843483
1.5892285773996193
-1.24350441559474
-0.49993051514710174
1.1211045810783333
-1.5100785100998326
-0.9527980797234359
0.7364277193777375
-0.6443104599210105
0.04682249821319219
0.8496671103821106
-0.614927140594747
-0.5057290623397307
0.08156083907667173
-1.236339856203855
0.38723752860138366
0.5102024498883229
-1.6613057223455359
0.5562403261223701
0.06680105846794572
-0.8039611951228248
0.5409168614028848
0.14019325231554064
0.3148690146518467
0.6895222387431903
-0.7574013787411742
0.45087888283461675
0.07316858892106742
-1.0314807503735823
1.3046823961035203
0.4066870430976007
-0.026909395408006676
1.2196142216587766
0.7604918394111131
0.6188457443027402
1.746973973007127
1.0905986173834556
0.5444116535710393
0.8109004594820942
0.7276893884148067
1.028343888009914
-0.006352903567038477
1.346286224944678
0.29744458538646135
-0.17201182451545544
1.0284983747547487
0.8339760760037691
-0.9400666257860604
1.4576280233986094
-0.03378314468836957
-1.0894967600579064
1.1823617141260454
-0.7049205286309312
-0.3598827396039759
0.8097325611201226
-0.7839777798910081
-1.266256507091574
0.17898620172606364
-0.9448146462609354
-0.44528455873380546
-0.46783306324786483
-1.531356111986468
-0.5734377958291793
-0.07657613423564627
-2.2198674859195844
0.02892735682148052
0.7303654526066129
-1.5672668506390581
-0.05532828202522556
-0.03438368496147441
-1.3323843326117888
0.40824524828272263
-0.8642915928233237
-0.7989947195265716
1.0064428704279131
-0.5990027582080918
-1.77315782210109
1.2040939749289041
-1.004915331205931
-1.8007869549886337
0.2587535237354269
-0.7935631963507749
-0.7306314963800833
-0.01174164969799504
-1.6314570971895541
-0.5586718785351441
0.30899623899761897
-1.2401231047719858
-0.19685869357976404
-0.6037196297735369
-0.49971894730958133
0.055558662406789014
-0.3195347520521821
-1.1931174057655736
0.349835580690724
0.18908496053487067
-1.3378569930012922
1.3289175485408984
0.4011759207494918
-0.43218582174441056
0.9621072453253149
0.06549760995278622
-0.41858765817255644
0.006002110492150032
0.6812485241039044
0.2276443890686358
0.8625523241054173
0.9983533242790754
-0.8858680928036712
0.8005424600669427
1.1708757525213171
-0.21627239723344507
0.45792721788327295
1.7899096441032307
