0.58892856011855
-0.6178597299166017
-0.8556386021181774
0.23088131543301882
0.32349123913411837
-0.8646603011960612
-0.7603493473844423
0.37950699075089384
-0.6776512371379686
-0.1147164488730609
0.5475167130570405
0.04345854410427714
-0.22725200521378808
-0.3787215452397892
-0.3338523742215713
-0.02699785214574632
-0.29007865005164596
0.6166532228959993
-0.92136153670214
0.015351101654334419
0.25544005774639095
-0.4574055739180298
0.5327279586363536
0.98587608490617
0.5396816480739298
0.5119046561762329
0.8036715634940571
0.685076656634347
-0.03416817634910471
-0.04722477110504409
0.4635145839773605
-0.9896705578518324
0.07392781263192276
