2.8329920871851093
-1.869192456428262
-0.3158051364055438
1.90818270209671
-2.092373305271608
-0.42653101059542
1.3503276505649495
-1.4504616782424609
0.049716831387550266
1.0948399441652252
-1.1512510176017448
-0.6528526197714418
2.163059086049543
-1.1188197632765984
-0.4684429114864221
2.8791229416353388
-1.050888458849449
0.2183086863531638
3.12210101910515
-1.1890825695452851
1.2140749589304245
2.6987232366316167
-0.5237607263009535
1.8938411858559916
1.9397539505383434
-0.06273710754163249
2.345352874530584
1.0353741262888907
0.3553084446676339
2.5955650552301477
0.1448346788880509
-0.17461574322846649
3.0387417446743785
-0.23970440399294954
-1.0936608655024405
2.4921651724527862
0.8001018711393204
-1.004818983057874
2.8191776386837653
0.4957416226595938
-1.4447122264413372
1.9486526472679426
0.6495151594212628
-1.6687945084066427
0.9916643130410064
1.5284768971273068
-2.3132538201153974
0.8833954831162341
1.4214031525018334
-1.8058678124152878
1.6182231575696944
1.4455380083715152
-0.7977798787482909
2.0551895562972
1.8253703492253741
-0.15580646835297932
1.4120002037516037
2.0444016482773666
0.26799404179052
0.19910415396137227
2.84895799045701
-0.3306480293923695
0.8916961123921011
2.128021046361762
-1.2277511223618582
1.3591088739542176
2.2299260204892732
-1.7372061822771894
0.48136951460093114
2.4568807522819904
-2.664120110205279
0.1673585113533909
1.5127886327346087
-2.924875479498336
-0.009053351302445481
0.6629056845850393
-3.3689004543604915
0.2886609809947709
0.5620117988965603
-2.4395207566679256
0.1987524901986831
0.4890933422182676
-1.4989547586265142
-0.10210054866820006
0.31909602257673686
-1.4491827465943061
-1.0815920964774852
0.014341068440179195
-2.4263564973955543
-1.371997403010356
-0.8038200383090212
-2.8517955745447305
-1.6933400937546428
-0.7972285044302398
-1.9149629883273809
-2.15148048382589
-1.2332609670075836
-2.072577140123768
-1.2398183796450954
-0.8139119156103656
-1.3883258871854327
-0.6203025701503189
-0.39116481949710513
-0.762047908089672
-0.04816110358869887
0.17953451891696218
-0.08903618488063404
0.4777335319627428
1.0232383458487337
-0.6083128744685306
0.23894368639704164
1.8352508454903311
-0.854116051710731
0.3604330720257649
1.1866522630076695
-0.8230006898395442
1.0069422863038258
1.0301572902376814
-0.032609398716483225
1.326593365397856
0.2309067461861543
-0.8454924139564307
1.2924514313310371
-0.6203287357569829
-1.3737784539758522
1.095846685644485
-1.5054131484429116
-1.8330817406741986
0.9096708770220452
-2.0013691739087145
-1.7980346897886248
0.09688445709794585
-1.6979336488497805
-1.324271271471274
-0.7853595733205283
-2.081510953124796
-0.9696413359018224
0.006534565360634303
-2.3587292909217865
-1.2171430415969182
0.8076088449425588
-2.3008387512698896
-0.3234813671509665
1.2130548851757859
-2.5366143704826127
0.10086055815907172
0.31460522134252655
-1.7711189165810965
0.7235029455333104
0.6964253040416517
-0.727473052313519
0.5568348268667207
0.7429428325888126
0.07926139059061543
0.6367892857940357
1.2886317542652364
-0.017115587537665337
0.5679231583408628
2.20755292601509
0.5010808081856724
-0.31114344252376286
1.988061662708082
-0.44205576196301266
-0.08760728578393831
1.6973454627436793
-0.850222682564754
-0.47322172113405087
0.8485909829376047
-1.5030843634556077
-0.17368842369005366
0.6437732103537375
-1.3848940334597277
0.08187641289781279
1.3163942197515546
-1.4736068749579636
-0.8202132542588167
1.254252264102169
-2.048169638017544
-1.6221959505609203
1.7556547390143986
-1.6772858738524907
-1.887858977809184
2.5993531855492575
-0.9802740401669873
-2.598242149562944
2.6003540822724793
-0.7738406351064648
-1.6670010732264369
2.992852162784236
-0.15540760098008904
-2.0282253336386797
2.301440634686061
-0.15866952604411305
-2.223520369023533
1.310474740751998
-1.027508730826028
-2.6460275206151382
0.967215088838353
-1.0516304523545197
-1.977531361325286
1.75754020539069
-1.1287002300958147
-1.0651632418728656
2.2952656772114293
-1.8295545077978577
-0.3690860394141469
2.0907243238104076
-1.0050329209348063
0.2125635229892045
2.429357554578772
-0.6559557669249175
1.162744066246527
2.621453868824691
0.11364399042655063
1.785930471877258
2.412518936606885
0.06337055295903729
2.602256507893979
1.7639965260400272
0.8204509402379858
2.200309481311959
0.9921411049048268
1.425942793396948
1.87022431667873
0.4937703420107807
2.258959561192163
1.8570097927584206
-0.23617575107594835
2.5365765234838817
1.9479718452869383
-1.2171059095294525
1.6287912947288306
2.2139194237309496
-1.5982511286999568
1.210327540607119
1.449116680641873
-1.955604764179736
0.8510325350795318
0.6488999294173597
-2.661617593136512
0.22196254668243653
0.1247172379497178
-3.317190686469823
-0.7420611155960494
-0.3054571748831348
-3.362312738181646
-1.1862243198208544
-0.47088468703066433
-2.1704940264818218
-1.0813648539892733
-1.175575584084185
-1.565041143345562
-0.24025612333097718
-0.521522817263508
-1.9331997405268357
0.5168415352382594
-0.2932933897606385
-2.468267308957648
0.6680779109265048
-0.6295175285027819
-1.5130653890789045
1.697047294915405
-0.62475192895407
-1.4852724931840366
1.4951486544091444
-0.06863192208335685
-0.48169674948600505
0.9864172198629663
0.40762364669255735
0.21800205850397042
0.7252390371401527
1.3350796509043414
0.9161999018183834
-0.02842517883977986
1.482070620730154
1.4083216734163269
-0.6624738453367247
0.9529703534791428
1.6499253341417903
-0.8530341256460233
1.5738814883624441
0.9482632043595292
0.02520132143625742
1.806576259825377
0.39214156568752956
0.8110506278047089
1.5301901399767872
-0.13547595283913094
1.5846448166926523
0.9609228508770284
-0.15432959440115468
1.7073057558785918
1.3859375600542758
-1.1310665957331738
0.8731076563251953
1.6474040940365413
-1.0820726764220931
1.3009232221566451
2.1146334033738787
-0.5315500635109727
1.4214958220334228
3.2620427268722523
-1.0660866577256407
2.304039446027881
3.081609918448618
-1.6303985482185224
2.2858207264749306
2.7711120802118265
-0.6449763628831905
2.0741090154782205
2.608861631706912
0.3379381563416988
1.6590168585278924
2.5429526364146526
1.3362558177760868
2.351980870973491
1.9256180594636625
1.025422691078944
1.4550186083998886
1.6185950009521448
1.4152856687095798
1.5414588336221997
0.7425637721160734
0.8697227315451108
2.395563960942441
1.092853725600301
0.435437590802128
2.4178920003674604
0.9853434602981955
1.4210579505334433
1.5363083724106403
0.6415310658748352
1.8561228532450718
0.7309094801886539
1.145282300135718
1.9102169862083267
1.0246174305626516
2.2057161685815547
2.016712889875448
0.8713684933373957
3.097988016303164
1.3371314488565789
1.0522973569891487
2.7670703538970387
0.36995742829048395
0.5082261118369273
2.3018736447743144
-0.25044612487842594
0.0071334154783891865
3.0523386566498125
0.3317371675930976
0.6881675456365259
3.721862164618305
0.5823585225220811
1.655124175018602
3.474672504541312
0.8791213064481118
1.7395468120838684
3.4559057138610023
-0.18491428701169368
1.1101199966140163
4.234284266479776
-0.19427462944052826
0.7026887385005017
3.3546131959443266
-0.4537255423402259
0.5982297453699649
2.584980069476212
-1.1279743387129195
-0.20880066622189153
2.9993737566846517
-0.8102084111751428
-0.6693720331701778
2.26074639627868
-0.12998506294188655
-0.8612624697084081
1.3275402815280677
0.025962605707446643
-0.3980631214417034
0.19333632463645478
-0.1770780884153467
-0.03333975823876096
0.8860676426681949
0.12033913123879948
-0.12430392266356277
1.5754488917674394
-0.3688194646614533
-0.1714819583947436
2.168782734351379
-1.298670660010129
-0.7516963542410925
1.5973491044335708
-1.8987308125128757
-1.0208959651715706
1.807114524301462
-0.8663253495596962
-0.8744357050384631
0.926109886316479
-0.9463792792692919
-0.2091233712053627
0.29252840128743846
-1.036419886373611
0.3157468022645568
-0.3342938510132218
-0.6538734214729011
-0.31618934906529117
-0.7549404504120961
-0.9665433899109955
-1.3089750456171398
-0.15614509471875612
-1.3117125377218117
-0.8104900870650629
0.641041105769084
-1.7787875574416339
-0.10314948840455099
1.0071384374917163
-1.4643975032259375
0.5942575776946223
0.6062066498311409
-0.7367943049152749
0.5294874750480778
0.4102309444627296
-1.662510874585092
-0.05772057077568855
1.008768268491319
-2.3380980520312464
-0.35115589235531236
0.1304162371106402
-2.5713127697246643
-1.4234295947316444
0.367591960363031
-2.855822317768265
-2.015384399120016
-0.42609625063495654
-2.594424942637675
-1.4669111592464186
-0.9549516397437424
-3.289597451059918
-0.5938304067541602
-1.0766208446857544
-2.6610772745313356
-1.5619059530311932
-1.3216673534430314
-2.352117239362857
-1.8399303744162572
-0.8483091664999544
-1.6181627507515346
-2.657343752313123
-0.9598372380280209
-0.8896098059288796
-3.0696850988974247
-0.0387813229898417
-0.6052134972451746
-3.402305989947633
0.870489153151013
-0.7690689424403864
-2.423471578484908
0.7407899727169277
-0.4647565459925403
-1.5155102258638142
0.4630399831448983
-0.1968271527229463
-1.1092516265922243
-0.5703400642235553
-0.4921646292672627
-1.1660366753809293
-1.0893841226477294
0.30253303898614475
-0.7830322324503307
-2.102455169002183
0.22179603131183698
0.0111320861515354
-2.1116733559323864
-0.39691524037855247
0.8901428492963105
-2.072259987526379
-0.6816662999768751
0.4042034849897231
-2.9971195696130675
-0.5971272479694705
-0.2046912033680649
-2.9126163004588848
0.17990180251216523
-0.8020423435270237
-2.8032647727696696
-0.6797640135808539
-1.4768039807262279
-2.769843045003142
0.021634826869864367
-2.0798260427272712
-2.3485794764334043
-0.8196019202684572
-2.471947609421152
-1.705590349017014
-1.5312724659019004
-2.8025574533506736
-0.9180027418409584
-2.214170664862506
-2.9628847223946484
0.04814792095627357
-2.4370881326671308
-2.109855736961113
0.5059329107234027
-2.172295995947499
-2.699885359855711
0.9623165169445067
-1.4606873405692182
-3.482799250708429
0.39123617846614545
-1.6511927502128407
-3.4025625526317342
-0.5911132836835463
-1.4477269861545614
-2.6004521279679937
0.026404361575039455
-1.5201686733664312
-2.068114197089858
-0.08622147776249661
-0.7694524243149565
-1.7679552364452966
0.6597079463758879
-1.2029630234805815
