0.7914692333456218
-1.239230640582438
-2.346180021098192
1.3905609875683873
-0.5574545373997706
-1.8911607290328323
1.2448557319438323
0.4152434442897173
-2.0871987726416776
0.8376670817274533
-0.25358248558191215
-2.6780208683855715
-0.08219326106400816
-0.5939043359760543
-2.436218959982438
-0.08350594006683751
-1.46778731677845
-1.9117427666410785
0.32261892261522834
-1.723817112512609
-0.7479910875319721
-0.2662087918495983
-1.2673868769735432
-0.07757337184546648
-0.3844545360583062
-0.586945376296744
0.7418436038266139
-0.29099335227760675
-1.4447244718866026
1.278985116560407
0.162926034297717
-2.305338240841121
1.0612802523229674
1.060098426310357
-2.848520618949551
0.7705614379795843
1.3858320542775464
-2.3568901618269154
-0.09365656092757225
1.2017797169767281
-1.521154875616263
-0.4297953525801498
1.618910052601489
-0.6459051551231927
-0.566576861081977
2.077619100195391
-0.06601863008894161
0.19229779474348435
2.1388098226563246
-0.38392417012620655
1.167985688887034
1.5248707128146242
0.5415862294526251
1.487293531450428
1.0702917486378016
0.8196568592521968
0.5182667046841944
0.34970373920282966
-0.028576203122740302
0.48769757590483614
0.6669829690015637
-0.9967709684599435
0.8400648860322595
0.6235007091571432
-1.6723096721186441
1.5804472923302235
-0.19792119094992447
-2.103911599533309
1.9389271784420534
-0.7958802431391969
-2.2428988643356305
1.1526069447040548
-0.38254644923478726
-2.2289469063037974
0.22083898840009109
0.3957397605855743
-2.79774149942615
-0.06180879646761518
1.282169013535769
-3.3070524575061375
-0.08234118675832632
2.1398894159680633
-2.8087005336597723
-0.23887849001013103
2.016775435774699
-2.399339166345821
0.6744540179208299
2.212419632028501
-1.448701609455315
1.1441657000955878
1.3175930045531978
-1.7312706341008006
0.9190650347382747
0.4521524908289661
-1.6838843598674174
0.2381330048226386
0.6533754611160755
-0.8977662226767477
-0.1892388524499201
-0.25792085939953124
-0.3519871011471697
-0.3345682803182082
0.2661968509424236
0.4893402652894352
-0.40523084488198985
1.1303332832276507
0.031202807828371846
-0.16397245164676238
1.1990019111046335
-0.3185415648641878
0.84916908658007
0.4325305343556439
-0.09038699245208898
1.3745626165745526
-0.5614782403132706
0.28620255923924703
1.3269532664756836
-1.4764351758035013
0.5099543227590886
1.0744755894714653
-1.8321835026565412
-0.015677423989227984
0.2576117855277194
-1.1622476073763333
-0.7420678133190945
0.024824769993933987
-1.9835269738704457
-0.5688298098599749
-0.528298600105178
-2.316102223991161
-1.151186095514655
-1.2840663124657477
-1.7278366795502476
-0.4467897818206945
-1.6046977727311111
-1.9748777837790197
0.43568553928002707
-1.0169959176218377
-1.1331503719957705
0.5728183404362802
-0.5503829565931853
-0.2536191441857276
1.2404621181652564
-0.2010492802185864
0.01936446180027871
1.6591375325250395
0.5972006394894472
0.5446335236387218
0.9652009490608219
1.3155280419242597
0.1457011483992568
0.7475236023029017
0.48765026351270313
-0.8662509630588722
0.1374890178323578
0.28884711085582027
-1.3028077936264442
-0.4582455316472801
1.0378311382462702
-1.157552564504879
-1.0785510306429338
1.7893459482956202
-0.2718694955455854
-1.2532837564513213
2.4882326003800976
0.5758943864805246
-0.7789207667990526
2.079795304560883
1.4111577072012276
-0.9739730953621146
1.4003392097909741
1.7244746650804204
-0.9842617532910728
0.5463121857288041
2.1157185278280255
-1.7346392393592343
-0.05973601736425967
1.7716550383493312
-2.121931129724653
-0.9083965314234833
1.0822690855369148
-1.4827902273555171
-1.3875046039343297
0.4750164133578835
-0.5952114612704387
-1.5669212991900934
-0.4570606285296606
-0.9623330434502477
-0.9299499975812616
-1.340810942691149
-1.2071521203539999
-1.056189962187811
-1.0461539887905185
-0.253236816544275
-0.745040711217249
-0.7578621465760841
-0.6679377465950389
-1.7526183892417666
-1.281046351828701
-0.004211117397241986
-2.337990152448812
-0.922415812972229
0.4445411032585601
-1.4991836056985612
-0.19872820034834063
-0.084396336786668
-1.1704708564503297
1.0500511794761
-0.13071804236165455
-1.07839299005398
1.3471293419133334
0.8475523571346751
-0.6274434348712485
0.5879988249534702
1.3202381153203038
-0.034303602421823474
0.9902693959076831
1.6881821199999296
0.8022670088872977
0.46958024295021744
2.3031524066980147
1.4133784843860944
-0.01692341070796187
2.7397224131273776
0.5960526600530125
-0.5128198833809918
2.5156351069901985
1.482559628760409
-1.2062119077436184
1.890401487293775
1.5831953054105967
-1.974349419767788
1.193220895349748
1.6709194502776443
-1.7465617798263269
1.6288965321297173
0.746934432407151
-0.9500681152759204
2.208205747764502
0.5965146604992199
-0.48717843906033775
2.4688942349572724
-0.2756065076727529
-0.6934608663988009
2.3959663234820194
-1.2674276880982989
-0.9051344483073207
1.4157031489360088
-1.1923686594128167
0.09130211279762475
1.5791826541094307
-1.1630293532654803
0.4698052302541713
1.417440446349966
-2.0895315444327394
0.33783697513457145
0.23592149826385697
-2.0413136052269665
-0.2810399682810546
0.9262051837224783
-1.6241398925172446
0.6402866461632023
0.9339823018464071
-1.3535793755613819
0.9915068976206527
1.7682782912458208
-1.3920068538644947
0.2856669100022762
2.4246285394595195
-1.676706447701489
-0.4354920344535038
1.7810143446880142
-2.037014688045342
-0.29954748855450186
1.323862783706247
-2.8964966838184014
0.5706547074107534
0.6442255247637144
-2.8782493457911476
-0.4335599595550722
0.3636775770190408
-2.6167369367503444
-1.0915509845848972
1.0490675247628358
-2.2722676778697743
-1.4167769199827847
1.9077471040167227
-1.8005778531072871
-1.927943070600899
1.4280158502244553
-1.0257847686336279
-1.394961341861764
1.5854430358399192
-0.09207524397283018
-0.8570550629078728
1.2584482152353749
0.6965078512518444
-0.29407983018644707
1.5227396812441674
1.5882264552235514
-0.5724573695838711
1.97315908415669
2.3383910050027215
-1.5253013713188284
1.644795261551071
2.4964224721462203
-1.6778615622179165
0.6594624611448184
2.542959937651901
-0.7344384993147275
1.0733844488417839
2.7559362375791
-0.966421907081974
0.9435562788528672
1.7928053752110962
-1.2136163718030715
-0.07685723385079052
1.8686882604408082
-0.28814257178074876
-0.4247340856818151
1.7465256792741297
-0.11875768358513367
0.39805306521059997
2.0856219782037497
0.2015498181798747
1.316986911537056
2.4076381864901615
0.9211564063706507
0.49821317341650045
2.2115609934349885
