-1.1791279920434994
-1.0349519611782834
-0.7265688831111085
-1.4300813076524224
-1.4451680857264646
0.10498778448865081
-0.6096829592457874
-1.4698339125409379
0.7484313555342504
-0.6305125835135376
-1.0195987440174117
1.576170748008966
-0.410956261377482
-0.05113423171580666
1.5901627373224974
7403675936009779e-20
0.853108171509492
1.629908161327915
0.7443888239493108
0.3515630983679926
1.9269991709811904
1.2784206929667472
-0.10992530419804616
1.18357713579458
0.5109929644391511
-0.5770479564720487
1.61921228147292
0.19784586709114863
-1.4511302464379985
1.2864972335852407
0.19562959927798712
-1.89411731336123
0.383635839828591
-0.4594219135328496
-1.5628803573439505
-0.3117878607499026
0.4034641891506203
-1.5025256559150892
-0.7762210576651958
-0.4942788830679556
-1.573362824331056
-1.2834182620290089
0.27559650036741373
-0.9930083700618054
-1.6725575727983488
0.1418956388646921
-0.04603847857412217
-1.3075864184789874
0.5672166828872407
-0.17758136990541648
-0.5092725559625609
1.167499279150226
-0.8720422230091965
-0.14323134497065398
0.9443684845156881
-0.9393220097862008
0.8662269551667844
0.7886705195080408
-0.12200731651376905
0.3456648414060135
-0.12563361902753808
-0.7234380363996131
0.8859533557607924
0.14332637682288316
-0.9565019980993071
-0.0226963030337199
-0.6614873577508315
-0.629551268534724
0.07332765721836035
-1.1510615124499086
0.08382600206053746
0.3214987114965988
-1.4734517249576164
-0.5121106107140013
0.8738090336978762
-1.7420804968077692
-0.39137276892382844
-0.128609524113951
-1.9637790392882553
0.2687021764056218
0.5413179981930645
-1.663559714377781
0.5465393953960931
-0.36108066403365535
-1.2548258910679946
1.0311793669611782
-1.1920375314832896
-1.558784389018791
1.5535910751015736
-0.43200965991470586
-1.4257701149012334
1.0930604230400824
0.35270792037091236
-1.94774318756405
1.0845360096450911
1.2524020349645575
-1.040199502068217
0.5322340565217002
1.141729072596868
-0.46891870436195654
1.2720603925367184
0.5426093716927077
0.21886406753865376
0.8087145176791632
0.11336778113212251
-0.7717258900870214
0.9934027797143814
-0.4297548865654389
-0.9841423243610927
-0.06702511518876102
-0.6687730491511851
-0.8395696415059619
-0.6149321814818295
-1.5239995167194522
-0.1948605382825278
-0.6430474854311546
-0.667525737878966
-0.16804716805666825
0.09959317288085955
-0.1370062947701455
-0.19360991217671278
0.4525413501879221
0.7918753239399244
0.713120131382881
0.782967085824307
0.9342532504200388
1.5190470440015726
0.9174032270138825
1.632201786850105
1.6060607820143065
1.6915030706835497
0.9841919569636122
1.0946890707745691
1.3846908240744877
0.19255939339021438
1.1380745547064244
1.5455736084286378
-0.8764187973302533
0.7461879520303475
1.0634053421117788
-1.7095347646656212
0.02219305301337307
0.5571120833066673
-2.1652713504211984
-0.8314957888758207
0.3566086474171952
-1.6997135191715371
-0.20922480730773543
0.9430421135011655
-1.2342963949794625
0.624763296739183
0.6815155649981149
-0.9367058741943993
1.2924794079877113
0.42512138623648393
-0.1709436261381067
1.677534837764139
-0.17168941428646853
0.2863058582531263
1.7507824056399943
0.7260718073505326
0.5791012412231129
2.202374922214898
0.497364176231024
-0.22546347518307425
1.7550926630393895
-0.1887918310004985
-0.7105705108685226
1.0795075814288153
0.10272972438341624
-1.5236579273667195
1.0838717987021171
-0.9596235784205619
-1.2139726293323474
