-0.3678229246585712
0.6019488179001651
-0.8481537756698212
-1.177689755287723
0.21413937565302518
-0.392218344832054
-0.7465326419896787
-0.20440727821495042
-1.2872951719426597
0.2926295307269565
-0.08269931466107172
-1.1140828268635024
1.2464115812936711
-0.016905556793739656
-0.6743754996881891
1.0489635826770658
0.13383084474237136
0.40309670274854253
-0.008191574849333284
-0.0725028780858355
0.4900938668902624
0.34959700931210397
0.4512503131495391
-0.28103384138173726
0.6255626878773076
-0.6494491961588518
-0.2275293326057446
0.8127587060517678
-0.8341014616629032
0.8515170670188369
0.5802266144285014
0.10911982651417938
1.3220487266514056
0.34560429479819715
0.7962981412565313
0.6593329146674942
-0.4240757099047278
0.5733517597825293
0.19452253514219456
-0.1927746613433393
-0.29554621203696124
-0.2892616691973251
-1.1010467981640881
-0.8204132862172862
-0.40452528760360107
-0.8834412305021524
-0.2471996513851872
0.4606249746070138
-0.4001787104659442
0.343285756218442
1.1372389620588488
