0.4158902782597913
0.8621446683049407
-0.4965246319012405
1.179845633590448
0.21845613276925474
-0.35617630043426995
0.9642511286387709
-0.41803157074761266
0.3991857248809718
0.6849441093823693
0.5449043131782423
0.44029127163514387
0.2254518405218336
-0.042724268588820564
-0.25570465551752264
-0.30198434615010095
0.6588564607397718
0.3027248219622906
-0.5054884280851686
0.4793353702495481
-0.6498124420821164
-0.7550880962579821
-0.18527490176917175
0.05367167024032859
-0.8740423481595154
0.17604160813845798
0.9712991574632756
-0.753267879822536
-0.8111492195732715
0.8275283740802488
0.008388791423564114
-0.20516921757890833
0.7448478743325948
-0.12798684115630102
-0.9405332202328334
0.04824439915887121
-0.40846682615768853
-0.5003876244635937
-0.8268686701511422
0.2475529839725093
0.16353146957399683
-1.2027065936674342
