-1.691748432191393
0.7225802977993052
-0.7831688378246897
-2.2509918592317506
0.4394784188888018
0.11764851201513608
-1.366873428684683
0.053974538001997835
0.10055133458021165
-1.9366068399772658
-0.2770082779469772
-0.5852041943376584
-1.4697628189193965
-0.03950796938652333
-1.4278288516767936
-0.45124956833575786
-0.19222844671710346
-1.6530228111431708
0.5006113894903519
-0.4488715678246421
-1.116758356405297
0.6566497508897329
-0.6859084870726537
-0.2699939977185276
-0.09958478229659412
0.06736470799128372
-0.04036580254033509
0.5398764537872
-0.6732457524631732
0.8928707284047965
0.7491373866683497
-1.5243276616530759
0.3901051010299825
0.9061009968641194
-1.54991496892451
-0.5912409674375165
1.3528002667133763
-0.6795718608418848
-0.7468337626567343
0.8038628697673206
0.179452859751235
-0.451545581012525
1.4325715937665218
0.7248244803786421
0.29969369330088685
1.8957743832648426
0.19766552368752627
-0.5915762487630335
2.2532832473445907
-0.5621032509365476
-0.1593678885219505
1.292246096900852
-0.5126590240692575
0.26366997510765044
1.6239006624115568
-1.265716675638247
0.034967346250594354
1.3464218127922587
-1.0141674091220159
0.9801494589489728
0.9978720083117744
-0.15600413115694337
1.3780820557202922
0.5044579245257174
0.22685644388080017
0.6214453530313652
1.0781789225420937
0.8661711501665191
1.1552446911272074
0.36622927877951783
0.761487604045591
1.8576410787920026
-0.013118985030928084
-0.008492798638739259
1.327216128169485
-0.6326427314318376
0.4356766040167816
0.6147563852689838
0.16513692120451035
1.0717714434921668
0.9473997510180703
0.23571236695544606
0.9249620823014598
-0.05519021502284707
-0.5826227091025625
1.4527856071032492
0.3153832262654715
-1.4532411937569756
1.1435263992532414
0.27463420942472994
-1.576981445540436
0.4032878893214421
0.9356101320315731
-0.9882157121662102
-0.42958692279423966
0.7725677221638656
-0.38049356441349547
-1.0844595315448762
0.27914629182165507
-1.163740073873213
-0.8120358370449687
-0.17031374221918716
-0.3013525863227289
-0.8909103578350178
-0.7268804941472351
-0.7684020295038906
-0.13831567861532937
-0.6791534561071739
-0.852476182958397
0.735254504902722
-1.3101740766263554
-0.16815093542569567
1.3547579673287597
-0.9343948381710803
0.05402673290060526
0.38479738485197185
-0.9117500392767273
-0.6065951867175473
0.7983607030633078
-0.35401901286412013
