0.6677602630178471
0.3660323699440179
-0.6268093966271846
1.058383223617011
1.2103328572752905
-0.24466882943261384
0.2713395972979472
0.7765039597273519
0.20489655674987983
-0.017770639473009636
-0.1465162471897426
-0.09606310253651858
0.5086801894334739
-0.9405324450979653
0.10538969445294989
0.9012591351382848
-0.015957041692277508
0.2794490700547523
0.5698557816766269
0.4660069076382536
1.0968089561609107
0.01471872245120512
-0.024992734315019104
1.7682344184287753
0.4631945121944507
-0.51562641809692
1.0211519046833601
-0.3276701614091814
0.09465792392663788
0.8334156001421871
-0.35717841546879303
-0.8527737717920106
0.5773890371974989
-0.3907281067719786
-0.9868739669702434
-0.37917812413443763
0.22044421785682347
-0.4558079235705644
-0.997035006896148
-0.10844214290803349
0.47293123168236045
-1.2358752188847255
0.15556100631359554
1.2395725045791937
-0.676138360281633
-0.577922663098157
0.6321827626487294
-0.3383994334649927
-0.7228423085691362
-0.19792472660991242
-0.8467945214510909
-1.3745365358324981
-0.8867701982990831
-0.5386000481435356
-0.95410567546643
-0.23444504378809694
0.09282680398256475
