0.30138247081718117
0.7023638377625642
-0.9716882066238718
0.7880504609310397
0.23899053383493854
-0.4304627758849666
1.4493142999649704
-0.2457801953229405
0.16693671946036817
0.6428192546584003
0.24024881051313354
0.507414430021545
0.18413922245685027
0.27621032484404656
1.341865796507127
0.6913775087884803
-0.5805938681109609
1.0230640287679444
1.18370605774358
-1.1928359197754914
0.29553457384208076
0.439352185655087
-1.8083882016107962
0.6066951493061475
-0.3510513908945561
-1.2456669214121776
0.3733696773128774
0.3528531484084483
-1.478094459410926
-0.3470361966613073
0.27920916573564214
-0.5000717743085876
0.05651196635884212
-0.6162977302356815
-0.4899939581266817
-0.26768567696340745
0.11410606280529266
-0.37897432375702317
-0.824405632137378
1.0017159027662457
-0.7361521536315042
-0.6663938707345796
0.8700787680459728
-0.06672975196416463
-1.398286319742795
-0.07729368718686043
0.09520864687479244
-1.7945066676469361
-0.5223687717047575
1.0280190131062668
-1.6196595834039398
-0.46724361644325907
1.198319763780027
-0.6143176276251059
-1.332177111532519
0.9854924907583447
-1.067267440926119
-0.6594985743252558
0.25626816356155374
-0.9031774446920382
-1.1742161012791528
0.5841769557721319
-0.22706259263301437
-1.2307450140160858
-0.05867703589697178
0.5549389833335335
-0.4511681423497335
0.713213901659233
0.8335759286586852
-0.1339850506560036
-0.25998307926154146
0.698139710765014
0.03596453225866657
0.23141706927806904
-0.2832630848122199
0.4116569098587021
1.1030746127332083
-0.14364279293727403
0.32790644921609463
1.1509017417344
0.9099462969019305
-0.37263998738995385
1.004299591062863
1.6026966978637924
-0.7712836808570593
0.1113464024816565
1.4523126395719226
-0.913663541239786
-0.8776102171674792
1.1358533147530345
