-1.1439167935889267
1.5287847339192844
0.73268947704494
-0.3574188460030457
1.2258051801623446
1.246287802609213
-0.26459707830026036
1.4829870318842986
0.24185115756060388
-1.097954437655373
1.1303419607866554
-0.19938810337073712
-1.7273730699589167
0.32699394971642376
-0.29044975186016
-1.9579444200557128
-0.1974400699267073
0.5275237080342823
-0.9895180241426806
-0.3588773291913866
0.6855730471808511
-1.292831242383143
0.5466337452780842
0.6093676336534143
-0.9108534325215965
0.4502227093676908
1.5063566903600294
-0.28989363147301594
0.37963345049620933
0.7075258084894265
-0.721310555785585
0.11928302591309692
-0.12335522885631058
-0.649964229016643
0.111287621535975
-1.147887621816439
0.16076729028760176
-0.3484851725260169
-0.6505525906760831
-0.09343001261178568
0.7163797654845069
-0.6735185045496959
0.5270474454004327
0.4025331932999417
0.1847069329019923
1.1969614833241258
0.20485132021931637
0.9443514979596889
1.295988626681378
-0.763698074626505
0.7768132854691777
1.2719712349883228
-0.1625080085824293
0.08216321887522478
1.3542374989452115
0.8928785042734301
0.20284410678601997
1.4010279856840016
1.2785274933763286
1.1431765717514193
0.5754378887152939
1.3831285052091935
1.7032242179564516
0.5112745435118059
1.1244330770467543
0.6819288181903054
0.5282085204641086
2.0672362811330336
0.3718966592712261
0.6055045876532785
1.3340730821339155
-0.2672057949610961
0.954062791714182
0.4991822198253882
-0.8380772982017909
1.107134227787666
-0.523677674488799
-0.8697931563895586
0.74533162920999
-0.5596246387259194
-1.8153641808911132
0.18296442567036406
-0.07297746503004025
-2.4724300688544205
0.2316095942411791
0.24069840318156593
-1.5621687896678482
-0.21178783274913096
-0.6079340305040882
-1.803462361811564
-0.5265470360566684
-1.6573889147420462
-1.3257330081634144
-1.1084336925765057
-1.5763202943372987
-0.5123754303469569
-1.3755221480095594
-0.6398384851414887
-0.2131267166732577
-0.6662984738103552
-0.7683973160324525
-0.7263871586666227
0.40371598812199894
-1.0906382372149335
-1.115459645307032
0.9044163319554841
-1.7409928227951796
-0.5489799580322696
0.7007451944500005
-0.8477332526926439
-0.03904515007907076
-0.3274100832794673
-0.7110902631841821
0.009314915896023152
-0.13855103171372168
-1.5680107571356483
-0.32295330244895576
0.5273173643688328
-1.8517811697510178
0.419960039585754
0.08906386233434149
-1.296804538161338
1.0975154256567317
-0.3182875252378981
-0.33497282977601883
1.4408544904868221
0.34001420788082964
0.39261058023681683
1.4393102379855807
0.555040873539576
-0.1593144899139644
0.7624780779191427
