-0.38478451220968724
-0.37911857610066896
1.1071368149232348
-1.275610565739407
-0.043174016397802314
1.3732678588707767
-0.5650970247813611
0.6120630234185798
1.2950095265833041
0.22810517055004323
0.8650763635507634
2.0829226879216836
0.3379254753218895
1.3324770633877372
1.1189006448547334
0.9966340115532376
1.5048950004920072
0.3181651438326851
0.7840514557935347
0.7027280553699757
-0.1430412598744159
0.1859375690437607
0.5423830643716147
0.49631459755961316
0.5108219056198015
0.11715298609993047
1.2786243564664745
-0.0011286792591696498
-0.13121082836919615
2.0899615094868085
0.5236683677537898
-0.8213964786336083
1.4694358427741794
-0.1603980983831776
-1.2782299664310304
0.8506205115183746
-0.4754552285403348
-1.0725581378141407
1.8700701806263655
0.3709524009227662
-0.898141490897138
2.5392933040175114
0.945003663548556
-0.1593935970723197
2.113487738225946
1.680024389391004
0.40810955467278287
1.661668655595052
1.1164133910648273
0.6717177572664077
0.8881281366430951
1.2240261637969954
-0.33082957326509066
1.2920902931345943
1.1295045956434833
-1.1304930438469871
0.7168806388048284
0.39003340975461126
-0.428712597826837
0.6504040139314589
1.0772949197629327
-0.09718134982199784
0.16666001897335106
2.002612785452089
0.2995635501269186
0.7068017172854466
2.0887094651201026
-0.13265255581057814
-0.21242249666898427
2.077981483589105
-0.7776921568576506
0.5918123813620969
1.574386089134768
-0.937544997506334
-0.2305285606807252
2.033853908900962
-0.6072388885201532
-1.0306407413255203
1.976495245747526
0.38626965919857287
-1.0085657979151732
1.6304474421728923
1.1668466514394706
-0.45342300304475636
1.1060700199953237
0.7694373875640103
-1.2432887823471797
0.36732095159878486
-0.1619396320436228
-1.306646164535819
-0.0595683905167327
-0.8176445420887776
-0.8745620094576071
0.1028347622093182
-1.7146604967181938
-0.8793330053250858
-0.8421120035790832
-1.5200327166245837
-1.167629355140379
-0.4839515018346827
-1.4716399138533345
-0.10600761390192419
0.4202258097607453
-1.2318677236864741
-0.17148561679992314
0.3617634522172956
-0.2116293345584569
-0.31357497802851725
1.3243578701915504
-0.2533546423103648
-0.6407448731888054
0.7970073423945059
-0.990881868609155
-1.0314880169325638
0.22406725380924764
-0.9033824660750565
-1.8276638804996486
-0.41749569521867985
-0.1332769622972647
-1.8535891042453083
-0.2860869019565924
0.8974777315911384
-1.895898104034139
-0.382295237730586
1.6502448891211767
-1.2273951763881417
-1.0824899092075202
1.4907775158572043
-1.9236699892204865
-0.9041489324737235
0.8429194182022719
-1.2022618987316505
-0.5175122421756525
0.07179379193671673
-0.9817482871448937
-0.031632871089392375
0.8756259351384041
-0.9946217290649831
0.022918619098799976
1.5024570631377285
-0.30532768621674256
-0.4717061619052654
0.7258114530171028
-0.15768044672527357
-1.2763852322503553
0.12467217933007133
-0.5189673302577267
-1.1575887047031246
-0.693956327156701
-0.3856271243131252
-2.0608004470285173
-0.4496810662108998
-0.407045810027935
-2.0457776259641305
0.38038022661380383
0.19559183592605178
-1.0865041216353468
0.4106901977695027
0.522536975907317
-0.5991214312327926
-0.2930460041740014
0.2561719767610304
-1.5107350157620076
-0.5103734267258283
0.39377867048248116
-1.5269212354237267
-1.4333327696549396
0.037270249771661455
-1.828277689660541
-1.2424958420951295
-0.9246929887281943
-1.2796837366311578
-0.4282203775464669
-1.366634114652163
-2.0326478753261283
0.213212309722272
-1.1954646634062518
-1.8515442187633793
1.0514590050172794
-0.5748298302203076
-0.9328665422775296
1.491517518169867
-0.4049054216317156
-0.5242759909693434
1.292618182430805
0.525542503634386
-1.5568455666853873
1.2866068335865635
0.3528570748010052
