1.5450440832308723
-1.146050947484824
-0.2597007337314547
1.4017755992192908
-2.1859583271153524
-0.5463011661105017
0.6359740306968622
-2.677948391049819
-0.003191333158542085
0.4475134996066428
-2.227475807876147
-0.7863023985043266
-0.5889448443970055
-2.254379620990724
-1.1464284462734253
-1.2635312307944366
-2.737492103377913
-0.6814728042847377
-0.9457012435031129
-1.899198384241857
-0.24959092555135498
-0.3108188421452319
-2.761692538019433
-0.3757347028198753
-0.12189124941069039
-2.0884717068999823
0.25560688702906603
-0.8822060393136596
-1.6449008229623556
0.7772172729943654
-0.40100655825363346
-1.4217180984216384
1.6554146921388193
-0.5284481334536049
-0.44537850212435853
1.9075210815027526
-1.2536092251915436
-0.9310445485236939
1.4405778505256317
-1.1585256548436724
-0.041603607813615016
1.463282767279755
-2.1447711618271215
0.04516090155735473
0.8043789971553404
-1.82989921684505
0.7485798064271765
-0.005026692299193799
-1.4782048489619108
1.0905720491164184
-0.8618993612944389
-1.140294209848246
0.18802222996966148
-0.5918170966237796
-0.34048731959168
-0.13081298643695316
0.06719011636385065
-1.1697085428576335
-0.08976824906676313
0.3323555140276446
-1.4094030546067458
0.9842118646619556
0.8927765742250463
-0.8573295521582084
0.8888497340962327
0.24281492862210946
-0.5657944385245867
0.35533176110974096
0.7583366595067121
0.33887759877953194
1.0617270993909906
0.88852390377295
0.5080319126651646
1.9553311258480552
1.1215452718192676
0.9150304494775787
1.674563258184697
2.0003049214595023
-0.0066464271548056335
1.4856707827606712
1.8572537389660866
-0.4580430398305201
0.5647506109460193
1.7982321965700607
0.6103304372987919
0.7617025524708131
1.7601400371958087
1.2181289604479213
1.2430574870844722
1.0939921707903946
0.9834275578880742
1.2446323702734814
0.13585012078322747
1.8145948626256665
0.641861963561309
-0.018600280293350722
1.994832494032993
0.6254549207827906
0.9317514457837682
1.1492188238031633
0.47519685859349825
0.6210047761735948
0.9753979330957449
0.016275954475466186
-0.34480323928203177
0.40634490417018315
-0.3652139396045691
0.4515181699201115
0.17504224763946222
-0.10295875860629232
1.3658845836091982
-0.5260041181724097
-0.40646199948689277
1.0343732239836962
-1.009686087957594
-0.9280966955563386
0.007894850967359176
-0.6814390144874076
-0.588404769363986
-0.9063266471849116
-0.5043339691662212
0.32942299503389727
-1.4306831272623268
-0.33601102212362427
0.7926445883501411
-0.7055372301534474
0.2570241624282859
0.47652352380193036
-0.10504059808148934
0.1803971446810427
0.13372756763612026
-0.7174735747908064
0.636436060188431
0.83248368722213
-0.6798235969351587
1.564527491116337
0.49877401091686063
-1.0030410071537477
1.980603439929306
-0.3312770655585704
-0.6532422345914506
1.6532505760685094
-0.4473987847931826
0.4589072352311647
0.9103696670649843
-1.0901673265785372
0.769717924468514
0.09783075927921361
-1.1455722581407584
0.2185147008844776
0.600226230141531
-1.6518388098341326
0.008567397793803153
0.6011973284071849
-0.8166416164369942
-0.35636556956873344
0.2973381055376392
-0.8488177909467071
-1.4199600101606167
-0.12437573188131738
-1.3615099810575773
-0.5957048638196657
0.19977815715671865
-1.7085084329174725
-1.6507851309522033
0.990752941373381
-1.4011643850316005
-1.1284888270217992
1.1650421174979573
-0.346794454686659
-1.2086729000199035
0.5132128148034457
0.3800884862755072
-1.5864381953943634
1.1500033508645673
1.1504098344126075
-1.6911469407638409
1.1380024656990644
1.8122483384451205
-0.7934744154392764
0.1576442215558173
1.6919885363709037
-0.9177660301568089
-0.0007567025084661912
1.4931724896674696
0.0801273321642031
-0.6030707530306392
1.4599571842716428
0.9061935208480185
-1.2625141591453106
1.7334727312707177
0.4025915250175019
-1.7868301546930494
1.9347838649005709
-0.46456969279846305
-0.8261263185306085
1.8305406962199813
-0.4571521818437564
-0.5569261715525258
2.331426677260839
-1.261492170555125
-1.4726395629005795
1.943743548933493
-1.4057676061814548
-0.6672238288087498
1.3483596187043494
-1.5005406585170922
