-2.1541638874530187
-2.184582176717289
-0.806349311078834
-1.4371141616007161
-2.9903460710230414
-1.0858497619748801
-0.7855226559963574
-3.5729964726323877
-0.4552575588468641
-0.11833752869862804
-4.257869164814357
-0.7944738353485753
0.8235919077431062
-3.867239981911744
-0.9091974510295984
1.558542084922477
-3.0849750308269814
-0.969492807289198
1.0661444366117931
-3.4288703166488137
-1.7880154278129023
0.23930744033819049
-4.0084989974445815
-1.7253865880274697
-0.13126400785848805
-3.2791909955509437
-1.0940523795384829
-0.24907937888904175
-2.8088881323723967
-0.16267595184830078
-1.0218631576549453
-2.658623879331891
0.5572828407671129
-1.2955371875655879
-2.3434495554679144
-0.33787032918059956
-0.48829419200603413
-2.442094690609635
-0.9692748003034405
0.21286519542750026
-1.8798212505788414
-1.068833396517665
0.8230277473408549
-1.227035482391832
-1.6980296314563885
1.6087841070479085
-0.5694203456777791
-1.5493800274061873
1.220096008901914
0.41207795513455747
-1.655687137351111
1.7576503049709244
0.6249588401315063
-2.564364341138293
2.3772124999660535
-0.1979404641506539
-2.3172705107743288
2.2973760047964427
-1.161942090528901
-1.9154473189407442
2.1118664095740205
-0.9201358051133486
-2.913993667813886
1.313927699860609
-0.34128280054836047
-2.6411842035557154
0.6056190189215713
-0.3382890778855705
-2.04192990607042
0.8092148574465781
-0.598188490547957
-1.2612098277867185
0.48515896349622
-0.4538499770598408
-0.14726228087478613
0.4532533976157745
0.5782821187262781
0.13731527065539592
0.8390756415251155
0.555049330282388
0.9769527719675352
1.1628781646548536
-0.363112656952768
1.1186026812600864
0.38801693843537166
-0.6141644989099753
1.5515496359565224
-0.07037696096709559
-0.16881048876597363
2.562108605669403
-0.6488167239483374
-0.9686912787150836
1.8564101169071172
-0.4195229998501059
0.21229511388873268
1.426711004110686
-1.0622577966951765
-0.42638726330214416
1.3122610743636094
-1.740348388233509
0.14769543650314343
0.4570830149309632
-2.190766773141372
0.3129950593691155
-0.11999497511696401
-1.4666540292271746
0.7370095431939938
-0.2771092512723163
-1.7148000828407794
-0.5627683389525755
-0.15848139737543065
-2.478254425837725
-0.5095520749356526
0.1401564548616959
-2.6600092134053064
-1.2091456674958692
-0.7071666271878325
-2.590376166028269
-0.332444572792051
-1.2632388042882046
-2.8440330281623707
0.5561927228917649
-1.0920977028882148
-2.5265835205206857
0.36276260005734245
-1.9835287749946142
-1.5598831804357292
0.40768876531061005
-2.131566493676872
-1.9765194071588765
-0.566854101211789
-2.0372497880756066
-1.3559346778041195
-1.178557933976117
-1.9193816114944477
-2.241527785559784
-1.4109726985971733
-1.6291153083439107
-1.7541465661504345
-0.7060499464112955
-1.100203611416527
-1.3070074985460707
-1.4387072369423897
-0.566193853603083
-1.358218382374983
-2.0465395451205803
-1.312055805057865
-0.9853987925478197
-2.161041045938572
-2.3124617732495234
-0.2320270401392533
-1.8345844184151892
-2.9367792061323192
0.4836254331887483
-1.109554068847054
-2.681615509006683
1.4300686211611613
-1.4381766713718915
-2.4378529321610882
0.6719677125648567
-2.1297350574627654
-2.4780323733083858
-0.13055018791054038
-1.8303730324968124
-1.8935434652395005
-0.48285920777723434
-1.3030320368668173
-1.1333165544179657
-0.10812796964520849
-0.3980800499436023
-1.196786197693812
-0.8949232634736164
-0.19446799522909966
-0.8583766284954664
-0.8932115754663289
-0.0057779502356950264
0.532214538358065
-1.2513936611262642
0.5926403581808599
1.2956936812858526
-2.14986630992431
0.05889393708572204
1.5408342845693574
-2.719882333853565
-0.5973965188678364
1.108279829660258
-2.4733828840886973
-1.565619410729088
1.140961302849215
-1.702905713814083
-2.189688886841793
1.1994387480491777
-1.2798256247435507
-1.5407522021233833
1.9979182298799973
-0.6734167349902037
-1.9784570620808064
1.257349034250512
0.15127036810607553
-1.5398919108475082
1.345446839077394
-0.3787061804375487
-1.8525061589236596
2.158920776556245
-0.8180434819710595
-1.2345285758810158
2.7736561028060023
-1.2954761154756456
-0.5786838395044704
2.3213412889786165
-0.8573054298056033
0.3134287108501723
2.2479095026075697
-0.6396194719287808
1.0679222085714246
1.660142531021799
-0.29069848368893325
1.897162206409291
0.9125767300054733
-0.8350413521611959
1.319884729795009
0.13878454607679375
-0.9290989227378866
2.301461602229184
0.4568862703662085
-1.501578628377974
1.9296348254546116
-0.4044738559211122
-2.0600349776499582
2.0622569261685504
-1.2071878176669157
-1.6291913852839932
2.0177498871718202
-2.1066033990607265
-2.0180879088064154
1.1853213776133018
-1.7320268997458352
-1.7217765986882783
0.2812278601014255
-1.1880271668758513
-1.2688115649856628
-0.35379628211804004
-1.6029765816804513
-0.4229887566271694
-0.8743236334279604
-2.0401723850488858
-0.33672698103532867
0.10186138593339424
-2.2280752341749737
-0.5951734590841995
0.5395390595092602
-1.2542856495025458
-0.14821618892930358
1.1040023383255226
-2.261810392738936
0.3277155427054201
1.8011137640834027
-2.6582869871324144
0.7754307946021455
0.8908129309965578
-2.3789603420834586
0.4517935012050016
0.7090090102348312
-1.4299559468219267
1.091187806009552
1.0776776733074456
-1.0603651089416763
1.5894366803895925
0.8241986941762107
-0.3649299237531898
1.2493323001455479
0.01591929313580962
0.2554550716972726
1.7966322270435655
0.7344245593599601
0.7720015479976594
2.3577503151423387
0.13681654143364538
0.02176615604335362
1.6653878093838934
-0.20261670728010453
-0.6484194907775663
0.9850095734697799
0.3489204171892024
-0.6911983420749565
0.012482559731753193
0.8825677732791509
-0.6784702329522918
-1.0964412579579699
1.1639660119101778
-0.8775717491938692
-1.073453767753174
1.2401492824340443
-1.8518071018422284
-0.38757579263900077
2.0028947679965174
-2.0496038866611572
0.453864134486819
1.5407271869690364
-1.7279124540267468
-0.12268838591454148
1.8186645356611117
-1.0636855533653582
-1.105345401778398
2.2444789041820394
-1.292149008785227
-0.86680983447506
2.8597310663872024
-0.5849958910456828
-0.09026121547729381
2.291263011214636
-0.16369358165049905
1.081927522038834
2.2468691730981836
-0.01392645312781277
0.6806631389471446
2.1613382075663923
-0.8394207570287348
0.7304733295217303
3.09600253078629
-0.5313992695610777
0.5310366432017282
2.9332614811233575
0.6068772047668377
0.31087050686401335
2.3572093979874547
1.3884141373850338
0.020378971322655204
1.8699647689612333
2.2654203491640454
0.2206336470203235
0.961454741433057
2.5693763762562836
-0.4815363202790676
0.48924669383994507
3.1148093886926964
-1.0409808075465863
1.2150910755973934
2.66016770932791
-1.459787592920081
1.6800265719321956
1.8835859501930245
-0.691372904452513
2.334610401495295
1.6205843044648451
-0.3500612402329551
2.942710226249945
0.917313962164241
0.07855131627685807
3.891124401485402
0.8608775706585114
-0.510037161316403
3.613980161957151
1.6626206726557564
-0.10437917251928022
2.890284909510928
2.2549964833415324
0.43589872180758693
3.260547622007916
1.4900470307797622
1.0871275941651974
3.6440699084916384
0.8923087883068027
1.4229469279832978
2.6785621491991596
0.7819193180708035
1.2677498503999938
2.3038342664802482
1.6850712681918036
1.270281819721668
1.3095855244124475
1.3932031933444173
0.2624044751584525
1.1548467463358785
1.59187551675111
0.8664725442544988
1.5737609021931158
2.256412721958373
1.1688848946628057
1.1290002119311628
3.0829350660487673
0.365090452182435
0.5985912437680498
3.644670522090786
0.37033170920416125
-0.4594569891543729
3.3340882343916642
0.13745497812559357
-1.1406177387378507
2.637863941552253
1.014670943488376
-0.6331577252591758
2.3509453565545932
0.6723430936085266
0.37542803029932426
1.9058886090930185
1.5865081956650138
0.14089275906194598
2.1040993884920525
1.760258472352646
-0.9399814588537949
1.772233483667317
1.9227550830530844
-0.571537947189322
2.666253280501147
1.3932431568692993
-0.3528976865603881
3.4872762168715954
0.980063614240699
0.12139953259222565
2.7686561008740207
1.8538846748066364
0.3791403108946002
2.9690486111172483
1.7756101082429643
1.0466664420282528
2.2843422783543206
2.37381433579517
0.8470899080410617
1.5510603653542603
2.241118365874481
-0.03852775876674229
1.145288618552123
2.8050943181635475
0.6467312741335546
0.7182042347458187
2.433096745827768
1.283114138480326
0.011349201875180407
2.1072593567609506
1.3340299308761867
-0.9765649660177821
1.5473797595618353
1.2862698103381591
-1.8997971259057642
1.2117860372107985
2.152405212931239
-2.275662179302037
0.3680383810021548
2.5889029739924494
-1.942158224278164
-0.03388407633099536
2.798597165011409
-0.9812569364912562
-0.21106344606356697
3.3296631871257567
-0.08483319212890453
0.6537018699056755
3.901516267337979
0.07964033311212586
1.5297131631478253
3.274911544264375
0.06511521085024127
2.0181237094970936
2.4340735118253103
0.04945817671289019
1.5695886797655738
1.758134955096814
0.5695236613176928
0.6271310273360908
1.365321105787278
0.46616491269460986
-0.47898418328968184
0.719118997016188
0.7465046223576015
-1.0058679503877381
1.4624972130870022
0.9208583589036707
-1.8755423363560737
1.193342424412451
0.16246556416563546
-2.0395723610232004
1.2842773261196219
-0.6950605701337738
-2.9348768866281176
1.154250151743559
-0.2217400425853557
-2.659141334516975
0.6759876000532943
0.6025294234208489
-2.0113606216529747
1.015461638323016
1.244443645372863
-1.8168831279869013
0.7471584089659468
2.1484005043358505
-2.264992683579423
-0.15113607394799458
2.446550500174209
-2.0192893480199285
-0.9087297758616943
1.7639962154938802
-1.812473819998842
-0.8524854578240602
0.7381241598332591
-1.2356321208111782
-1.5494220320113574
0.34822945929650767
-0.6102271241663926
-1.8055205260850216
-0.28222085777203676
0.17832984334982382
-1.1880653663219616
0.46550484871491155
-0.6451767834484362
-0.9140342090757504
-0.024093087958615828
-0.5778108734586788
-0.9827359523260774
0.8909000916307469
-0.0181459956522272
-0.21957103702413033
0.6908626469726614
-0.3566110265424684
0.04507473262858305
-0.3817427852862822
0.07676509443728875
-0.9184103430147408
-0.6386223036001804
1.0198630096541212
-1.1929944412268407
-0.5509260904191052
1.567564920272548
-1.9181084251527996
-0.09157864251108404
1.1615185923707008
-0.8631862235528249
0.2728006661960681
1.919053495537157
-1.1784906707728955
-0.3474574379940481
2.0813693532982716
-2.2129127073692523
-0.6920408046832874
1.1858725219147948
-2.1794705149548212
-0.8871991115080191
1.5566674103666467
-1.344186537399078
-1.2412298536312623
1.4492432603812986
-2.241364812424978
-1.881493148401759
0.48739955575422456
-2.6173142926272255
-1.6126277509018654
0.62158757185668
-2.844790899371695
-0.5333078239666871
0.16975663257557647
-3.637832423000778
-0.053338365814266486
0.5399945727337044
-2.806031216940889
0.4332675203388436
0.5509684511005074
-2.0820458287607293
-0.07418590908906089
0.7731262383673204
-1.9154073293695746
0.8310712779743556
1.9639962223792127
-1.4755111492003095
0.9145378152642418
2.491155781910301
-1.7572534720250743
0.07384973113915595
2.7051302606928784
-1.4796429935764523
-0.9657054105812111
2.4595387740386276
-0.5565551090684527
-1.12302410582791
