0.5356865688380099
0.7638675581556843
2.2550621463818463
-0.09150552209468382
1.372308253944946
1.6168842533541246
-1.098395246658152
1.4844335496660894
1.631064733548881
-1.6951337980596417
1.985233479164332
0.9288403947287025
-1.373618290524138
1.9560225392899133
-0.06399806284497296
-0.7973625799093085
1.6901787624538203
0.6806096292673027
-0.025171234073757123
0.9772032484086558
0.5730519700328179
0.33041079285650643
1.9800456919980374
0.8197455461625491
-0.3439313480450424
2.4776455686689114
0.2805872604383189
-0.3565138372074999
2.1729210576954556
-0.6495070223891264
-0.403105671448741
1.93971443984166
-1.6612712971175698
-0.7047929215099761
1.6479892992025498
-2.6313166116471263
-0.35547049158943256
0.6525095929019006
-2.697378201398591
0.18712504818723397
-0.12211206227337909
-2.6267550367361316
0.11179844980922686
-1.0797749754007804
-2.262446409475779
-0.6793573734087051
-1.3701537893362554
-1.6567863603822943
-1.5779934732413572
-0.8418181615856594
-1.7677919243783635
-1.0671022956065233
0.03335211023657802
-2.00386131581504
-0.27184684880895504
-0.515571657471006
-1.594032508407958
-0.058544474352539476
0.521347666280971
-1.7187652817157557
-0.6951227002497021
0.14102021112738558
-0.958438621986193
-1.629319202263926
0.05267359924820901
-1.2263572931076325
-0.9589479912973822
-0.7727892550144787
-0.9150302251669723
-1.9191786857858413
-0.881648759730059
-0.6454293961147514
-1.38902470397216
-1.6220582969279072
-0.6655664928216088
-0.8073067653402874
-2.446734440986591
-0.5464228014681162
-0.44600735492363136
-1.9035583971240508
0.28195746690563117
0.1403821488678269
-1.6483915778710831
0.9149697654684336
-0.8042882811004339
-1.8640338544922137
1.187514024141145
-1.4028016020664629
-1.6254207507828156
0.36918235373665237
-2.2493116151570254
-1.6365481409535811
-0.2362314690565763
-2.2047885242571033
-1.4822798245411704
-1.2229355592488687
-2.838496102045087
-0.9720723987092641
-0.618224003718921
-2.331560001816045
-0.7751799179383709
0.2302379425020426
-1.6404601807485217
-0.8666066129049269
0.9842279013622922
-0.9110507349066631
-1.0060030943709308
1.7077497942561044
-0.3094047611305897
-0.2976002976947187
2.214854803561787
0.6378052069776948
-0.02481704658219919
1.6479778788080066
1.2247751392086317
-0.649414210174298
1.089986498736309
1.0980182883176424
-1.2830516507747525
0.4915107665378812
0.44785216369069714
-0.5448663153209758
0.6847132052839882
-0.276187153857078
0.07213969449170299
0.6542045895489872
-0.17831370655163803
-0.6265320365596311
1.4518709894078896
-0.6454665058676039
-1.0757412530269277
0.7402547103957173
-1.2748759152722893
-0.71761527379533
0.1048475757979778
-1.992641530071954
0.10609649371555663
-0.14386544054427025
-1.525852509321674
0.8518547714457133
-0.6180340316865263
-1.2093096586732288
1.6732966694649698
-1.0583497080879525
-0.25408779586080077
1.1420348838189562
-1.131251676881157
-0.811033013810494
1.0154516214156595
-1.86069501842159
0.29491637649154345
1.283144009093484
-2.182935765682986
1.2119096644766376
1.4207550886015725
-2.048435672835157
0.9064140509152638
0.5553258120980201
-2.156398078755168
0.7693831200567798
-0.4592272254978255
-1.7136094175111192
1.1763655841066787
-0.2833731612758573
-0.8949773793787794
1.5575871565789523
-0.49731069975991976
0.13807771187230097
1.996462796691983
-0.9611193800702915
-0.6574615042115635
1.1130884023728238
-1.1769799605097704
-0.47019291088242876
0.2472930237184408
-1.1842825392597254
0.12853275434746866
-0.3194526190562195
-0.5264408850624002
-0.2934253515390871
-0.44202256995140343
-1.5431225608245065
-0.7127228559782944
0.26049066986651137
-1.5888243152466965
-1.4252179419333821
0.39331970199503524
-0.6948488030028948
-0.9731959173266993
0.7488074897341271
-0.0943838124800416
-0.21533637554695687
0.4935179854505142
0.22175313272687897
-1.0459611397788051
1.2819854267247994
0.5520936409363735
-0.5234167127546706
0.6433047769756399
1.0216881761565815
-1.4176191221292678
0.40910145872725456
1.2799760062448087
-0.4402428848527019
0.4272568939427405
1.9395848897511208
-1.1398397913384495
0.5126500947646471
2.224676805881242
-0.1539247258237139
1.397340940477852
1.7128921852547703
-0.42231221501409094
1.803930614301315
1.1509103271366286
-1.2434545001549713
1.9894224689391453
0.1682083119238308
-1.3337890031817634
2.1010839397586545
0.172622907461595
-0.3172001048262611
2.5333018687198674
-0.6697117183201056
0.12233134690442436
2.2203055599560395
-1.1054287643350116
0.9880929627216665
1.459583601151172
-1.5431657659266012
1.4499926612149048
0.734254353562527
-2.0689594686760695
1.8615722924851927
-0.21376627294811815
-1.6559554101025549
1.9793403799758709
0.5351229563682776
-1.4887129575186069
2.6577171320204855
1.4209289121677369
-1.1196873234263685
2.346154671633018
0.701575012047957
-1.044973470651376
1.7923843967563562
0.6749245117906725
-0.5179271232346961
2.597938458763401
1.392968416093769
0.17297120218437123
2.3804920273021413
2.0391341429108896
-0.5067324788185126
1.8770984739482601
2.212829940790298
-0.09819875653919061
0.8207991489737592
1.5740047727265174
0.4500902936210481
1.4471190241949319
1.5370946232525984
0.46388492851835417
0.3913091897943833
1.7482377411495418
1.2406615792422808
0.9736418257852827
0.9019236809961364
1.00710379306145
1.3283177575177296
0.9304948730154853
1.2684460809240425
0.4318228145074503
0.5509194344953091
0.38211718521967625
0.8163690783533815
-0.15843114108747464
0.25124158187950446
1.4604577236367162
-0.8935100299598732
0.6777056128813871
0.9161964859355954
-0.9800152046444357
0.4095467944406164
-0.004092209514791111
-0.027675067251773995
0.4476471284499509
-0.1481300122452784
-0.7160469343056078
1.1962486595610868
-0.0660069491052125
-1.5540610440287266
1.0559426499116722
0.346046894850256
-1.685951355760388
0.14100731581967807
0.7722877850208812
-1.021476203134893
-0.09582622873762854
1.6146411140404378
