0.768844442944369
-0.5274330857834552
-0.2541194388945391
0.21595878075507105
-0.5475656594301997
-1.098008381804936
-0.13891121087745656
0.4053397198306104
-0.9796925755273462
0.23028660502536036
0.5855352723431128
-0.13243110859739296
-0.7658425253301926
0.5396542272363444
-0.23010097974654986
-0.25768928763818894
1.3116388745228942
-0.5287473691654648
-0.3458741724441016
1.1048248641458123
0.4657315996000149
0.5396124655159964
0.7855177455353263
0.8470626925736127
1.1773617568787853
0.25983011715211785
0.23193394014818972
0.34592517821459706
-0.19092768614309327
0.5871118038256267
-0.5708756975495455
0.12864523180485887
0.6381586271422748
-1.1574616699772793
-0.36544418814706636
0.025425731496142384
-0.22980693905694768
-0.25461801019984137
-0.23138583048556566
-0.40328070587018955
-0.8574164829191896
0.5048424504814005
0.5538263619471686
-1.154342203968661
0.5015839357774937
0.03792661746256425
-1.2232387359795713
-0.34736509682293965
