-1.1398326221475106
-0.8607486226905601
0.2773315643245363
-0.6902619065216694
-0.08309807965043348
-0.2258657543833952
-1.3985790786783026
0.4069613007799087
-0.5107460131869433
-0.7216686932049065
0.11188219968862541
-1.1774054757723482
-0.8056554446226111
1.097265991257885
-0.9086827694338072
0.18313793700679432
1.3642886838333392
-0.9414244245540948
0.017494167033617055
0.43599845211445737
-0.5600077947096292
0.15264691606482886
0.5454084052371632
-1.5259907018018979
0.8023246307332942
0.00040978299684641637
-0.9544029974967957
1.2435769051780972
-0.5356429068126666
-0.20218788471816848
0.8172245168259763
0.3435726805842493
-0.06634571577973213
0.38120406329946854
-0.3962126934272054
-0.2948517260085549
-0.2817610977392881
-1.2976604479183542
-0.19686146649037503
0.6397898479978945
-1.1981146993130174
0.2847752752903188
0.7752217088900906
-0.30898420213989053
0.6331856290988103
0.48120248928313897
-1.032070725191766
1.249124621496361
1.0646984639940829
-0.28874390200144434
1.634520766109331
0.11503781959342876
-0.1105896453162558
1.3749180511199914
-0.22111961015596457
-0.6254572445704921
0.7095048580012387
-0.9784232993463129
0.06884844084937825
0.7583569175732429
-0.7403683415042436
0.8528899582837453
0.08482013395939064
0.24194012521064606
1.1802405619466845
0.06296626308643909
0.06217050280948719
0.3295567114597987
0.49526864427610273
