-0.5193989467950141
0.0319804185899894
0.9515090700273918
0.28568600196116717
0.33726726017512226
0.8920726421270172
1.1942080032715268
0.6318561385445308
0.2503483234173143
0.9353260415417415
-0.3413262783174919
0.2415679417754969
1.7167402423571019
-0.060104527117039
-0.22689375746695664
0.9196846507260243
-0.45347369483473227
-0.5951334107344902
0.45649785111336655
-1.1381422205754375
0.2842425038256262
0.935025885079585
-1.534255430416409
-0.5805170955290467
1.5612805686441686
-0.9544603848000859
-0.006469034709052962
1.8278006481126612
-0.3410907099741985
0.6921597051499437
1.7580730275595642
-0.6965482923101003
1.678530646608425
1.0456936258874259
-0.12885474807511715
1.2682594215512493
1.1271433973900815
-1.0175383093733377
0.8310808158266697
0.3912328672441753
-1.609407710137675
1.1051158951550015
0.759204307030658
-0.9448971778972517
1.8137112998677127
0.27434976580666526
-0.66227281180892
1.0421170132647832
-0.7873016110283371
-0.9253002366313936
0.9447713820414348
-0.3981021691978801
-0.5260464497963765
0.07765132658077256
0.30478426684094273
0.22102957476130192
-0.3591028092987351
1.100749461752246
0.5603376310426949
-0.7631779161027511
0.6199400796688729
1.2611551978701006
-0.3190139472064338
-0.04790336966673151
1.0473401131448523
0.18187270876972308
0.6260061957790629
1.2841203557430476
0.694668258293742
0.7719733541315958
0.7963150139956423
1.528191659372344
-0.14230953127218515
1.0775661707141513
1.247844162706773
-1.0324628991047033
1.1144996828154579
0.753485158246783
-1.0694002523404726
1.3635637458922383
-0.21508897487811254
-1.6747911849812422
0.6408332170800664
0.10744532823946698
-0.7632072548843802
0.22781742756308831
-0.00424066015594843
-1.4480541034037693
-0.10692047939971079
0.7379013092900097
-1.4561980516635853
-0.27231827484164406
-0.1206226152901561
-2.124880512486108
0.1862532263463919
-0.8055311998959628
-1.5757338963501977
0.444506845086451
-1.67031984685047
-1.187343250052257
0.5387983609599097
-0.7327176789430722
-1.4250351888033659
-0.3349059525825341
-1.16225689300527
-0.9586649231753226
-0.28049533805106425
-2.021546597237328
-0.08754985551414224
-0.6722108495894709
-1.6670706101659618
-0.030381905501195246
-0.9550684666509804
-0.7953447414647792
-0.8995165609951367
-1.0732187410397833
-0.5356537262725368
-0.39659037982415185
-0.08099291361003674
-0.7521751553062285
0.4241039591789614
0.11600089248835162
-1.2680730468955228
-0.5536515027217622
0.5063052910089103
-1.5383130665834979
-0.2951080307581887
0.8393215509080617
-0.7555351280623651
-0.16191882055752604
1.8829818831005485
-0.4297486600827646
