0.18666614322304692
-0.22514797562301514
-0.17223634611978378
-0.40490071412824313
-0.7351646071527589
-0.8169357729215229
-0.08040589217992548
-0.2578079794109731
-1.728527947169826
0.8058419777542875
0.31540155712370377
-1.5886270125549815
0.5778436448562108
1.135270392257487
-1.0383304969349367
-0.023688403686611088
0.3921623891971444
-0.8283646670227449
0.5771295581542512
-0.47291435943544136
-1.037986703933973
1.1964848289017824
-0.6039025171446935
-0.2236175233438021
1.0141015713564192
-1.5297626652958205
0.14900013561448608
0.310821185804556
-1.6707264520767666
0.9728937987677736
0.678514968778359
-0.6507182998999926
0.6502312416848746
-0.009244770746437227
-1.2291750851806515
-0.0035163250696542553
-0.6632263921225481
-1.7226714913958026
0.6211540528471624
-0.45691660601254463
-0.7638402373073827
0.9399675136244868
-1.1104620788312738
-0.22878541887345283
0.6578003925157072
-0.9006481940277113
-0.9310874590801953
0.08623401978388551
-1.2760666225559312
-1.056138924295307
0.9976565549402686
-0.8701790054780207
-0.285067596891624
1.5629313923183157
-0.2674231944350581
0.604805931090761
1.4460185370734138
-0.7055486894773347
0.7963777636035677
0.5151476207025639
-0.05950176354929414
-0.034468685595779563
0.6567028492357079
0.09445601743853935
-0.34325224590364156
1.6105022204265353
1.0594696368407248
-0.5734863585083761
1.5474793138865
0.7412965702514842
0.3884157398750925
1.4236112407644044
0.8951476725658204
0.23143929578308925
0.5043370745275204
0.445556645069758
1.1231549219697137
0.8693147407878475
0.9659186101575686
1.2385039776982563
-0.10706539459110417
0.8982897845025417
0.30640958494766646
-0.6377124654826076
-0.027454515617753958
0.6774015868650626
-0.02270434683538724
0.07640160448061402
1.6281174439027108
-0.31457335788498525
-0.29136398832441013
1.6155088664891113
-1.2380393081694239
-0.6938247660849993
1.0252599998984862
-0.4840121201740775
-0.7185588839840379
0.044126054188572454
-0.37743865980709823
-0.9319360687851824
-0.003954279474425835
-1.2510090751055034
-0.9833477538447584
0.953343550602921
-1.4998670805533911
-0.049242116263911784
0.8423735830527237
-1.840418095826591
