-0.5955296994397441
1.2209628074646885
-1.2366001268858442
-1.2370911359211858
0.6797740056859687
-0.9216230362499693
-0.8974216030512114
0.12853949992353325
-1.6638575477598505
0.033550963446429445
0.5715514336989753
-1.8248556587440332
0.7925976214141001
0.23551079698966176
-1.114372542387025
1.1181888174991224
0.9212662263776548
-1.6595119993619871
1.4005868852426326
-0.03674683969764371
-1.8938667734953796
1.0140167138667122
-0.8235871615687198
-1.3087499431731373
0.8735360672387236
-0.29705446687912734
-0.49619880490590157
1.2305222887322684
0.7080534176981715
-0.7696116598440246
1.5920846198624428
1.5643299731961307
-1.0174149624920834
1.442248596956436
2.2529693233049484
-0.3400095014737785
0.983539008467914
1.4728622112060623
-0.31469371439028176
1.2010357123916922
1.9214954078346504
0.5908484824362931
0.21550337124944102
2.159639500421041
0.6175703704559258
-0.07032442982631823
1.8306399628312664
-0.2424960014430217
0.733796768843554
2.0418234064574556
-0.9864166364760534
1.1891961186334277
1.9477129650592937
-1.8708459783467875
0.3228231620060158
1.5207523453279654
-1.807215695865421
0.4431199789711463
0.9895618008774276
-0.9032637360379864
0.43894929005677474
0.47119171818973377
-0.31156670234655953
0.08212415956723967
-0.43413741683671503
-0.3099071784167431
-0.1034647622436595
-1.3680716592157038
-0.5389763183822684
0.1733813373975077
-1.0304152467990206
0.3154917565573406
-0.6913450603625869
-1.282614272873912
0.4638837619434191
-0.3726206074734745
-0.29253365398499087
0.45808951738568876
-0.5236566832456641
0.6767390557933487
0.6932689594608648
-0.3990760546075975
1.0110121801356697
-0.2505033056713118
0.2747659718442709
1.1920621466160195
0.4332894225327954
1.208546508306869
0.853587365021293
0.682731411266561
1.8444839426879365
1.1025063105476973
0.06805055146081711
2.3524817616309757
0.3789962573260923
-0.5173760701879202
2.4499196453948415
0.35961952731192853
0.4482039718344421
2.159245907612026
-0.6215255533176386
0.3549552259593386
1.810247947953879
-0.6871509015594518
1.2775119019414973
0.8395402157513506
-0.45417814444985843
1.4411502685097415
0.11256352872960908
-1.1937380479055149
1.3717620394963574
1.1188488882726857
-1.411735295971334
1.2848638853557786
0.5494159574839564
-2.0159204488486444
0.750124315727285
1.484971602398919
-1.6924681298459667
0.4405677646764504
1.1431094108977113
-0.7397109042666776
0.5921536327065283
1.569450404023161
0.15491340814995236
0.10994191442617407
1.6263377636121787
-0.25720297721922125
-1.0059009048802994
1.6470874776922868
-1.133144131718555
-0.3811722018851933
0.7290163823254562
-1.6864001489499412
-0.26503068668742863
-0.16333286654787052
-2.0786162856093178
0.03500245858533013
-0.8794313472013549
-2.6394376569563067
0.41499252346543836
-1.3476072116764095
-1.9962261448894603
-0.20759476014969966
-1.921445677093021
-1.2909361699664932
-0.849663983270273
-1.5960222604212897
-0.2897317908029868
-0.9449701292796109
-1.9227962097344564
0.1328791604387396
-0.04636480205332489
-2.0264594574211405
1.1379326289128229
-0.44099841886328006
-1.025428364046596
1.6192227063173732
-0.48478130861676283
-1.6252791699003886
1.7248556202080192
0.3390005010544007
-1.2592134403852677
1.1014892973816044
1.1150130111512118
-0.5220674352117485
1.5592468973650495
0.43907440130796627
-1.2077523983682408
0.787321909352041
0.19071701805748878
-1.011933526687156
-0.03199227464774773
-0.23188054680953613
-0.26208236935793566
0.3691330214469698
-1.05016748170947
-0.08514206105550898
-0.38649844067207983
-1.632273501909763
-0.7517815203239139
-0.5849212739629998
-1.1128815327926873
-1.1413963653443953
-0.9458470480261156
-0.4317797260068265
-1.9962071600854334
-1.3111924155995818
0.1900493764541216
-1.4448566630865722
-1.896196815567638
0.8010745824847919
-0.46004361113927383
-1.990479653394118
1.0920043516415066
-1.228507636218792
-1.6770047133325057
1.715025567071987
-1.9030906541941628
-1.1212019546490428
1.1667835471518606
-2.141582703444185
-0.12569889553101912
0.9489804462962363
-1.2160770400084326
0.16379245489428662
1.1414879203861263
-1.6045100524149445
-0.37341598377212637
1.8362249694355453
-0.7916963096831545
0.22765332066562444
2.033517004599381
0.0547387616161191
0.7204881244658081
1.599013152536685
0.5012213752566713
0.09219136104285035
0.7727249175079545
-0.09996673696601177
-0.27290580988016033
1.4545170436032995
-0.8216633318956168
-0.9120324493997579
1.3150582101475778
-1.4088913192497954
-0.6216083773703859
0.39067372217933344
