-0.03638898678387631
-0.05112930802604775
-1.4187771960841378
0.7210169435092664
-0.5305994168449694
-1.0075200022934736
-0.18047280956081668
-0.9948389139137676
-1.068474429991861
-0.29596727404341805
-0.2185069618766155
-0.45292223498785633
0.4684710672217481
0.3751275166163922
-0.6477053175782066
1.0441392313417825
-0.2262309709011295
-0.11514268339480621
0.6818935279213991
0.6472955336959112
0.3184538383249743
0.23432804945129934
-0.20942799549174174
0.3698577577224573
-0.26246446278166086
0.649359942888797
-0.030224228093975423
-1.0683915790466467
0.7120314048083493
0.5783804947416761
-0.3613331343637738
1.4228557246838045
0.632936804427414
0.494245503012928
1.2265537451989925
1.1113271228931896
-0.17190833259519112
0.5054526408261993
0.9746806424052412
-0.740873561206391
-0.23627004176482638
0.44394451899948884
-0.6786224868538511
-1.0587050881053408
-0.17156276724109937
-0.17946333626022473
-1.0415025733980487
0.6728583736523442
0.3317916410374287
-0.9714652383959788
-0.1901106935013445
