1.0033588679430865
-0.777883591944396
-1.8727591267514192
1.5061581046083738
-0.5688489574708561
-1.0184767041053195
1.1996101600119011
-1.0823005810926298
-0.20207472108954486
0.9338784202727023
-1.385532781195968
-1.1026462312767746
0.33425975236461497
-1.6323352993898201
-0.3583677529445906
-0.4469735562761919
-1.0132911157183075
-0.6064852273051674
0.2837610621276941
-0.6543944864005288
-1.1951538785314433
0.777865142314926
-0.1498419636998713
-0.4369867726978693
1.4964036874417346
0.41073696807379173
-0.7157393768214084
0.8791912527509277
0.1349122109699141
-1.402654896448418
-0.08616879710986662
0.3795265948051564
-1.448211673480598
-0.4886057169249478
0.9849002799717654
-0.6904097577388312
-1.0023040145565747
0.22504679217441423
-0.9953709550154016
-1.1596114940280742
-0.38584069118063696
-0.23689680455327683
-2.016706466283972
0.12385750109369535
0.031919720797722546
-1.7168071429638538
0.8118618805660348
0.7898822367702107
-1.419545786987786
0.34076745941104214
1.6353347184661233
-0.7049100326888086
0.6405093468643237
0.9538765116563074
-1.3907868754043833
-0.14258033099641015
0.7155259812077064
-1.0400679130883808
0.539698872953009
0.07346912794398956
-0.6683670032721575
1.4406989942501474
0.19340752389901142
-0.5409929430406661
1.6127261268085016
1.1620766341872826
0.3273867679013143
1.236827980675599
0.8644133929755806
-0.17348890658086666
0.5417622291662902
0.22704659615680706
-0.18798399166843
-0.06817852369919347
-0.3716543929874904
0.5596332383554784
0.6996058971233751
-0.7174222500425329
0.30432295752978467
1.5294163755890127
-0.14742429152236441
0.9146062124635753
0.6036418605955094
0.22843589845221177
0.3381312025773519
0.2918573325514145
0.917657363313075
0.2897274920754824
-0.7149603644969709
1.0580136375456588
0.9926573139431767
-0.4443876497650577
0.594181175927465
1.13432114634385
-1.001295271620565
1.3794837882583566
0.7262310650155588
-1.4280416386753583
0.6169748096773469
0.18396038669876025
-0.7645865214356854
0.10562077953758547
-0.6028375606089322
-0.23913177876085742
0.39617466052739303
-0.5393060312563513
-0.09492315609986744
1.5752402560126153
