-2.017462024956515
0.26026243219947603
-0.4031485752003986
-1.3439370609449202
0.0021213768119626403
0.29836656879955037
-0.8623701929912624
-0.6010172450309622
0.5699040754461351
-0.1797538755230897
-1.596913127748163
0.05262499535667858
-0.007177814923093752
-1.3011319940405661
1.110555458643933
-0.9992956656076918
-1.687703711221005
0.7793959012130969
-1.1850670708655953
-1.2415973412684882
-0.15758387293516543
-1.223753073531985
-0.32033180429942
-0.6429345357042063
-0.4423702549446598
-0.05346782302895901
-0.13876158669575772
0.2966720327301146
-0.5666523409192735
0.22485979809897017
-0.33227725290723564
-0.8516574532971192
-0.6577688454772718
0.5262141181568336
-1.2523262743610377
-0.425909279607342
1.100809392065552
-0.6969481829276177
0.0565782236551054
0.7800362527990117
-1.366709357106747
0.5280428948850499
0.6047211884279616
-0.5743774277844312
1.194636701657963
0.9187620041463994
0.3150884329470316
1.4119529081681665
1.0347820140762378
1.0700938977399628
0.5123052443568993
0.024698020319881928
0.7934264479797166
0.3423375951496151
0.6259020191541994
-0.06806145058595368
0.5084918468583135
1.4988064041743852
-0.3183917909265286
0.8891334433743374
1.6548230098549501
0.22873848852633308
0.09568769398953199
2.1254961681682696
-0.4173974086378619
-0.45486737319864584
1.392231425153461
-1.0361236467289068
-0.915379164498122
1.304612672458524
-0.07156362278071414
-0.7724012154484593
0.7178089320803728
0.5906910980016093
-0.39930391013750915
0.4454659480523294
-0.3519213623692228
-0.46032936126343305
0.5394968402516874
0.4360713683769033
-1.3240732090215
-0.16082700763721847
0.8097965905204049
-0.6400812110293899
-1.089515979347311
0.5786571783800384
-0.43122389085029894
-0.5260499287284052
-0.05655992051736429
-1.0979701396555526
-0.3850961456034149
0.7808042867354514
-1.702301702483514
-1.2858521850260554
0.4240583226218864
-1.366293118967255
-0.9168437819562181
1.3789856611315887
-1.099662505246049
-0.523718403209249
1.511197783423414
-0.12555607709921007
-0.9554691014532904
0.8978829364961209
0.50855536249213
-1.1017242799725346
0.2484137327369698
1.2510368102975848
-0.15077098094537336
-0.03733526012382146
0.9753915957614036
-0.32080891999954203
0.9278072918116693
1.286591490908323
-0.053790204406726036
1.6942826595350873
0.7225415100264263
0.47259276341117423
1.5198085597286286
-0.10344054462023393
