-0.10739027574255439
0.44947299069079444
-0.9056970601745165
-0.6290723516487999
-0.41039627103558446
-0.6944431440501858
0.32538270590748986
-0.30159405938862077
-0.42057607688325627
-0.30139840894176406
-0.7207591230904901
0.22170971372765164
0.6929252662864449
-0.9611070961600766
0.2244285526284413
0.3718879881131774
-0.08198143473193112
0.5604739829070053
1.2004425650516168
-0.09872190259307467
0.005900264942078554
0.4931607108818684
0.6315919995259845
-0.10334785713025241
-0.017118134694843787
0.7970291222109105
0.7587551650186499
-0.5246232586658136
-0.05667217727134536
0.9555961058697374
-0.41266102582512343
0.25433929551971335
0.06081903253730084
-1.0915357807216977
0.49879865632371156
-0.6636186793926482
