0.9753380685609383
-0.2583777725410972
-0.015035217470593606
0.40211811125023517
-0.7448708314398597
-0.6949638207911781
0.6543751651683966
0.19374368046560186
-0.8443714440983646
-0.11934357208862581
-0.0298403194914934
-0.21378782113679454
-0.9195286124287811
0.5495370156020455
-0.39555876169689824
-0.24019586680933427
0.8175160702041655
0.3120853983682896
-0.02216274788286249
0.8890497716977129
-0.6511162387040361
0.7019420494214135
0.7025405799410123
0.01628895206321895
0.3069941890252454
0.06040946192252704
0.6788442885367952
-0.39040335136651527
-0.6040714244313704
0.9999075869254198
-0.8754660122668209
0.07583909139579692
0.47612251754064594
-0.7169103125735223
-0.798476346708084
0.0564950833422508
0.24324289199022076
-0.8529989766169582
0.27508947712122545
