1 1 1 195 1.459
1 2 1 162 1.495
1 3 1 160 1.222
1 3 1 161 1.095
1 3 1 162 1.182
1 3 1 195 0.929
1 4 1 160 1.149
1 4 1 161 1.031
1 4 1 162 1.239
1 4 1 193 1.062
1 4 1 195 0.862
1 4 1 196 0.996
1 4 1 197 1.124
1 4 1 198 1.019
1 5 1 28 1.068
1 5 1 160 0.871
1 5 1 161 0.863
1 5 1 162 1.118
1 5 1 192 0.940
1 5 1 193 0.928
1 5 1 197 1.209
1 6 1 28 1.014
1 6 1 30 1.031
1 6 1 31 1.185
1 6 1 159 1.000
1 6 1 160 0.659
1 6 1 161 0.588
1 6 1 162 0.929
1 6 1 173 1.000
1 6 1 175 1.146
1 6 1 191 0.930
1 6 1 192 0.576
1 6 1 193 0.553
1 6 1 194 0.694
1 6 1 195 0.765
1 6 1 197 0.954
1 6 1 199 0.908
1 7 1 28 0.788
1 7 1 29 0.748
1 7 1 30 0.658
1 7 1 31 0.830
1 7 1 60 1.142
1 7 1 160 0.872
1 7 1 161 0.834
1 7 1 171 1.089
1 7 1 172 0.970
1 7 1 173 1.056
1 7 1 175 1.235
1 7 1 191 0.841
1 7 1 192 0.557
1 7 1 193 0.538
1 7 1 194 0.848
1 7 1 195 0.975
1 7 1 196 1.152
1 7 1 197 0.978
1 7 1 198 0.759
1 7 1 199 0.663
1 7 1 200 1.029
1 7 1 201 1.162
1 7 1 202 1.102
1 7 1 203 1.285
1 8 1 24 1.063
1 8 1 25 0.999
1 8 1 27 0.909
1 8 1 28 0.653
1 8 1 29 0.501
1 8 1 30 0.572
1 8 1 31 0.681
1 8 1 32 0.910
1 8 1 59 1.072
1 8 1 60 1.086
1 8 1 159 1.151
1 8 1 160 0.788
1 8 1 161 0.878
1 8 1 172 0.954
1 8 1 173 0.956
1 8 1 175 1.015
1 8 1 181 1.083
1 8 1 190 0.743
1 8 1 191 0.568
1 8 1 192 0.450
1 8 1 193 0.661
1 8 1 199 0.887
1 9 1 24 0.939
1 9 1 27 0.982
1 9 1 28 0.820
1 9 1 29 0.492
1 9 1 30 0.550
1 9 1 31 0.451
1 9 1 32 0.555
1 9 1 33 0.794
1 9 1 59 0.899
1 9 1 60 0.894
1 9 1 94 1.038
1 9 1 152 1.206
1 9 1 172 0.941
1 9 1 173 0.967
1 9 1 174 0.885
1 9 1 175 1.038
1 9 1 176 1.091
1 9 1 181 1.003
1 9 1 184 1.273
1 9 1 188 1.025
1 9 1 189 0.850
1 9 1 190 0.599
1 9 1 191 0.486
1 9 1 192 0.601
1 9 1 193 0.818
1 9 1 199 0.964
1 10 1 16 1.067
1 10 1 18 1.126
1 10 1 21 1.175
1 10 1 24 0.918
1 10 1 25 1.060
1 10 1 27 1.097
1 10 1 29 0.716
1 10 1 30 0.850
1 10 1 31 0.659
1 10 1 32 0.500
1 10 1 33 0.639
1 10 1 34 0.865
1 10 1 54 1.059
1 10 1 59 1.034
1 10 1 60 1.050
1 10 1 61 0.966
1 10 1 62 1.092
1 10 1 64 1.187
1 10 1 94 1.142
1 10 1 152 1.235
1 10 1 172 1.094
1 10 1 174 0.843
1 10 1 175 1.027
1 10 1 176 0.970
1 10 1 178 1.075
1 10 1 181 0.883
1 10 1 182 1.153
1 10 1 183 1.182
1 10 1 184 1.026
1 10 1 188 0.693
1 10 1 189 0.550
1 10 1 190 0.467
1 10 1 191 0.556
1 10 1 192 0.848
1 11 1 15 1.076
1 11 1 16 0.900
1 11 1 18 1.134
1 11 1 21 1.333
1 11 1 29 1.074
1 11 1 31 0.867
1 11 1 32 0.564
1 11 1 33 0.459
1 11 1 34 0.586
1 11 1 35 0.772
1 11 1 50 1.029
1 11 1 62 0.971
1 11 1 64 0.880
1 11 1 94 1.133
1 11 1 97 1.044
1 11 1 99 1.117
1 11 1 129 1.107
1 11 1 152 1.170
1 11 1 172 1.169
1 11 1 174 0.891
1 11 1 176 1.074
1 11 1 177 0.966
1 11 1 184 1.121
1 11 1 187 1.065
1 11 1 188 0.688
1 11 1 189 0.521
1 11 1 190 0.672
1 11 1 191 0.763
1 12 1 16 0.596
1 12 1 17 0.842
1 12 1 18 0.899
1 12 1 21 1.244
1 12 1 24 1.218
1 12 1 31 1.102
1 12 1 32 0.737
1 12 1 33 0.621
1 12 1 34 0.481
1 12 1 35 0.622
1 12 1 36 0.926
1 12 1 42 1.555
1 12 1 44 1.016
1 12 1 46 0.897
1 12 1 47 0.869
1 12 1 49 1.112
1 12 1 50 0.779
1 12 1 51 0.972
1 12 1 54 1.064
1 12 1 59 1.316
1 12 1 61 1.045
1 12 1 62 1.044
1 12 1 63 0.982
1 12 1 64 0.906
1 12 1 99 1.237
1 12 1 152 1.502
1 12 1 181 1.208
1 12 1 183 1.268
1 12 1 184 0.991
1 12 1 185 1.145
1 12 1 187 1.024
1 12 1 188 0.711
1 12 1 189 0.725
1 12 1 191 1.129
1 13 1 17 0.891
1 13 1 18 1.072
1 13 1 32 1.071
1 13 1 33 0.863
1 13 1 34 0.591
1 13 1 35 0.489
1 13 1 36 0.750
1 13 1 42 1.220
1 13 1 44 0.717
1 13 1 45 0.931
1 13 1 46 0.736
1 13 1 47 0.768
1 13 1 50 0.889
1 13 1 64 0.889
1 13 1 99 1.176
1 13 1 177 1.285
1 13 1 187 1.161
1 13 1 188 0.931
1 13 1 189 0.964
1 14 1 34 0.874
1 14 1 35 0.747
1 14 1 36 0.849
1 14 1 38 1.137
1 14 1 42 1.120
1 14 1 43 0.922
1 14 1 44 0.567
1 14 1 45 0.664
1 14 1 46 0.535
1 14 1 47 0.740
1 14 1 50 0.927
1 15 1 35 1.014
1 15 1 42 1.436
1 15 1 44 0.949
1 15 1 45 1.007
1 15 1 46 0.843
1 15 1 50 1.133
1 15 1 99 1.618
1 15 1 177 1.299
1 15 1 184 1.092
1 15 1 185 0.981
1 15 1 186 0.960
1 15 1 187 0.974
1 15 1 189 1.132
1 16 1 21 1.262
1 16 1 33 1.209
1 16 1 35 1.071
1 16 1 44 1.137
1 16 1 46 0.883
1 16 1 49 1.169
1 16 1 50 0.962
1 16 1 177 1.146
1 16 1 183 1.076
1 16 1 184 0.719
1 16 1 185 0.680
1 16 1 186 0.723
1 16 1 187 0.765
1 16 1 188 0.684
1 16 1 189 0.950
1 17 1 21 1.046
1 17 1 24 1.168
1 17 1 46 0.861
1 17 1 49 1.008
1 17 1 50 0.882
1 17 1 181 1.156
1 17 1 183 0.873
1 17 1 184 0.592
1 17 1 185 0.552
1 17 1 186 0.791
1 17 1 187 0.974
1 17 1 188 0.937
1 18 1 22 1.010
1 18 1 23 0.957
1 18 1 24 0.837
1 18 1 25 1.155
1 18 1 32 1.176
1 18 1 34 1.183
1 18 1 46 0.994
1 18 1 49 0.929
1 18 1 50 0.768
1 18 1 53 0.883
1 18 1 54 0.948
1 18 1 59 1.343
1 18 1 181 0.996
1 18 1 182 0.917
1 18 1 183 0.588
1 18 1 184 0.453
1 18 1 185 0.633
1 18 1 186 0.939
1 18 1 188 1.000
1 19 1 23 0.861
1 19 1 24 0.907
1 19 1 49 1.123
1 19 1 50 1.055
1 19 1 182 0.889
1 19 1 183 0.514
1 19 1 184 0.575
1 19 1 185 0.683
1 20 1 24 0.654
1 20 1 25 0.894
1 20 1 26 1.004
1 20 1 27 1.093
1 20 1 49 1.198
1 20 1 53 0.887
1 20 1 57 0.941
1 20 1 59 1.275
1 20 1 181 1.046
1 20 1 182 0.779
1 20 1 183 0.432
1 20 1 184 0.697
1 20 1 185 0.944
1 21 1 25 0.624
1 21 1 26 0.858
1 21 1 27 0.980
1 21 1 29 0.977
1 21 1 31 1.173
1 21 1 32 1.084
1 21 1 33 1.383
1 21 1 34 1.368
1 21 1 46 1.408
1 21 1 47 1.429
1 21 1 48 1.394
1 21 1 49 1.083
1 21 1 50 0.912
1 21 1 51 1.073
1 21 1 52 1.014
1 21 1 53 0.639
1 21 1 54 0.627
1 21 1 55 0.926
1 21 1 56 0.836
1 21 1 57 0.594
1 21 1 58 0.926
1 21 1 59 0.894
1 21 1 61 1.201
1 21 1 182 0.883
1 21 1 183 0.618
1 21 1 184 0.829
1 22 1 26 0.601
1 22 1 27 0.853
1 22 1 28 1.023
1 22 1 29 0.981
1 22 1 30 1.138
1 22 1 53 0.920
1 22 1 54 0.877
1 22 1 55 1.080
1 22 1 56 0.914
1 22 1 57 0.589
1 22 1 58 0.895
1 22 1 59 0.963
1 22 1 182 0.906
1 22 1 183 0.749
1 23 1 27 0.615
1 23 1 28 0.908
1 23 1 29 0.920
1 23 1 30 1.191
1 23 1 57 0.930
1 23 1 59 1.168
1 23 1 181 0.843
1 23 1 182 0.549
1 23 1 183 0.495
1 23 1 184 0.852
1 24 1 28 0.730
1 24 1 29 0.603
1 24 1 30 0.890
1 24 1 31 1.009
1 24 1 32 1.000
1 24 1 53 1.053
1 24 1 54 0.878
1 24 1 57 0.858
1 24 1 59 0.914
1 24 1 181 0.660
1 24 1 182 0.552
1 24 1 183 0.524
1 24 1 184 0.727
1 24 1 185 1.101
1 24 1 188 1.129
1 25 1 29 0.502
1 25 1 30 0.673
1 25 1 31 0.900
1 25 1 32 1.019
1 25 1 53 1.085
1 25 1 54 0.853
1 25 1 56 1.051
1 25 1 57 0.673
1 25 1 58 0.776
1 25 1 59 0.699
1 25 1 60 1.038
1 25 1 181 0.974
1 25 1 182 0.881
1 25 1 183 0.883
1 25 1 199 1.482
1 26 1 30 0.937
1 26 1 57 0.967
1 26 1 59 1.060
1 26 1 182 0.824
1 27 1 59 1.164
1 27 1 180 0.951
1 27 1 181 0.679
1 27 1 182 0.634
1 27 1 183 0.868
1 28 1 59 1.011
1 28 1 181 0.949
1 28 1 182 0.995
1 28 1 191 1.150
1 28 1 199 1.288
1 29 1 33 1.142
1 29 1 54 1.013
1 29 1 57 1.036
1 29 1 58 1.005
1 29 1 59 0.746
1 29 1 60 0.928
1 29 1 181 0.875
1 29 1 182 0.986
1 29 1 184 1.178
1 29 1 188 1.217
1 29 1 189 1.180
1 29 1 190 0.919
1 29 1 191 0.912
1 29 1 199 1.126
1 30 1 54 0.962
1 30 1 57 0.986
1 30 1 58 0.818
1 30 1 59 0.534
1 30 1 60 0.620
1 30 1 61 0.875
1 30 1 92 1.150
1 30 1 94 1.001
1 30 1 191 1.002
1 30 1 193 1.012
1 30 1 199 0.815
1 30 1 203 1.128
1 31 1 54 0.845
1 31 1 58 0.909
1 31 1 59 0.533
1 31 1 60 0.444
1 31 1 61 0.571
1 31 1 62 0.822
1 31 1 64 1.265
1 31 1 92 1.019
1 31 1 93 0.865
1 31 1 94 0.687
1 31 1 95 1.037
1 31 1 97 1.242
1 31 1 127 1.293
1 31 1 152 1.347
1 31 1 171 1.312
1 31 1 172 1.108
1 31 1 173 1.266
1 31 1 174 1.243
1 31 1 175 1.456
1 31 1 189 1.195
1 31 1 190 1.024
1 31 1 191 0.881
1 31 1 192 0.924
1 31 1 193 0.978
1 31 1 194 1.356
1 31 1 198 1.158
1 31 1 199 0.803
1 31 1 202 0.922
1 31 1 203 0.927
1 32 1 50 0.895
1 32 1 51 0.837
1 32 1 53 1.056
1 32 1 54 0.715
1 32 1 55 0.920
1 32 1 57 1.096
1 32 1 58 1.050
1 32 1 59 0.677
1 32 1 60 0.614
1 32 1 61 0.467
1 32 1 62 0.647
1 32 1 63 0.873
1 32 1 64 0.981
1 32 1 93 0.918
1 32 1 94 0.728
1 32 1 95 1.032
1 32 1 97 1.076
1 32 1 152 1.327
1 32 1 184 1.253
1 32 1 188 1.112
1 32 1 189 0.997
1 32 1 191 0.905
1 32 1 199 1.130
1 32 1 203 1.103
1 33 1 50 0.938
1 33 1 51 0.871
1 33 1 54 0.970
1 33 1 60 0.860
1 33 1 61 0.594
1 33 1 62 0.516
1 33 1 63 0.590
1 33 1 64 0.608
1 33 1 65 0.981
1 33 1 94 0.715
1 33 1 95 0.888
1 33 1 96 0.826
1 33 1 97 0.745
1 33 1 98 1.040
1 33 1 99 1.064
1 33 1 127 1.010
1 33 1 129 1.073
1 33 1 152 1.142
1 33 1 172 1.147
1 33 1 188 1.137
1 33 1 189 0.964
1 33 1 191 0.966
1 34 1 44 0.894
1 34 1 46 0.880
1 34 1 47 0.647
1 34 1 48 0.935
1 34 1 49 1.011
1 34 1 50 0.694
1 34 1 51 0.692
1 34 1 52 1.070
1 34 1 54 0.959
1 34 1 60 1.087
1 34 1 61 0.737
1 34 1 62 0.619
1 34 1 63 0.510
1 34 1 64 0.545
1 34 1 65 0.860
1 34 1 66 1.049
1 34 1 79 1.202
1 34 1 86 1.105
1 34 1 88 0.937
1 34 1 94 0.976
1 34 1 97 0.888
1 34 1 99 1.104
1 34 1 152 1.435
1 35 1 42 1.050
1 35 1 43 0.835
1 35 1 44 0.678
1 35 1 45 0.999
1 35 1 46 0.882
1 35 1 47 0.687
1 35 1 48 1.047
1 35 1 50 0.948
1 35 1 51 0.979
1 35 1 62 0.873
1 35 1 63 0.595
1 35 1 64 0.431
1 35 1 65 0.584
1 35 1 66 0.710
1 35 1 67 1.078
1 35 1 79 1.002
1 35 1 82 1.089
1 35 1 86 1.193
1 35 1 97 0.861
1 35 1 99 0.891
1 35 1 189 1.184
1 36 1 42 0.841
1 36 1 43 0.551
1 36 1 44 0.499
1 36 1 45 0.812
1 36 1 46 0.802
1 36 1 47 0.530
1 36 1 48 0.840
1 36 1 50 0.957
1 36 1 51 0.924
1 36 1 61 1.168
1 36 1 62 0.923
1 36 1 63 0.587
1 36 1 64 0.582
1 36 1 65 0.625
1 36 1 66 0.834
1 36 1 78 1.021
1 36 1 79 0.760
1 36 1 80 1.009
1 36 1 81 1.075
1 36 1 82 0.734
1 36 1 83 0.717
1 36 1 84 1.090
1 36 1 85 1.094
1 36 1 86 0.909
1 36 1 88 0.962
1 36 1 89 1.273
1 36 1 96 1.033
1 36 1 97 1.016
1 37 1 41 0.794
1 37 1 42 0.556
1 37 1 43 0.434
1 37 1 44 0.604
1 37 1 45 0.963
1 37 1 47 0.872
1 37 1 63 0.835
1 37 1 64 0.701
1 37 1 65 0.506
1 37 1 66 0.631
1 37 1 67 0.873
1 37 1 68 1.058
1 37 1 75 0.869
1 37 1 76 0.991
1 37 1 77 1.093
1 37 1 78 0.786
1 37 1 79 0.609
1 37 1 80 0.961
1 37 1 81 1.025
1 37 1 82 0.750
1 37 1 83 0.861
1 37 1 86 1.160
1 37 1 97 1.078
1 37 1 98 1.014
1 37 1 99 1.035
1 37 1 113 1.376
1 38 1 42 0.517
1 38 1 43 0.647
1 38 1 44 0.832
1 38 1 64 0.882
1 38 1 65 0.570
1 38 1 66 0.456
1 38 1 67 0.616
1 38 1 68 0.711
1 38 1 75 0.778
1 38 1 78 0.898
1 38 1 79 0.805
1 38 1 82 1.071
1 38 1 99 0.936
1 38 1 102 1.107
1 39 1 43 0.886
1 39 1 65 0.789
1 39 1 66 0.676
1 39 1 67 0.596
1 39 1 68 0.539
1 39 1 69 0.817
1 39 1 70 0.844
1 39 1 71 0.832
1 39 1 72 0.854
1 39 1 74 0.827
1 39 1 75 0.541
1 39 1 76 0.878
1 39 1 77 1.036
1 39 1 78 0.801
1 39 1 79 0.845
1 39 1 81 1.291
1 39 1 82 1.183
1 39 1 109 1.245
1 40 1 65 1.019
1 40 1 66 1.016
1 40 1 68 0.883
1 40 1 69 1.070
1 40 1 70 0.956
1 40 1 71 0.810
1 40 1 72 0.904
1 40 1 73 0.954
1 40 1 74 0.626
1 40 1 75 0.502
1 40 1 76 0.849
1 40 1 77 0.856
1 40 1 78 0.587
1 40 1 79 0.801
1 40 1 81 1.096
1 40 1 82 1.049
1 41 1 65 1.173
1 41 1 68 1.083
1 41 1 74 0.988
1 41 1 75 0.869
1 41 1 78 0.813
1 41 1 81 1.228
1 42 1 46 1.208
1 42 1 47 1.153
1 42 1 64 1.246
1 42 1 65 1.004
1 42 1 66 0.963
1 42 1 78 0.935
1 42 1 79 0.982
1 42 1 82 1.023
1 43 1 47 0.786
1 43 1 78 0.939
1 43 1 79 0.890
1 43 1 81 1.115
1 43 1 82 0.789
1 43 1 83 1.011
1 43 1 85 1.201
1 43 1 86 1.140
1 44 1 48 0.833
1 44 1 49 1.008
1 44 1 50 0.993
1 44 1 64 1.033
1 44 1 78 1.266
1 44 1 82 0.996
1 44 1 85 1.311
1 44 1 86 1.139
1 45 1 49 0.835
1 45 1 50 0.954
1 45 1 86 1.169
1 46 1 50 0.602
1 46 1 51 0.857
1 46 1 52 1.023
1 46 1 53 1.068
1 46 1 86 1.133
1 47 1 51 0.595
1 47 1 52 0.843
1 47 1 53 0.994
1 47 1 54 1.056
1 47 1 61 1.089
1 47 1 62 1.012
1 47 1 63 0.839
1 47 1 64 0.980
1 47 1 82 0.968
1 47 1 85 1.092
1 47 1 86 0.796
1 47 1 88 0.994
1 48 1 52 0.601
1 48 1 53 0.839
1 48 1 54 1.001
1 48 1 55 1.065
1 48 1 56 1.207
1 48 1 85 0.936
1 48 1 86 0.622
1 49 1 53 0.588
1 49 1 54 0.838
1 49 1 55 0.993
1 49 1 56 1.047
1 49 1 61 1.176
1 49 1 86 0.964
1 50 1 54 0.600
1 50 1 55 0.848
1 50 1 56 1.000
1 50 1 59 1.084
1 50 1 61 0.881
1 50 1 62 0.997
1 51 1 55 0.613
1 51 1 56 0.866
1 51 1 57 1.009
1 51 1 58 1.084
1 51 1 59 0.934
1 51 1 60 0.944
1 51 1 61 0.629
1 51 1 62 0.731
1 51 1 63 0.811
1 51 1 64 1.100
1 51 1 82 1.206
1 51 1 83 0.980
1 51 1 84 1.168
1 51 1 85 1.127
1 51 1 86 0.743
1 51 1 87 0.820
1 51 1 88 0.727
1 51 1 89 1.091
1 51 1 93 0.994
1 51 1 94 1.076
1 52 1 56 0.609
1 52 1 57 0.863
1 52 1 58 0.997
1 52 1 59 0.989
1 52 1 61 0.872
1 52 1 86 0.829
1 53 1 57 0.624
1 53 1 58 0.883
1 53 1 59 0.881
1 53 1 61 0.947
1 54 1 58 0.654
1 54 1 59 0.527
1 54 1 60 0.742
1 54 1 61 0.629
1 54 1 62 0.950
1 55 1 59 0.533
1 55 1 60 0.668
1 55 1 61 0.627
1 55 1 62 0.943
1 55 1 86 1.125
1 55 1 87 0.990
1 55 1 88 0.954
1 55 1 89 1.172
1 55 1 90 1.008
1 55 1 91 1.160
1 55 1 93 0.864
1 56 1 61 1.004
1 58 1 92 1.029
1 58 1 199 1.381
1 59 1 92 0.941
1 59 1 93 0.854
1 59 1 94 0.911
1 59 1 199 1.127
1 59 1 203 1.124
1 60 1 90 0.974
1 60 1 91 0.958
1 60 1 92 0.639
1 60 1 93 0.513
1 60 1 94 0.545
1 60 1 95 0.925
1 60 1 199 0.896
1 60 1 200 0.975
1 60 1 202 0.935
1 60 1 203 0.754
1 60 1 204 0.971
1 61 1 86 1.102
1 61 1 87 0.980
1 61 1 88 0.706
1 61 1 89 0.905
1 61 1 90 0.919
1 61 1 91 1.042
1 61 1 92 0.824
1 61 1 93 0.513
1 61 1 94 0.503
1 61 1 95 0.832
1 61 1 96 0.941
1 61 1 199 1.158
1 61 1 202 1.048
1 61 1 203 0.888
1 61 1 204 1.031
1 62 1 79 1.172
1 62 1 83 0.830
1 62 1 87 0.889
1 62 1 88 0.522
1 62 1 89 0.712
1 62 1 90 0.886
1 62 1 92 0.922
1 62 1 93 0.542
1 62 1 94 0.431
1 62 1 95 0.587
1 62 1 96 0.582
1 62 1 97 0.760
1 62 1 152 1.400
1 62 1 202 0.990
1 62 1 203 0.860
1 62 1 204 0.928
1 63 1 79 0.833
1 63 1 82 0.895
1 63 1 83 0.610
1 63 1 86 0.886
1 63 1 87 0.930
1 63 1 88 0.583
1 63 1 89 0.822
1 63 1 93 0.883
1 63 1 94 0.760
1 63 1 95 0.752
1 63 1 96 0.522
1 63 1 97 0.631
1 63 1 98 0.887
1 63 1 99 1.060
1 63 1 113 1.423
1 63 1 127 1.014
1 63 1 152 1.419
1 63 1 204 1.175
1 64 1 79 0.829
1 64 1 82 1.054
1 64 1 83 0.871
1 64 1 88 0.962
1 64 1 89 1.158
1 64 1 94 0.967
1 64 1 95 0.896
1 64 1 96 0.588
1 64 1 97 0.447
1 64 1 98 0.588
1 64 1 99 0.687
1 64 1 100 1.063
1 64 1 113 1.257
1 64 1 127 0.889
1 64 1 128 0.949
1 64 1 129 0.924
1 64 1 152 1.197
1 64 1 172 1.397
1 64 1 174 1.421
1 64 1 189 1.315
1 64 1 191 1.409
1 65 1 71 1.357
1 65 1 72 1.134
1 65 1 74 1.216
1 65 1 75 0.842
1 65 1 76 0.843
1 65 1 77 1.098
1 65 1 78 0.944
1 65 1 79 0.642
1 65 1 80 0.939
1 65 1 82 0.998
1 65 1 96 0.787
1 65 1 97 0.621
1 65 1 98 0.509
1 65 1 99 0.592
1 65 1 100 0.896
1 65 1 101 1.088
1 65 1 109 1.295
1 65 1 113 1.033
1 65 1 117 1.082
1 65 1 127 1.038
1 65 1 129 0.981
1 66 1 75 0.925
1 66 1 79 0.935
1 66 1 97 0.866
1 66 1 98 0.634
1 66 1 99 0.483
1 66 1 100 0.690
1 66 1 101 0.778
1 66 1 102 0.848
1 66 1 103 1.221
1 66 1 105 1.020
1 66 1 109 1.237
1 66 1 113 1.160
1 66 1 129 0.953
1 67 1 72 0.826
1 67 1 75 0.761
1 67 1 97 1.011
1 67 1 98 0.669
1 67 1 99 0.585
1 67 1 100 0.585
1 67 1 101 0.739
1 67 1 102 0.679
1 67 1 103 1.000
1 67 1 104 0.954
1 67 1 105 0.683
1 67 1 106 1.001
1 67 1 109 0.888
1 67 1 110 0.900
1 67 1 113 0.928
1 67 1 129 1.024
1 68 1 72 0.829
1 68 1 75 0.831
1 68 1 98 1.049
1 68 1 99 0.928
1 68 1 100 0.823
1 68 1 101 0.850
1 68 1 102 0.606
1 68 1 103 0.880
1 68 1 104 0.771
1 68 1 105 0.644
1 68 1 106 1.018
1 68 1 109 0.949
1 68 1 113 1.138
1 69 1 75 0.974
1 69 1 101 1.040
1 69 1 102 0.718
1 69 1 103 0.819
1 69 1 104 0.557
1 69 1 105 0.540
1 69 1 106 0.865
1 69 1 109 0.818
1 70 1 74 0.899
1 70 1 75 0.855
1 70 1 104 0.873
1 70 1 105 0.830
1 70 1 109 0.856
1 70 1 112 1.156
1 71 1 75 0.627
1 71 1 76 0.876
1 71 1 77 1.017
1 71 1 78 1.059
1 71 1 109 0.889
1 71 1 112 1.007
1 71 1 113 0.975
1 71 1 116 1.160
1 72 1 76 0.608
1 72 1 77 0.860
1 72 1 78 0.976
1 72 1 79 1.041
1 72 1 98 1.131
1 72 1 105 0.928
1 72 1 106 1.078
1 72 1 108 0.943
1 72 1 109 0.619
1 72 1 110 0.838
1 72 1 111 0.963
1 72 1 112 0.669
1 72 1 113 0.589
1 72 1 114 0.974
1 72 1 115 1.023
1 72 1 116 0.840
1 72 1 117 1.011
1 73 1 77 0.622
1 73 1 78 0.852
1 73 1 79 0.992
1 73 1 80 1.069
1 73 1 81 1.223
1 73 1 109 0.916
1 73 1 112 0.733
1 73 1 113 0.670
1 73 1 116 0.643
1 73 1 117 0.878
1 73 1 119 1.101
1 73 1 120 1.020
1 74 1 78 0.588
1 74 1 79 0.842
1 74 1 80 0.986
1 74 1 81 1.039
1 74 1 109 1.173
1 74 1 113 0.936
1 74 1 116 0.914
1 75 1 79 0.603
1 75 1 80 0.861
1 75 1 81 0.994
1 75 1 82 1.046
1 75 1 98 1.052
1 75 1 99 1.208
1 75 1 105 1.197
1 75 1 109 1.035
1 75 1 113 0.790
1 75 1 116 0.927
1 75 1 117 0.939
1 76 1 80 0.615
1 76 1 81 0.859
1 76 1 82 0.988
1 76 1 83 1.038
1 76 1 89 1.414
1 76 1 98 0.944
1 76 1 109 1.029
1 76 1 112 0.876
1 76 1 113 0.572
1 76 1 114 0.821
1 76 1 115 0.901
1 76 1 116 0.596
1 76 1 117 0.556
1 76 1 118 0.936
1 76 1 120 0.818
1 76 1 121 0.962
1 77 1 81 0.603
1 77 1 82 0.845
1 77 1 83 0.980
1 77 1 84 1.044
1 77 1 89 1.401
1 77 1 113 0.912
1 77 1 116 0.723
1 77 1 117 0.702
1 77 1 120 0.686
1 77 1 121 0.888
1 78 1 82 0.611
1 78 1 83 0.855
1 78 1 84 1.004
1 78 1 85 1.091
1 78 1 113 1.119
1 78 1 117 0.972
1 78 1 120 1.012
1 79 1 83 0.595
1 79 1 84 0.845
1 79 1 85 1.006
1 79 1 86 1.067
1 79 1 88 1.046
1 79 1 89 1.150
1 79 1 94 1.471
1 79 1 95 1.275
1 79 1 96 0.924
1 79 1 97 1.013
1 79 1 98 0.970
1 79 1 113 1.006
1 79 1 116 1.021
1 79 1 117 0.807
1 79 1 118 1.160
1 79 1 120 0.980
1 79 1 121 0.967
1 79 1 123 1.361
1 79 1 126 1.280
1 80 1 84 0.587
1 80 1 85 0.854
1 80 1 86 0.982
1 80 1 87 1.032
1 80 1 88 0.906
1 80 1 89 0.900
1 80 1 96 0.894
1 80 1 113 1.065
1 80 1 114 1.130
1 80 1 116 0.907
1 80 1 117 0.645
1 80 1 118 0.925
1 80 1 119 0.982
1 80 1 120 0.667
1 80 1 121 0.607
1 80 1 122 0.994
1 80 1 123 1.067
1 81 1 85 0.632
1 81 1 86 0.881
1 81 1 87 1.011
1 81 1 89 1.071
1 81 1 120 0.852
1 81 1 121 0.839
1 82 1 86 0.650
1 82 1 87 0.896
1 82 1 88 0.877
1 82 1 89 1.065
1 83 1 87 0.628
1 83 1 88 0.510
1 83 1 89 0.703
1 83 1 90 1.013
1 83 1 96 0.862
1 83 1 117 1.061
1 83 1 121 0.905
1 84 1 88 0.593
1 84 1 89 0.634
1 84 1 90 0.885
1 84 1 120 1.002
1 84 1 121 0.776
1 84 1 122 1.100
1 85 1 89 0.944
1 86 1 90 0.979
1 86 1 93 1.164
1 87 1 91 0.990
1 87 1 93 0.894
1 87 1 204 1.226
1 88 1 92 0.973
1 88 1 93 0.642
1 88 1 94 0.800
1 88 1 95 0.850
1 88 1 96 0.806
1 88 1 123 1.187
1 88 1 204 0.988
1 89 1 93 0.587
1 89 1 94 0.795
1 89 1 95 0.743
1 89 1 96 0.791
1 89 1 97 1.157
1 89 1 113 1.642
1 89 1 117 1.128
1 89 1 118 1.133
1 89 1 120 1.150
1 89 1 121 0.779
1 89 1 122 0.950
1 89 1 123 0.848
1 89 1 125 1.074
1 89 1 126 1.120
1 89 1 204 0.712
1 90 1 94 0.883
1 90 1 95 0.952
1 90 1 123 1.063
1 90 1 203 0.955
1 90 1 204 0.731
1 91 1 203 0.772
1 91 1 204 0.541
1 92 1 199 0.995
1 92 1 200 0.809
1 92 1 202 0.896
1 92 1 203 0.524
1 92 1 204 0.516
1 93 1 125 1.081
1 93 1 127 1.213
1 93 1 199 1.068
1 93 1 200 0.989
1 93 1 202 0.861
1 93 1 203 0.547
1 93 1 204 0.558
1 94 1 123 1.175
1 94 1 125 0.931
1 94 1 126 0.890
1 94 1 127 0.881
1 94 1 152 1.270
1 94 1 172 1.179
1 94 1 191 1.291
1 94 1 193 1.219
1 94 1 199 0.874
1 94 1 201 0.936
1 94 1 202 0.591
1 94 1 203 0.445
1 94 1 204 0.630
1 95 1 113 1.388
1 95 1 117 1.081
1 95 1 123 0.867
1 95 1 124 0.890
1 95 1 125 0.593
1 95 1 126 0.530
1 95 1 127 0.634
1 95 1 128 0.998
1 95 1 148 0.997
1 95 1 150 0.925
1 95 1 152 1.186
1 95 1 199 1.055
1 95 1 200 1.006
1 95 1 201 0.915
1 95 1 202 0.591
1 95 1 203 0.511
1 95 1 204 0.544
1 96 1 113 1.106
1 96 1 114 0.972
1 96 1 117 0.852
1 96 1 118 0.969
1 96 1 121 0.975
1 96 1 123 0.938
1 96 1 124 0.993
1 96 1 125 0.761
1 96 1 126 0.527
1 96 1 127 0.596
1 96 1 128 0.855
1 96 1 129 1.039
1 96 1 148 1.151
1 96 1 150 1.027
1 96 1 152 1.173
1 96 1 202 0.917
1 96 1 203 0.893
1 96 1 204 0.876
1 97 1 113 1.063
1 97 1 117 1.025
1 97 1 123 1.255
1 97 1 125 0.956
1 97 1 126 0.610
1 97 1 127 0.447
1 97 1 128 0.564
1 97 1 129 0.674
1 97 1 130 1.034
1 97 1 150 0.922
1 97 1 152 0.883
1 97 1 172 1.108
1 97 1 202 1.000
1 98 1 105 1.057
1 98 1 106 1.190
1 98 1 109 1.048
1 98 1 110 0.798
1 98 1 111 1.092
1 98 1 112 1.157
1 98 1 113 0.826
1 98 1 114 0.863
1 98 1 117 0.997
1 98 1 126 0.781
1 98 1 127 0.627
1 98 1 128 0.492
1 98 1 129 0.591
1 98 1 130 0.860
1 98 1 135 1.396
1 98 1 144 1.375
1 98 1 150 1.048
1 98 1 152 0.948
1 99 1 105 0.953
1 99 1 109 1.154
1 99 1 110 0.964
1 99 1 113 1.110
1 99 1 127 0.867
1 99 1 128 0.629
1 99 1 129 0.474
1 99 1 130 0.617
1 99 1 131 0.934
1 99 1 138 1.409
1 99 1 139 1.260
1 99 1 152 0.910
1 99 1 174 1.231
1 99 1 189 1.318
1 100 1 104 0.916
1 100 1 105 0.635
1 100 1 106 0.809
1 100 1 107 0.978
1 100 1 109 0.955
1 100 1 110 0.820
1 100 1 113 1.113
1 100 1 127 1.071
1 100 1 128 0.728
1 100 1 129 0.589
1 100 1 130 0.506
1 100 1 131 0.803
1 100 1 134 0.811
1 100 1 135 0.997
1 100 1 138 1.051
1 100 1 139 0.948
1 100 1 144 1.426
1 100 1 152 1.012
1 101 1 105 0.756
1 101 1 129 0.814
1 101 1 130 0.599
1 101 1 131 0.711
1 101 1 134 0.774
1 101 1 138 1.083
1 101 1 139 1.108
1 102 1 106 0.882
1 102 1 129 1.141
1 102 1 130 0.945
1 102 1 131 1.058
1 102 1 134 0.962
1 102 1 138 1.122
1 102 1 139 1.205
1 103 1 107 1.130
1 103 1 134 0.848
1 103 1 138 0.877
1 103 1 139 1.061
1 104 1 108 1.026
1 104 1 109 0.891
1 104 1 110 1.100
1 104 1 138 0.981
1 105 1 109 0.588
1 105 1 110 0.736
1 105 1 113 1.046
1 105 1 128 1.191
1 105 1 129 1.184
1 105 1 130 1.056
1 105 1 134 1.012
1 105 1 138 0.962
1 105 1 139 0.948
1 106 1 110 0.636
1 106 1 111 0.879
1 106 1 112 1.009
1 106 1 113 1.067
1 106 1 128 1.183
1 106 1 138 0.743
1 106 1 139 0.676
1 106 1 140 0.906
1 106 1 144 1.112
1 107 1 111 0.608
1 107 1 112 0.855
1 107 1 113 0.979
1 107 1 114 1.055
1 107 1 134 1.063
1 107 1 135 1.080
1 107 1 137 1.184
1 107 1 138 0.832
1 107 1 139 0.602
1 107 1 140 0.670
1 107 1 141 0.762
1 107 1 142 1.003
1 107 1 143 0.783
1 107 1 144 0.733
1 107 1 145 0.977
1 108 1 112 0.616
1 108 1 113 0.855
1 108 1 114 1.006
1 108 1 116 1.236
1 108 1 138 1.162
1 108 1 139 0.981
1 108 1 143 0.946
1 108 1 144 0.856
1 109 1 113 0.602
1 109 1 114 0.863
1 109 1 115 1.003
1 109 1 116 1.052
1 109 1 128 1.163
1 109 1 144 1.041
1 110 1 114 0.615
1 110 1 115 0.869
1 110 1 116 0.995
1 110 1 117 1.052
1 110 1 126 1.069
1 110 1 127 1.061
1 110 1 128 0.813
1 110 1 129 1.044
1 110 1 130 1.115
1 110 1 134 1.258
1 110 1 135 1.283
1 110 1 138 1.202
1 110 1 139 0.937
1 110 1 140 1.037
1 110 1 141 0.947
1 110 1 144 0.794
1 110 1 145 0.933
1 110 1 149 1.068
1 110 1 151 1.163
1 111 1 115 0.639
1 111 1 116 0.881
1 111 1 117 1.024
1 111 1 118 1.092
1 111 1 128 1.045
1 111 1 143 0.871
1 111 1 144 0.582
1 111 1 145 0.812
1 111 1 149 1.030
1 112 1 116 0.624
1 112 1 117 0.870
1 112 1 118 1.012
1 112 1 119 1.078
1 112 1 144 0.951
1 113 1 117 0.603
1 113 1 118 0.847
1 113 1 119 0.989
1 113 1 120 1.042
1 113 1 123 1.280
1 113 1 125 1.240
1 113 1 126 0.996
1 113 1 127 1.129
1 113 1 128 1.029
1 114 1 118 0.609
1 114 1 119 0.855
1 114 1 120 1.006
1 114 1 121 1.058
1 114 1 123 1.001
1 114 1 124 0.867
1 114 1 125 0.896
1 114 1 126 0.710
1 114 1 127 0.923
1 114 1 128 0.915
1 114 1 141 1.234
1 114 1 144 0.904
1 114 1 145 0.930
1 114 1 146 1.023
1 114 1 148 0.991
1 114 1 149 0.849
1 114 1 150 1.126
1 114 1 151 1.246
1 115 1 119 0.622
1 115 1 120 0.866
1 115 1 121 1.025
1 115 1 122 1.036
1 115 1 123 1.008
1 115 1 124 0.906
1 115 1 126 1.008
1 115 1 146 1.134
1 115 1 149 1.109
1 116 1 120 0.598
1 116 1 121 0.837
1 116 1 122 0.965
1 116 1 123 1.030
1 116 1 126 1.125
1 117 1 121 0.571
1 117 1 122 0.775
1 117 1 123 0.768
1 117 1 124 0.862
1 117 1 125 0.962
1 117 1 126 0.848
1 117 1 127 1.126
1 118 1 122 0.532
1 118 1 123 0.488
1 118 1 124 0.543
1 118 1 125 0.768
1 118 1 126 0.810
1 118 1 127 1.167
1 118 1 144 1.379
1 118 1 145 1.334
1 118 1 146 1.258
1 118 1 147 1.340
1 118 1 148 1.020
1 118 1 149 1.088
1 118 1 150 1.375
1 118 1 169 1.786
1 119 1 123 0.718
1 119 1 124 0.846
1 121 1 125 1.043
1 121 1 126 1.089
1 121 1 204 1.106
1 122 1 204 1.057
1 123 1 127 1.195
1 123 1 148 0.957
1 123 1 204 0.743
1 124 1 146 0.995
1 124 1 147 0.933
1 124 1 148 0.596
1 124 1 149 0.822
1 124 1 150 1.095
1 124 1 203 1.050
1 124 1 204 0.823
1 125 1 146 0.961
1 125 1 147 0.852
1 125 1 148 0.466
1 125 1 149 0.598
1 125 1 150 0.772
1 125 1 169 1.207
1 125 1 197 1.342
1 125 1 198 1.382
1 125 1 199 1.267
1 125 1 200 1.105
1 125 1 201 0.863
1 125 1 202 0.754
1 125 1 203 0.762
1 125 1 204 0.660
1 126 1 144 1.202
1 126 1 145 0.973
1 126 1 146 1.003
1 126 1 147 0.999
1 126 1 148 0.650
1 126 1 149 0.522
1 126 1 150 0.631
1 126 1 151 0.876
1 126 1 152 1.036
1 126 1 169 1.136
1 126 1 201 1.016
1 126 1 202 0.793
1 126 1 203 0.892
1 126 1 204 0.882
1 127 1 135 1.399
1 127 1 144 1.252
1 127 1 148 0.863
1 127 1 149 0.596
1 127 1 150 0.477
1 127 1 151 0.586
1 127 1 152 0.664
1 127 1 171 0.877
1 127 1 172 0.865
1 127 1 199 1.220
1 127 1 201 1.027
1 127 1 202 0.750
1 127 1 203 0.969
1 127 1 204 1.095
1 128 1 135 1.066
1 128 1 139 1.073
1 128 1 141 0.964
1 128 1 144 1.104
1 128 1 145 0.920
1 128 1 148 1.084
1 128 1 149 0.727
1 128 1 150 0.627
1 128 1 151 0.500
1 128 1 152 0.565
1 128 1 153 0.841
1 128 1 154 1.078
1 128 1 169 1.008
1 128 1 170 0.951
1 128 1 171 0.991
1 128 1 172 0.935
1 129 1 134 0.965
1 129 1 135 0.950
1 129 1 138 1.303
1 129 1 139 1.094
1 129 1 144 1.406
1 129 1 150 0.878
1 129 1 151 0.626
1 129 1 152 0.446
1 129 1 153 0.597
1 129 1 154 0.736
1 129 1 155 1.108
1 129 1 156 1.381
1 129 1 172 0.854
1 129 1 173 0.925
1 129 1 174 0.916
1 129 1 175 1.274
1 129 1 176 1.437
1 129 1 189 1.233
1 129 1 190 1.312
1 129 1 191 1.131
1 130 1 134 0.609
1 130 1 135 0.676
1 130 1 136 1.017
1 130 1 138 1.009
1 130 1 139 0.888
1 130 1 144 1.474
1 130 1 150 1.148
1 130 1 151 0.815
1 130 1 152 0.644
1 130 1 153 0.553
1 130 1 154 0.606
1 130 1 155 0.934
1 130 1 165 1.239
1 130 1 170 1.116
1 130 1 172 1.056
1 130 1 174 0.962
1 131 1 135 0.656
1 131 1 136 0.881
1 131 1 137 1.042
1 131 1 138 1.030
1 131 1 139 1.023
1 131 1 152 0.839
1 131 1 153 0.562
1 131 1 154 0.439
1 131 1 155 0.651
1 131 1 156 0.958
1 131 1 165 1.097
1 131 1 174 0.893
1 132 1 136 0.599
1 132 1 137 0.853
1 132 1 138 0.976
1 132 1 139 1.001
1 132 1 152 0.976
1 132 1 153 0.628
1 132 1 154 0.593
1 132 1 155 0.598
1 132 1 156 0.952
1 132 1 163 0.913
1 132 1 164 0.994
1 132 1 165 0.801
1 132 1 166 1.072
1 133 1 137 0.585
1 133 1 138 0.734
1 133 1 139 0.900
1 133 1 153 0.973
1 133 1 154 0.921
1 133 1 155 0.934
1 133 1 165 1.077
1 134 1 138 0.485
1 134 1 139 0.579
1 134 1 140 0.923
1 134 1 141 1.077
1 134 1 153 0.921
1 134 1 154 0.959
1 134 1 165 1.193
1 135 1 139 0.515
1 135 1 140 0.730
1 135 1 141 0.823
1 135 1 142 1.125
1 135 1 144 1.329
1 135 1 145 1.266
1 135 1 149 1.458
1 135 1 150 1.313
1 135 1 151 0.952
1 135 1 152 0.971
1 135 1 153 0.770
1 135 1 154 0.940
1 135 1 155 1.062
1 135 1 165 0.884
1 135 1 166 0.986
1 135 1 167 0.969
1 135 1 169 1.209
1 135 1 170 1.063
1 135 1 172 1.316
1 136 1 140 0.866
1 136 1 141 1.056
1 136 1 153 1.044
1 136 1 165 0.858
1 137 1 165 1.241
1 138 1 143 1.227
1 138 1 144 1.342
1 139 1 143 0.914
1 139 1 144 0.987
1 139 1 151 1.097
1 139 1 152 1.231
1 139 1 165 1.337
1 139 1 167 1.188
1 140 1 144 0.773
1 140 1 145 0.878
1 140 1 151 1.129
1 140 1 165 1.364
1 140 1 167 1.045
1 141 1 145 0.519
1 141 1 146 0.876
1 141 1 149 0.929
1 141 1 151 0.834
1 141 1 165 1.312
1 141 1 166 1.143
1 141 1 167 0.846
1 141 1 168 0.978
1 141 1 169 0.841
1 141 1 170 0.991
1 142 1 146 0.822
1 142 1 151 1.115
1 142 1 165 1.466
1 142 1 166 1.223
1 142 1 167 0.893
1 142 1 168 0.939
1 142 1 169 0.920
1 143 1 167 1.259
1 144 1 148 1.062
1 144 1 149 0.857
1 144 1 150 1.116
1 144 1 151 1.125
1 144 1 152 1.459
1 144 1 167 1.299
1 144 1 169 1.105
1 145 1 149 0.528
1 145 1 150 0.764
1 145 1 151 0.827
1 145 1 167 1.042
1 145 1 168 0.980
1 145 1 169 0.744
1 145 1 170 1.024
1 146 1 150 0.853
1 146 1 151 1.052
1 146 1 167 1.223
1 146 1 168 1.037
1 146 1 169 0.831
1 146 1 197 1.471
1 147 1 169 0.767
1 147 1 197 1.191
1 147 1 201 1.023
1 148 1 169 0.897
1 148 1 197 1.206
1 148 1 200 1.216
1 148 1 201 0.875
1 148 1 203 1.060
1 148 1 204 1.039
1 149 1 167 1.179
1 149 1 168 1.054
1 149 1 169 0.698
1 149 1 170 0.913
1 149 1 171 0.932
1 149 1 197 1.192
1 149 1 201 0.981
1 149 1 202 0.923
1 150 1 167 1.004
1 150 1 168 0.921
1 150 1 169 0.538
1 150 1 170 0.606
1 150 1 171 0.566
1 150 1 172 0.756
1 150 1 173 1.088
1 150 1 193 1.059
1 150 1 194 1.040
1 150 1 197 0.917
1 150 1 198 1.123
1 150 1 200 1.169
1 150 1 201 0.826
1 150 1 202 0.726
1 150 1 203 1.048
1 151 1 165 1.127
1 151 1 166 1.018
1 151 1 167 0.826
1 151 1 168 0.898
1 151 1 169 0.563
1 151 1 170 0.453
1 151 1 171 0.574
1 151 1 172 0.641
1 151 1 173 0.868
1 151 1 174 1.097
1 151 1 192 1.219
1 151 1 194 0.990
1 151 1 197 1.074
1 151 1 202 1.000
1 152 1 163 0.994
1 152 1 165 1.096
1 152 1 169 0.882
1 152 1 170 0.618
1 152 1 171 0.622
1 152 1 172 0.441
1 152 1 173 0.572
1 152 1 174 0.730
1 152 1 175 1.057
1 152 1 189 1.241
1 152 1 190 1.186
1 152 1 191 0.906
1 152 1 192 0.959
1 152 1 194 0.919
1 152 1 202 1.037
1 153 1 157 1.139
1 153 1 162 1.035
1 153 1 163 0.739
1 153 1 164 1.010
1 153 1 165 0.839
1 153 1 166 0.969
1 153 1 167 1.018
1 153 1 169 1.061
1 153 1 170 0.736
1 153 1 171 0.844
1 153 1 172 0.627
1 153 1 173 0.502
1 153 1 174 0.607
1 153 1 175 0.856
1 153 1 176 1.128
1 153 1 190 1.151
1 153 1 191 0.931
1 153 1 192 1.013
1 153 1 194 0.991
1 154 1 163 0.813
1 154 1 165 1.024
1 154 1 170 1.103
1 154 1 172 0.860
1 154 1 173 0.605
1 154 1 174 0.461
1 154 1 175 0.666
1 154 1 176 0.840
1 154 1 189 0.933
1 154 1 190 0.965
1 154 1 191 0.869
1 155 1 159 0.944
1 155 1 160 1.017
1 155 1 162 0.945
1 155 1 163 0.636
1 155 1 164 0.873
1 155 1 165 0.905
1 155 1 166 1.216
1 155 1 172 1.055
1 155 1 173 0.712
1 155 1 174 0.599
1 155 1 175 0.555
1 155 1 176 0.746
1 155 1 177 0.981
1 155 1 190 1.048
1 155 1 191 0.993
1 156 1 162 1.033
1 156 1 163 0.835
1 156 1 173 0.885
1 156 1 174 0.666
1 156 1 175 0.444
1 156 1 176 0.466
1 156 1 177 0.717
1 156 1 178 0.986
1 156 1 188 1.197
1 156 1 189 0.944
1 156 1 190 0.911
1 156 1 191 0.978
1 157 1 161 1.017
1 157 1 162 0.839
1 157 1 163 0.727
1 157 1 164 0.890
1 157 1 165 1.137
1 157 1 173 0.985
1 157 1 174 0.890
1 157 1 175 0.561
1 157 1 176 0.684
1 157 1 177 1.005
1 158 1 162 0.883
1 158 1 173 1.023
1 158 1 174 0.900
1 158 1 175 0.519
1 158 1 176 0.561
1 158 1 177 0.904
1 158 1 190 0.935
1 159 1 163 0.730
1 159 1 164 0.947
1 159 1 173 0.908
1 159 1 174 0.936
1 159 1 175 0.602
1 159 1 176 0.826
1 159 1 192 0.894
1 159 1 193 1.135
1 159 1 194 1.083
1 160 1 173 0.700
1 160 1 174 0.780
1 160 1 175 0.565
1 160 1 176 0.837
1 160 1 190 0.854
1 160 1 191 0.696
1 160 1 192 0.527
1 160 1 193 0.779
1 160 1 194 0.811
1 160 1 195 1.053
1 161 1 165 1.076
1 161 1 170 0.996
1 161 1 171 0.852
1 161 1 172 0.716
1 161 1 173 0.568
1 161 1 174 0.830
1 161 1 175 0.751
1 161 1 190 1.066
1 161 1 191 0.785
1 161 1 192 0.502
1 161 1 193 0.549
1 161 1 194 0.445
1 161 1 195 0.694
1 161 1 196 0.991
1 162 1 170 1.056
1 162 1 172 0.951
1 162 1 173 0.724
1 162 1 175 0.805
1 162 1 192 0.859
1 162 1 193 0.910
1 162 1 194 0.684
1 162 1 195 0.858
1 163 1 167 1.057
1 163 1 170 0.928
1 163 1 171 1.022
1 163 1 172 0.885
1 163 1 173 0.606
1 163 1 174 0.816
1 163 1 175 0.720
1 163 1 192 0.963
1 163 1 193 1.033
1 163 1 194 0.816
1 163 1 195 1.069
1 164 1 170 1.089
1 164 1 173 0.980
1 164 1 194 1.066
1 165 1 169 1.133
1 165 1 170 0.865
1 165 1 171 1.138
1 165 1 172 1.135
1 165 1 173 0.976
1 165 1 194 1.084
1 166 1 170 0.674
1 166 1 194 1.000
1 166 1 195 1.091
1 166 1 196 1.183
1 167 1 171 0.894
1 167 1 194 1.061
1 167 1 195 1.136
1 167 1 196 1.145
1 167 1 197 1.192
1 168 1 194 1.040
1 168 1 195 1.017
1 168 1 196 0.927
1 168 1 197 0.983
1 169 1 194 0.963
1 169 1 196 0.974
1 169 1 197 0.873
1 169 1 201 1.063
1 169 1 202 1.124
1 170 1 174 1.135
1 170 1 192 1.115
1 170 1 193 0.897
1 170 1 194 0.678
1 170 1 195 0.867
1 170 1 196 0.917
1 170 1 197 0.816
1 170 1 202 1.099
1 171 1 191 1.038
1 171 1 192 0.851
1 171 1 193 0.570
1 171 1 194 0.474
1 171 1 195 0.705
1 171 1 196 0.770
1 171 1 197 0.542
1 171 1 198 0.792
1 171 1 199 0.883
1 171 1 201 0.810
1 171 1 202 0.779
1 172 1 190 1.034
1 172 1 191 0.675
1 172 1 192 0.579
1 172 1 193 0.472
1 172 1 194 0.537
1 172 1 195 0.895
1 172 1 197 0.829
1 172 1 198 0.961
1 172 1 199 0.931
1 172 1 201 1.029
1 172 1 202 0.864
1 173 1 189 1.032
1 173 1 190 0.839
1 173 1 191 0.540
1 173 1 192 0.526
1 173 1 193 0.635
1 173 1 194 0.643
1 173 1 195 1.022
1 173 1 202 1.228
1 174 1 188 1.041
1 174 1 189 0.673
1 174 1 190 0.556
1 174 1 191 0.416
1 174 1 192 0.648
1 174 1 193 0.902
1 174 1 194 1.002
1 175 1 180 1.273
1 175 1 181 1.316
1 175 1 188 1.091
1 175 1 189 0.796
1 175 1 190 0.604
1 175 1 191 0.576
1 175 1 192 0.716
1 175 1 193 1.025
1 176 1 180 0.982
1 176 1 181 1.079
1 176 1 187 0.923
1 176 1 188 0.798
1 176 1 189 0.596
1 176 1 190 0.515
1 176 1 191 0.720
1 176 1 192 0.968
1 177 1 186 0.963
1 177 1 187 0.582
1 177 1 188 0.517
1 177 1 189 0.447
1 177 1 190 0.601
1 177 1 191 0.915
1 178 1 182 1.102
1 178 1 184 1.027
1 178 1 185 1.038
1 178 1 186 0.736
1 178 1 187 0.424
1 178 1 188 0.550
1 178 1 189 0.694
1 178 1 190 0.763
1 179 1 183 0.989
1 179 1 184 0.751
1 179 1 185 0.722
1 179 1 186 0.469
1 179 1 187 0.385
1 179 1 188 0.617
1 179 1 189 0.912
1 179 1 190 0.977
1 180 1 184 0.833
1 180 1 186 0.805
1 180 1 187 0.729
1 180 1 188 0.812
1 180 1 189 1.024
1 180 1 190 0.938
1 181 1 185 0.851
1 181 1 186 0.851
1 181 1 187 0.804
1 181 1 188 0.735
1 181 1 189 0.943
1 181 1 190 0.836
1 181 1 191 1.134
1 182 1 186 0.966
1 182 1 188 1.039
1 182 1 190 1.201
1 184 1 188 0.751
1 184 1 189 1.080
1 184 1 190 1.161
1 186 1 190 1.230
1 191 1 202 1.240
1 192 1 197 1.026
1 192 1 202 1.127
1 193 1 197 0.646
1 193 1 198 0.644
1 193 1 199 0.653
1 193 1 200 1.002
1 193 1 201 0.942
1 193 1 202 0.872
1 194 1 198 0.760
1 194 1 199 0.924
1 194 1 201 1.057
1 194 1 202 1.076
1 196 1 201 0.963
1 197 1 201 0.605
1 197 1 202 0.809
1 198 1 202 0.729
1 198 1 203 0.954
1 199 1 203 0.686
1 199 1 204 1.059
1 200 1 204 0.826
